/*--------------------------------*- C++ -*----------------------------------*\
| =========                 |                                                 |
| \\      /  F ield         | OpenFOAM: The Open Source CFD Toolbox           |
|  \\    /   O peration     | Version:  2312                                  |
|   \\  /    A nd           | Website:  www.openfoam.com                      |
|    \\/     M anipulation  |                                                 |
\*---------------------------------------------------------------------------*/
FoamFile
{
    version     2.0;
    format      ascii;
    arch        "LSB;label=32;scalar=64";
    class       surfaceScalarField;
    location    "5111";
    object      phi;
}
// * * * * * * * * * * * * * * * * * * * * * * * * * * * * * * * * * * * * * //

dimensions      [0 3 -1 0 0 0 0];

oriented        oriented;

internalField   nonuniform List<scalar> 
3120
(
0.00015625
-9.50084e-15
0.00015625
-8.06427e-15
0.00015625
-4.74372e-15
0.00015625
-9.68968e-15
0.00015625
-1.43484e-13
0.00015625
2.31221e-13
0.00015625
3.47821e-13
0.00015625
-7.32464e-13
0.00015625
-1.57411e-15
0.00015625
7.12391e-13
0.00015625
-7.12271e-13
0.00015625
-1.17469e-15
0.00015625
7.47035e-13
0.00015625
-7.17444e-16
0.00015625
-7.4843e-13
0.00015625
-3.78841e-16
0.00015625
7.10154e-13
0.00015625
-7.1592e-13
0.00015625
-2.34425e-16
0.00015625
7.15415e-13
0.00015625
-7.10642e-13
0.00015625
-6.17656e-17
0.00015625
7.47982e-13
0.00015625
2.36952e-16
0.00015625
-7.47363e-13
0.00015625
1.0549e-15
0.00015625
7.12567e-13
0.00015625
-7.10995e-13
0.00015625
6.47499e-16
0.00015625
7.49227e-13
0.00015625
1.90218e-15
0.00015625
-7.4526e-13
0.00015625
3.61892e-15
0.00015625
7.15352e-13
0.00015625
-7.08878e-13
0.00015625
9.5891e-15
0.00015625
7.29036e-13
0.00015625
-6.94897e-13
0.00015625
7.98329e-15
7.33214e-13
0.000453125
-2.2245e-14
0.000453125
-1.94599e-14
0.000453125
-2.35464e-14
0.000453125
-3.09427e-13
0.000453125
5.15331e-13
0.000453125
3.51341e-13
0.000453125
-1.20154e-12
0.000453125
1.02466e-12
0.000453125
-2.63851e-14
0.000453125
-1.79467e-12
0.000453125
1.79065e-12
0.000453125
4.17366e-14
0.000453125
-2.89463e-13
0.000453125
-2.96642e-15
0.000453125
2.83395e-13
0.000453125
-4.84062e-14
0.000453125
-1.79894e-12
0.000453125
1.78681e-12
0.000453125
-8.40907e-16
0.000453125
-1.78847e-12
0.000453125
1.79733e-12
0.000453125
4.69052e-14
0.000453125
-2.84825e-13
0.000453125
1.72738e-15
0.000453125
2.8873e-13
0.000453125
-4.16309e-14
0.000453125
-1.78913e-12
0.000453125
1.79516e-12
0.000453125
4.7975e-14
0.000453125
-2.81818e-13
0.000453125
6.17113e-15
0.000453125
2.94406e-13
0.000453125
-3.49024e-14
0.000453125
-1.78193e-12
0.000453125
1.80896e-12
0.000453125
2.91834e-14
0.000453125
-1.74612e-12
0.000453125
1.85959e-12
0.000453125
1.48003e-13
-1.19525e-13
0.000734375
-3.26697e-14
0.000734375
-3.96281e-14
0.000734375
-4.81298e-13
0.000734375
7.39902e-13
0.000734375
5.94712e-13
0.000734375
-1.7644e-12
0.000734375
8.10816e-13
0.000734375
6.75511e-13
0.000734375
-1.15611e-12
0.000734375
1.36018e-13
0.000734375
-1.29474e-13
0.000734375
2.27524e-12
0.000734375
-2.44825e-12
0.000734375
-6.58273e-15
0.000734375
2.43468e-12
0.000734375
-2.29013e-12
0.000734375
1.15452e-13
0.000734375
-1.67511e-13
0.000734375
-1.68844e-15
0.000734375
1.64233e-13
0.000734375
-1.1857e-13
0.000734375
2.2871e-12
0.000734375
-2.43734e-12
0.000734375
4.59238e-15
0.000734375
2.44723e-12
0.000734375
-2.27462e-12
0.000734375
1.29374e-13
0.000734375
-1.16618e-13
0.000734375
2.28778e-12
0.000734375
-2.43294e-12
0.000734375
1.15855e-14
0.000734375
2.45615e-12
0.000734375
-2.26465e-12
0.000734375
1.45824e-13
0.000734375
-1.31349e-13
0.000734375
4.06741e-14
0.000734375
2.11454e-13
0.000734375
-7.30383e-14
0.000734375
2.309e-12
-2.48605e-12
0.001
-4.96209e-14
0.001
-6.46608e-13
0.001
9.40906e-13
0.001
8.0863e-13
0.001
-2.28143e-12
0.001
9.99264e-13
0.001
8.64641e-13
0.001
-2.20446e-12
0.001
1.05569e-12
0.001
1.60463e-12
0.001
-1.11259e-13
0.001
-3.35243e-12
0.001
3.19874e-12
0.001
-1.12491e-14
0.001
-3.22186e-12
0.001
3.33071e-12
0.001
7.44226e-14
0.001
-3.13573e-12
0.001
-2.63307e-15
0.001
3.13052e-12
0.001
-7.9489e-14
0.001
-3.33538e-12
0.001
3.21787e-12
0.001
8.38608e-15
0.001
-3.19996e-12
0.001
3.35045e-12
0.001
1.27217e-13
0.001
-1.06381e-13
0.001
-3.32892e-12
0.001
3.2231e-12
0.001
1.7333e-14
0.001
-3.18862e-12
0.001
3.36927e-12
0.001
1.18996e-13
0.001
-3.08479e-12
0.001
5.40013e-14
0.001
3.18959e-12
0.001
-2.69322e-14
0.001
-3.31233e-12
3.16658e-12
0.00125
-7.93095e-13
0.00125
1.12677e-12
0.00125
1.00533e-12
0.00125
-2.77373e-12
0.00125
1.1866e-12
0.00125
1.05388e-12
0.00125
-2.71362e-12
0.00125
1.24787e-12
0.00125
1.13747e-12
0.00125
1.01629e-12
0.00125
-1.95887e-12
0.00125
5.49917e-14
0.00125
-2.07364e-13
0.00125
-1.6595e-14
0.00125
1.76605e-13
0.00125
-9.871e-14
0.00125
7.4026e-14
0.00125
2.31767e-13
0.00125
-3.6926e-15
0.00125
-2.39206e-13
0.00125
-8.12267e-14
0.00125
9.22597e-14
0.00125
-1.8198e-13
0.00125
1.27161e-14
0.00125
2.02866e-13
0.00125
-4.31033e-14
0.00125
3.80144e-12
0.00125
-3.77193e-12
0.00125
7.37553e-14
0.00125
-1.70247e-13
0.00125
2.28568e-14
0.00125
2.21853e-13
0.00125
-4.71253e-14
0.00125
1.32556e-13
0.00125
2.97651e-13
0.00125
6.95695e-14
0.00125
-1.59008e-13
0.00125
6.19521e-15
0.00125
1.967e-13
-3.75384e-14
0.00148437
2.16141e-12
0.00148437
1.19379e-12
0.00148437
-3.23608e-12
0.00148437
1.36008e-12
0.00148437
1.23581e-12
0.00148437
-3.18193e-12
0.00148437
1.41323e-12
0.00148437
1.31552e-12
0.00148437
1.21455e-12
0.00148437
-3.21814e-12
0.00148437
1.36658e-12
0.00148437
2.17689e-12
0.00148437
-4.50244e-12
0.00148437
-1.92981e-14
0.00148437
4.45032e-12
0.00148437
-4.39502e-12
0.00148437
6.03146e-14
0.00148437
4.54086e-12
0.00148437
-5.01223e-15
0.00148437
-4.55068e-12
0.00148437
-6.9624e-14
0.00148437
4.38659e-12
0.00148437
-4.45731e-12
0.00148437
1.16701e-14
0.00148437
4.50973e-12
0.00148437
-1.20134e-14
0.00148437
-4.57285e-12
0.00148437
4.61121e-12
0.00148437
5.15816e-14
0.00148437
-4.46787e-12
0.00148437
3.35732e-14
0.00148437
4.50686e-12
0.00148437
-4.33168e-12
0.00148437
1.30557e-13
0.00148437
4.61757e-12
0.00148437
7.65667e-14
0.00148437
-4.46807e-12
0.00148437
5.90133e-15
0.00148437
4.43677e-12
-4.46235e-12
0.00170312
-2.0441e-13
0.00170312
-2.67679e-12
0.00170312
1.52377e-12
0.00170312
1.4041e-12
0.00170312
-3.616e-12
0.00170312
1.56873e-12
0.00170312
1.47825e-12
0.00170312
1.38824e-12
0.00170312
-3.64471e-12
0.00170312
1.53823e-12
0.00170312
1.42172e-12
0.00170312
-3.60823e-12
0.00170312
2.63494e-12
0.00170312
-3.41316e-14
0.00170312
-5.16321e-12
0.00170312
5.1988e-12
0.00170312
7.40482e-14
0.00170312
-1.45494e-13
0.00170312
-6.39248e-15
0.00170312
1.33063e-13
0.00170312
-8.56589e-14
0.00170312
-5.20929e-12
0.00170312
5.15198e-12
0.00170312
3.65952e-14
0.00170312
-1.70056e-13
0.00170312
-1.74836e-14
0.00170312
1.41257e-13
0.00170312
-9.44348e-14
0.00170312
6.53869e-14
0.00170312
2.20477e-13
0.00170312
1.73397e-14
0.00170312
-5.09374e-12
0.00170312
5.27267e-12
0.00170312
1.54714e-13
0.00170312
-5.88153e-14
0.00170312
8.44594e-14
0.00170312
2.24358e-13
0.00170312
-1.18322e-15
0.00170312
-5.14836e-12
5.16047e-12
0.00190625
-5.67243e-12
0.00190625
-5.32179e-14
0.00190625
2.66296e-12
0.00190625
-4.01554e-12
0.00190625
1.71179e-12
0.00190625
1.62922e-12
0.00190625
1.54697e-12
0.00190625
-4.04185e-12
0.00190625
1.68958e-12
0.00190625
1.58176e-12
0.00190625
-3.99997e-12
0.00190625
1.73491e-12
0.00190625
1.62492e-12
0.00190625
-2.78965e-12
0.00190625
1.08904e-13
0.00190625
-7.88312e-14
0.00190625
5.56021e-12
0.00190625
-5.62092e-12
0.00190625
-7.74217e-15
0.00190625
5.60569e-12
0.00190625
-5.57451e-12
0.00190625
6.39104e-14
0.00190625
-1.11579e-13
0.00190625
5.53221e-12
0.00190625
-5.63896e-12
0.00190625
-1.48346e-14
0.00190625
5.60929e-12
0.00190625
-5.55493e-12
0.00190625
7.04627e-14
0.00190625
5.69684e-12
0.00190625
-5.47091e-12
0.00190625
1.77256e-13
0.00190625
6.63231e-15
0.00190625
5.65004e-12
0.00190625
-5.52497e-12
0.00190625
9.36238e-14
0.00190625
5.71223e-12
0.00190625
-5.46079e-12
0.00190625
2.01495e-13
4.89703e-14
0.00209375
6.14802e-12
0.00209375
-6.65706e-14
0.00209375
-6.25864e-12
0.00209375
3.05133e-12
0.00209375
1.77169e-12
0.00209375
1.69293e-12
0.00209375
-4.40844e-12
0.00209375
1.82641e-12
0.00209375
1.72905e-12
0.00209375
-4.36623e-12
0.00209375
1.86983e-12
0.00209375
1.77436e-12
0.00209375
-4.31697e-12
0.00209375
1.91254e-12
0.00209375
3.09773e-12
0.00209375
-6.65869e-14
0.00209375
-6.26598e-12
0.00209375
6.19305e-12
0.00209375
-9.22216e-15
0.00209375
-6.21118e-12
0.00209375
6.24687e-12
0.00209375
5.84936e-14
0.00209375
-9.95565e-14
0.00209375
-6.28406e-12
0.00209375
6.18097e-12
0.00209375
-1.21178e-14
0.00209375
-6.20493e-12
0.00209375
6.26585e-12
0.00209375
7.4223e-14
0.00209375
-6.1167e-12
0.00209375
6.35149e-12
0.00209375
1.71032e-13
0.00209375
1.72289e-14
0.00209375
-6.16704e-12
0.00209375
6.29471e-12
0.00209375
9.54153e-14
0.00209375
-6.10628e-12
0.00209375
6.3519e-12
0.00209375
1.34722e-13
-6.05415e-12
0.00226562
-1.77418e-13
0.00226562
-6.47176e-14
0.00226562
4.67165e-14
0.00226562
-1.10235e-13
0.00226562
3.13086e-12
0.00226562
-4.7398e-12
0.00226562
1.94992e-12
0.00226562
1.86308e-12
0.00226562
-4.70158e-12
0.00226562
1.99297e-12
0.00226562
1.90684e-12
0.00226562
-4.65593e-12
0.00226562
2.03716e-12
0.00226562
1.96923e-12
0.00226562
1.89571e-12
0.00226562
-3.32597e-12
0.00226562
4.5589e-14
0.00226562
-1.30195e-13
0.00226562
-1.08377e-14
0.00226562
1.072e-13
0.00226562
-5.92108e-14
0.00226562
6.55714e-12
0.00226562
-6.594e-12
0.00226562
2.56146e-14
0.00226562
-1.35162e-13
0.00226562
-9.8273e-15
0.00226562
1.19979e-13
0.00226562
-5.36376e-14
0.00226562
7.71126e-14
0.00226562
2.04631e-13
0.00226562
4.68354e-14
0.00226562
6.66981e-12
0.00226562
-6.47753e-12
0.00226562
1.42551e-13
0.00226562
-2.10611e-14
0.00226562
9.80292e-14
0.00226562
2.17922e-13
0.00226562
3.1077e-14
0.00226562
1.46225e-13
2.53505e-13
0.00242187
-7.07733e-12
0.00242187
-7.09602e-14
0.00242187
6.96367e-12
0.00242187
-9.97511e-14
0.00242187
-7.17549e-12
0.00242187
3.45111e-12
0.00242187
1.98748e-12
0.00242187
-5.00573e-12
0.00242187
2.10355e-12
0.00242187
2.02677e-12
0.00242187
-4.96177e-12
0.00242187
2.14552e-12
0.00242187
2.08373e-12
0.00242187
2.02279e-12
0.00242187
-4.97446e-12
0.00242187
2.12641e-12
0.00242187
3.47943e-12
0.00242187
-7.04116e-12
0.00242187
-1.40584e-14
0.00242187
7.02218e-12
0.00242187
-3.71627e-14
0.00242187
-7.12071e-12
0.00242187
7.08635e-12
0.00242187
5.52603e-15
0.00242187
-7.04899e-12
0.00242187
-4.60729e-15
0.00242187
7.02422e-12
0.00242187
-6.95381e-12
0.00242187
7.60747e-14
0.00242187
7.12236e-12
0.00242187
7.04951e-14
0.00242187
-7.00714e-12
0.00242187
7.2035e-12
0.00242187
1.23662e-13
0.00242187
-6.93262e-12
0.00242187
1.07228e-13
0.00242187
7.12868e-12
0.00242187
-6.86018e-12
0.00242187
1.53617e-13
7.17675e-12
0.0025625
7.38018e-12
0.0025625
-6.03329e-14
0.0025625
-1.91473e-13
0.0025625
-1.01362e-13
0.0025625
-8.07722e-15
0.0025625
-1.46906e-13
0.0025625
-3.81086e-12
0.0025625
2.2043e-12
0.0025625
2.13417e-12
0.0025625
-5.23554e-12
0.0025625
2.24175e-12
0.0025625
2.18722e-12
0.0025625
2.13356e-12
0.0025625
-5.24575e-12
0.0025625
2.22977e-12
0.0025625
2.16037e-12
0.0025625
-5.21686e-12
0.0025625
3.76333e-12
0.0025625
-9.50446e-15
0.0025625
-1.33206e-13
0.0025625
-4.24431e-14
0.0025625
5.54205e-14
0.0025625
-8.86573e-14
0.0025625
1.1371e-14
0.0025625
1.07964e-13
0.0025625
-1.47883e-14
0.0025625
-7.44047e-12
0.0025625
7.51377e-12
0.0025625
8.91104e-14
0.0025625
-3.19691e-14
0.0025625
6.69877e-14
0.0025625
1.70246e-13
0.0025625
2.98475e-14
0.0025625
1.31522e-13
0.0025625
2.27895e-13
0.0025625
1.03536e-13
0.0025625
-7.3241e-12
0.0025625
7.63046e-12
0.0025625
2.16245e-13
1.24521e-13
0.0026875
-1.58384e-13
0.0026875
7.59953e-12
0.0026875
-7.83232e-12
0.0026875
-9.80038e-14
0.0026875
7.63643e-12
0.0026875
-7.79338e-12
0.0026875
-5.0861e-14
0.0026875
3.76481e-12
0.0026875
-5.47514e-12
0.0026875
2.32573e-12
0.0026875
2.27875e-12
0.0026875
2.23223e-12
0.0026875
-5.48418e-12
0.0026875
2.3168e-12
0.0026875
2.25583e-12
0.0026875
-5.45438e-12
0.0026875
2.34727e-12
0.0026875
2.29415e-12
0.0026875
3.81534e-12
0.0026875
-7.78317e-12
0.0026875
-4.19254e-14
0.0026875
7.69496e-12
0.0026875
-7.72845e-12
0.0026875
1.16953e-14
0.0026875
7.75266e-12
0.0026875
-7.67209e-12
0.0026875
8.46425e-14
0.0026875
-9.54372e-15
0.0026875
7.74787e-12
0.0026875
-7.67533e-12
0.0026875
6.79958e-14
0.0026875
7.81114e-12
0.0026875
-7.6087e-12
0.0026875
1.33383e-13
0.0026875
7.87455e-12
0.0026875
-7.55174e-12
0.0026875
2.01609e-13
0.0026875
1.01279e-13
0.0026875
7.84569e-12
-7.60403e-12
0.00279687
-1.49325e-13
0.00279687
-8.19472e-12
0.00279687
7.9663e-12
0.00279687
-9.42873e-14
0.00279687
-8.15528e-12
0.00279687
8.00573e-12
0.00279687
-5.66306e-14
0.00279687
-8.11032e-12
0.00279687
3.99253e-12
0.00279687
2.36e-12
0.00279687
2.31881e-12
0.00279687
-5.69039e-12
0.00279687
2.39157e-12
0.00279687
2.33965e-12
0.00279687
-5.66388e-12
0.00279687
2.41867e-12
0.00279687
2.3767e-12
0.00279687
2.33674e-12
0.00279687
-5.6769e-12
0.00279687
4.02898e-12
0.00279687
-4.65607e-14
0.00279687
-8.09965e-12
0.00279687
8.0658e-12
0.00279687
1.13441e-14
0.00279687
-8.04221e-12
0.00279687
8.12483e-12
0.00279687
7.63635e-14
0.00279687
-7.22424e-16
0.00279687
-8.04863e-12
0.00279687
8.11982e-12
0.00279687
6.84785e-14
0.00279687
-7.98317e-12
0.00279687
8.1867e-12
0.00279687
1.34307e-13
0.00279687
-7.91869e-12
0.00279687
8.24722e-12
0.00279687
1.95433e-13
0.00279687
1.11677e-13
0.00279687
-7.9504e-12
8.18506e-12
0.00289062
-8.35195e-12
0.00289062
-7.21804e-14
0.00289062
-1.53149e-13
0.00289062
-9.07892e-14
0.00289062
-2.73577e-14
0.00289062
-1.16006e-13
0.00289062
-5.26062e-14
0.00289062
7.9333e-15
0.00289062
-6.90157e-14
0.00289062
4.03895e-12
0.00289062
-5.86302e-12
0.00289062
2.45431e-12
0.00289062
2.41142e-12
0.00289062
-5.84155e-12
0.00289062
2.47826e-12
0.00289062
2.44341e-12
0.00289062
2.40983e-12
0.00289062
-5.84931e-12
0.00289062
2.46995e-12
0.00289062
2.42457e-12
0.00289062
-4.15703e-12
0.00289062
2.0978e-14
0.00289062
-5.90895e-14
0.00289062
1.0534e-14
0.00289062
8.03004e-14
0.00289062
5.78814e-15
0.00289062
8.29453e-12
0.00289062
-8.21942e-12
0.00289062
6.9996e-14
0.00289062
-3.32112e-15
0.00289062
6.82794e-14
0.00289062
1.41285e-13
0.00289062
6.20366e-14
0.00289062
1.34494e-13
0.00289062
2.0531e-13
0.00289062
1.30882e-13
0.00289062
8.41901e-12
0.00289062
-8.09529e-12
0.00289062
1.98751e-13
1.34694e-13
0.00296875
8.42785e-12
0.00296875
-7.64872e-14
0.00296875
-8.56611e-12
0.00296875
-8.496e-14
0.00296875
8.39142e-12
0.00296875
-8.52692e-12
0.00296875
-5.05742e-14
0.00296875
8.43048e-12
0.00296875
-6.05041e-14
0.00296875
-8.55887e-12
0.00296875
4.19253e-12
0.00296875
2.47222e-12
0.00296875
-5.98703e-12
0.00296875
2.52573e-12
0.00296875
2.49769e-12
0.00296875
2.47103e-12
0.00296875
-5.99298e-12
0.00296875
2.51803e-12
0.00296875
2.48429e-12
0.00296875
-5.97212e-12
0.00296875
2.54108e-12
0.00296875
4.21923e-12
0.00296875
-8.47699e-12
0.00296875
8.84523e-15
0.00296875
8.49801e-12
0.00296875
1.75423e-14
0.00296875
-8.47623e-12
0.00296875
8.55023e-12
0.00296875
5.6999e-14
0.00296875
-8.42248e-12
0.00296875
6.86631e-14
0.00296875
8.555e-12
0.00296875
-8.35348e-12
0.00296875
1.32523e-13
0.00296875
8.62298e-12
0.00296875
1.42425e-13
0.00296875
-8.3524e-12
0.00296875
8.67094e-12
0.00296875
1.6467e-13
-8.31522e-12
0.00303125
-9.76654e-14
0.00303125
-6.47755e-14
0.00303125
-3.32999e-14
0.00303125
-8.08287e-14
0.00303125
-8.72321e-12
0.00303125
8.59771e-12
0.00303125
-4.45064e-14
0.00303125
-9.19199e-14
0.00303125
-5.95999e-14
0.00303125
-2.6061e-14
0.00303125
-7.82809e-14
0.00303125
-4.37973e-12
0.00303125
2.5619e-12
0.00303125
2.54006e-12
0.00303125
2.52011e-12
0.00303125
-6.10484e-12
0.00303125
2.55417e-12
0.00303125
2.52895e-12
0.00303125
-6.08938e-12
0.00303125
2.57436e-12
0.00303125
2.55448e-12
0.00303125
-6.06072e-12
0.00303125
4.34305e-12
0.00303125
8.54088e-15
0.00303125
-2.83837e-14
0.00303125
1.39063e-14
0.00303125
5.91372e-14
0.00303125
1.34829e-14
0.00303125
5.89641e-14
0.00303125
1.02158e-13
0.00303125
6.54439e-14
0.00303125
-8.56633e-12
0.00303125
8.76494e-12
0.00303125
1.32902e-13
0.00303125
9.5566e-14
0.00303125
1.3809e-13
0.00303125
1.83931e-13
0.00303125
1.4086e-13
0.00303125
2.08258e-13
1.74706e-11
0.00307812
-8.79544e-12
0.00307812
-5.58118e-14
0.00307812
8.68723e-12
0.00307812
-8.79279e-12
0.00307812
-4.18632e-14
0.00307812
-7.20962e-14
0.00307812
8.67899e-12
0.00307812
-8.80056e-12
0.00307812
-5.67608e-14
0.00307812
8.68714e-12
0.00307812
-8.79131e-12
0.00307812
-4.381e-14
0.00307812
4.3153e-12
0.00307812
2.55758e-12
0.00307812
-6.18433e-12
0.00307812
2.57822e-12
0.00307812
2.56122e-12
0.00307812
-6.17446e-12
0.00307812
2.5929e-12
0.00307812
2.58094e-12
0.00307812
-6.14935e-12
0.00307812
2.62383e-12
0.00307812
2.61578e-12
0.00307812
4.36609e-12
0.00307812
-8.74229e-12
0.00307812
1.29482e-14
0.00307812
8.76858e-12
0.00307812
-8.69725e-12
0.00307812
5.83864e-14
0.00307812
8.8137e-12
0.00307812
-8.65462e-12
0.00307812
1.07332e-13
0.00307812
8.76442e-14
0.00307812
8.84884e-12
0.00307812
-8.62112e-12
0.00307812
1.31606e-13
0.00307812
8.88212e-12
0.00307812
-8.59418e-12
0.00307812
1.75744e-11
-3.49037e-11
0.00310937
8.77461e-12
0.00310937
-4.55907e-14
0.00310937
-8.86664e-12
0.00310937
8.77946e-12
0.00310937
-4.3634e-14
0.00310937
-5.76793e-14
0.00310937
-8.88056e-12
0.00310937
8.76618e-12
0.00310937
-5.34216e-14
0.00310937
-8.87302e-12
0.00310937
8.77396e-12
0.00310937
-4.78461e-14
0.00310937
-6.41475e-14
0.00310937
-4.47128e-12
0.00310937
2.59036e-12
0.00310937
2.5818e-12
0.00310937
-6.22745e-12
0.00310937
2.59902e-12
0.00310937
2.59521e-12
0.00310937
-6.20832e-12
0.00310937
2.62441e-12
0.00310937
2.62478e-12
0.00310937
2.62759e-12
0.00310937
-6.178e-12
0.00310937
4.41977e-12
0.00310937
1.27272e-14
0.00310937
-8.79463e-12
0.00310937
8.86505e-12
0.00310937
5.81941e-14
0.00310937
-8.74911e-12
0.00310937
8.90938e-12
0.00310937
9.76591e-14
0.00310937
9.42461e-14
0.00310937
-8.71853e-12
0.00310937
8.93833e-12
0.00310937
1.29319e-13
0.00310937
-8.68529e-12
0.00310937
2.65787e-11
0.00310937
-4.39177e-11
4.42634e-11
0.003125
-3.60717e-14
0.003125
-3.60863e-14
0.003125
-3.4966e-14
0.003125
-3.78871e-14
0.003125
8.79887e-12
0.003125
-8.88673e-12
0.003125
-4.97451e-14
0.003125
-5.20122e-14
0.003125
-4.97288e-14
0.003125
-4.73928e-14
0.003125
-4.9582e-14
0.003125
8.78777e-12
0.003125
-8.89675e-12
0.003125
-6.07065e-14
0.003125
4.35737e-12
0.003125
-6.24845e-12
0.003125
2.59352e-12
0.003125
2.59729e-12
0.003125
-6.23567e-12
0.003125
2.61247e-12
0.003125
2.61926e-12
0.003125
2.62846e-12
0.003125
-6.20383e-12
0.003125
2.64488e-12
0.003125
2.65522e-12
0.003125
-4.40429e-12
0.003125
2.88252e-14
0.003125
4.30447e-14
0.003125
5.88872e-14
0.003125
7.43611e-14
0.003125
8.43297e-14
0.003125
8.93262e-12
0.003125
-8.74253e-12
0.003125
1.04536e-13
0.003125
1.1367e-13
0.003125
1.16001e-13
0.003125
1.78123e-11
0.003125
-4.40696e-11
0.003125
5.31898e-11
-4.40538e-11
0.003125
-8.84642e-12
0.003125
-2.54317e-14
0.003125
8.79053e-12
0.003125
-2.66155e-14
0.003125
-8.84564e-12
0.003125
8.77152e-12
0.003125
-4.72991e-14
0.003125
-8.86395e-12
0.003125
-4.56962e-14
0.003125
8.77253e-12
0.003125
-4.41125e-14
0.003125
-8.86294e-12
0.003125
8.75461e-12
0.003125
-6.31374e-14
0.003125
-8.8792e-12
0.003125
4.34079e-12
0.003125
2.58684e-12
0.003125
-6.23047e-12
0.003125
2.58814e-12
0.003125
2.60084e-12
0.003125
2.61629e-12
0.003125
-6.20019e-12
0.003125
2.6199e-12
0.003125
2.64044e-12
0.003125
-6.16937e-12
0.003125
2.65555e-12
0.003125
4.43993e-12
0.003125
-8.77519e-12
0.003125
6.15014e-14
0.003125
8.8933e-12
0.003125
8.94183e-14
0.003125
-8.7182e-12
0.003125
8.90922e-12
0.003125
1.02267e-13
0.003125
-8.72021e-12
0.003125
1.77802e-11
0.003125
-3.51713e-11
0.003125
4.42188e-11
0.003125
-4.39573e-11
5.30364e-11
0.00310937
8.7264e-12
0.00310937
-2.29927e-14
0.00310937
8.39576e-15
0.00310937
-1.94579e-14
0.00310937
-4.69286e-14
0.00310937
-1.35109e-14
0.00310937
-4.10316e-14
0.00310937
-6.69058e-14
0.00310937
-4.1402e-14
0.00310937
-1.59738e-14
0.00310937
-4.21508e-14
0.00310937
-7.00844e-14
0.00310937
-3.69014e-14
0.00310937
-6.40254e-14
0.00310937
-9.03894e-14
0.00310937
-5.50547e-14
0.00310937
-4.43941e-12
0.00310937
2.55082e-12
0.00310937
2.57059e-12
0.00310937
2.59129e-12
0.00310937
-6.16583e-12
0.00310937
2.58108e-12
0.00310937
2.61047e-12
0.00310937
-6.13885e-12
0.00310937
2.61515e-12
0.00310937
2.65022e-12
0.00310937
-6.09487e-12
0.00310937
4.40732e-12
0.00310937
6.13553e-14
0.00310937
1.06409e-13
0.00310937
9.29421e-14
0.00310937
7.67401e-14
0.00310937
1.22992e-13
0.00310937
8.38175e-14
0.00310937
1.76394e-11
0.00310937
-4.36863e-11
0.00310937
4.38896e-11
0.00310937
-3.48757e-11
0.00310937
4.3928e-11
-4.35437e-11
0.00307812
1.73541e-14
0.00307812
8.65907e-12
0.00307812
-8.65989e-12
0.00307812
-1.21773e-14
0.00307812
8.63581e-12
0.00307812
-8.68248e-12
0.00307812
-3.27666e-14
0.00307812
8.60512e-12
0.00307812
-3.68427e-14
0.00307812
-8.67908e-12
0.00307812
-4.18886e-14
0.00307812
8.60693e-12
0.00307812
-8.71242e-12
0.00307812
-6.52172e-14
0.00307812
8.58271e-12
0.00307812
-8.73406e-12
0.00307812
-8.22139e-14
0.00307812
4.26198e-12
0.00307812
2.5527e-12
0.00307812
-6.09952e-12
0.00307812
2.52869e-12
0.00307812
2.56611e-12
0.00307812
-6.07913e-12
0.00307812
2.55879e-12
0.00307812
2.60432e-12
0.00307812
-6.03417e-12
0.00307812
2.61053e-12
0.00307812
2.64959e-12
0.00307812
4.40698e-12
0.00307812
-8.55841e-12
0.00307812
9.88454e-14
0.00307812
8.76302e-12
0.00307812
-8.57194e-12
0.00307812
1.74701e-11
0.00307812
-3.45175e-11
0.00307812
4.32864e-11
0.00307812
-4.30989e-11
0.00307812
4.33667e-11
0.00307812
-3.44403e-11
4.32885e-11
0.00303125
2.97392e-14
0.00303125
-8.45752e-12
0.00303125
8.46824e-12
0.00303125
-4.48858e-15
0.00303125
-8.47747e-12
0.00303125
8.44758e-12
0.00303125
-3.72797e-14
0.00303125
2.39889e-14
0.00303125
-3.21268e-14
0.00303125
-8.86908e-14
0.00303125
-2.85242e-14
0.00303125
-8.51496e-12
0.00303125
8.40827e-12
0.00303125
-6.6566e-14
0.00303125
-8.54058e-12
0.00303125
8.38491e-12
0.00303125
-9.70855e-14
0.00303125
-3.27446e-14
0.00303125
-4.29646e-12
0.00303125
2.46179e-12
0.00303125
2.50868e-12
0.00303125
-5.98996e-12
0.00303125
2.48662e-12
0.00303125
2.54184e-12
0.00303125
-5.94635e-12
0.00303125
2.54093e-12
0.00303125
2.59058e-12
0.00303125
2.64006e-12
0.00303125
-5.85249e-12
0.00303125
4.30786e-12
0.00303125
1.19674e-13
0.00303125
-8.37773e-12
0.00303125
2.56657e-11
0.00303125
-4.24071e-11
0.00303125
4.25564e-11
0.00303125
-3.38419e-11
0.00303125
4.25539e-11
0.00303125
-4.22695e-11
0.00303125
4.26951e-11
-3.36255e-11
0.00296875
-8.32162e-12
0.00296875
-2.44999e-14
0.00296875
5.77541e-14
0.00296875
2.97936e-15
0.00296875
-5.25889e-14
0.00296875
2.71149e-14
0.00296875
8.31736e-12
0.00296875
-8.32188e-12
0.00296875
-2.73651e-14
0.00296875
8.26665e-12
0.00296875
-8.37418e-12
0.00296875
-8.63793e-14
0.00296875
-9.46725e-15
0.00296875
-6.79394e-14
0.00296875
-1.25797e-13
0.00296875
-4.66543e-14
0.00296875
8.24503e-12
0.00296875
-8.38936e-12
0.00296875
-9.00266e-14
0.00296875
4.10556e-12
0.00296875
-5.87251e-12
0.00296875
2.40003e-12
0.00296875
2.46281e-12
0.00296875
-5.83214e-12
0.00296875
2.45269e-12
0.00296875
2.51311e-12
0.00296875
2.57482e-12
0.00296875
-5.71961e-12
0.00296875
2.55582e-12
0.00296875
2.62534e-12
0.00296875
-4.07071e-12
0.00296875
1.68016e-11
0.00296875
-4.13631e-11
0.00296875
4.98466e-11
0.00296875
-4.13381e-11
0.00296875
4.16221e-11
0.00296875
-3.30031e-11
0.00296875
4.15745e-11
0.00296875
-4.13112e-11
4.15299e-11
0.00289062
8.0009e-12
0.00289062
-1.39289e-14
0.00289062
-8.04691e-12
0.00289062
8.91549e-15
0.00289062
8.06373e-12
0.00289062
2.74673e-14
0.00289062
-8.00033e-12
0.00289062
8.00872e-12
0.00289062
-2.25001e-14
0.00289062
-8.05449e-12
0.00289062
7.95231e-12
0.00289062
-7.89749e-14
0.00289062
-8.11954e-12
0.00289062
-6.94458e-14
0.00289062
7.98135e-12
0.00289062
-5.72647e-14
0.00289062
-8.08501e-12
0.00289062
7.92697e-12
0.00289062
-9.66407e-14
0.00289062
-8.12093e-12
0.00289062
3.9201e-12
0.00289062
2.36579e-12
0.00289062
-5.69033e-12
0.00289062
2.34532e-12
0.00289062
2.41522e-12
0.00289062
2.48847e-12
0.00289062
-5.56251e-12
0.00289062
2.47128e-12
0.00289062
2.55744e-12
0.00289062
-5.54267e-12
0.00289062
1.87772e-11
0.00289062
-3.6169e-11
0.00289062
4.03472e-11
0.00289062
-4.00324e-11
0.00289062
4.84703e-11
0.00289062
-4.00502e-11
0.00289062
4.04851e-11
0.00289062
-3.19466e-11
0.00289062
4.05015e-11
-3.97997e-11
0.00279687
6.59839e-14
0.00279687
-1.28383e-14
0.00279687
-8.86791e-14
0.00279687
1.33177e-14
0.00279687
1.14733e-13
0.00279687
3.4846e-14
0.00279687
-5.24639e-14
0.00279687
7.18832e-14
0.00279687
-1.7543e-14
0.00279687
-1.08153e-13
0.00279687
1.30094e-14
0.00279687
-7.91038e-14
0.00279687
-1.65237e-13
0.00279687
-7.07904e-14
0.00279687
2.41896e-14
0.00279687
-6.0258e-14
0.00279687
-1.49801e-13
0.00279687
-2.42924e-14
0.00279687
-1.08358e-13
0.00279687
-1.8728e-13
0.00279687
-5.3867e-14
0.00279687
-3.95499e-12
0.00279687
2.21686e-12
0.00279687
2.29752e-12
0.00279687
2.37952e-12
0.00279687
-5.38486e-12
0.00279687
2.36298e-12
0.00279687
2.46827e-12
0.00279687
-5.34548e-12
0.00279687
1.81482e-11
0.00279687
-3.64084e-11
0.00279687
4.12755e-11
0.00279687
-3.4741e-11
0.00279687
3.90125e-11
0.00279687
-3.84896e-11
0.00279687
4.68385e-11
0.00279687
-3.85387e-11
0.00279687
3.91125e-11
0.00279687
-3.07972e-11
3.88752e-11
0.0026875
-7.46669e-12
0.0026875
-4.31072e-15
0.0026875
7.43003e-12
0.0026875
1.68486e-14
0.0026875
-7.39699e-12
0.0026875
3.50552e-14
0.0026875
7.48908e-12
0.0026875
-7.4589e-12
0.0026875
-1.25118e-14
0.0026875
7.43243e-12
0.0026875
-7.51987e-12
0.0026875
-7.25922e-14
0.0026875
7.35119e-12
0.0026875
-7.18138e-14
0.0026875
-7.4945e-12
0.0026875
-6.99748e-14
0.0026875
7.37903e-12
0.0026875
-7.57045e-12
0.0026875
-1.20736e-13
0.0026875
7.33349e-12
0.0026875
-7.60108e-12
0.0026875
-1.3459e-13
0.0026875
3.66167e-12
0.0026875
2.24501e-12
0.0026875
-5.18722e-12
0.0026875
2.22783e-12
0.0026875
2.35202e-12
0.0026875
-5.1301e-12
0.0026875
1.74091e-11
0.0026875
-3.48524e-11
0.0026875
3.95375e-11
0.0026875
-3.46834e-11
0.0026875
3.96458e-11
0.0026875
-3.31264e-11
0.0026875
3.74741e-11
0.0026875
-3.67027e-11
0.0026875
4.49879e-11
0.0026875
-3.6713e-11
0.0026875
3.76683e-11
-2.88499e-11
0.0025625
7.01296e-12
0.0025625
-2.18008e-14
0.0025625
1.25779e-13
0.0025625
1.80289e-14
0.0025625
-8.97497e-14
0.0025625
5.90188e-14
0.0025625
-6.97978e-12
0.0025625
7.01553e-12
0.0025625
-7.09132e-15
0.0025625
-7.03167e-12
0.0025625
6.95783e-12
0.0025625
-8.99705e-14
0.0025625
4.77094e-14
0.0025625
-7.22898e-14
0.0025625
-1.92549e-13
0.0025625
-5.49708e-14
0.0025625
-7.10256e-12
0.0025625
6.88781e-12
0.0025625
-1.34558e-13
0.0025625
-7.15203e-12
0.0025625
6.85292e-12
0.0025625
-1.68315e-13
0.0025625
-1.23938e-15
0.0025625
-3.5417e-12
0.0025625
2.06097e-12
0.0025625
2.20607e-12
0.0025625
-4.90186e-12
0.0025625
1.65519e-11
0.0025625
-3.31022e-11
0.0025625
3.75578e-11
0.0025625
-3.28895e-11
0.0025625
3.76953e-11
0.0025625
-3.27726e-11
0.0025625
3.77915e-11
0.0025625
-3.1305e-11
0.0025625
3.57339e-11
0.0025625
-3.46563e-11
0.0025625
4.28936e-11
0.0025625
-3.43718e-11
-3.51426e-11
0.00242187
9.89403e-14
0.00242187
6.73189e-12
0.00242187
-6.64503e-12
0.00242187
1.72816e-14
0.00242187
6.67991e-12
0.00242187
-6.69496e-12
0.00242187
-5.0576e-14
0.00242187
1.13652e-13
0.00242187
-1.00785e-15
0.00242187
-1.18459e-13
0.00242187
3.81635e-14
0.00242187
6.67111e-12
0.00242187
-6.71832e-12
0.00242187
-7.22749e-14
0.00242187
6.57349e-12
0.00242187
-6.81712e-12
0.00242187
-1.85908e-13
0.00242187
-3.10036e-14
0.00242187
-1.49499e-13
0.00242187
-2.63215e-13
0.00242187
-9.32511e-14
0.00242187
6.56444e-12
0.00242187
-6.78577e-12
0.00242187
-9.55385e-14
0.00242187
3.37451e-12
0.00242187
-4.66883e-12
0.00242187
1.55708e-11
0.00242187
-3.11653e-11
0.00242187
3.53278e-11
0.00242187
-3.08989e-11
0.00242187
3.55065e-11
0.00242187
-3.0749e-11
0.00242187
3.56213e-11
0.00242187
-3.06611e-11
0.00242187
3.56968e-11
0.00242187
-2.92925e-11
0.00242187
3.36987e-11
0.00242187
-3.22875e-11
0.00242187
-2.70641e-11
3.26749e-11
0.00226562
9.78415e-14
0.00226562
-6.066e-12
0.00226562
6.14191e-12
0.00226562
1.73439e-14
0.00226562
-6.10728e-12
0.00226562
6.09521e-12
0.00226562
-2.95828e-14
0.00226562
-6.17827e-12
0.00226562
5.85693e-15
0.00226562
6.18656e-12
0.00226562
2.82538e-14
0.00226562
-6.11087e-12
0.00226562
6.07369e-12
0.00226562
-7.1207e-14
0.00226562
-6.21683e-12
0.00226562
5.96559e-12
0.00226562
-1.77143e-13
0.00226562
-6.3402e-12
0.00226562
-1.65196e-13
0.00226562
6.01443e-12
0.00226562
-1.34149e-13
0.00226562
-6.25033e-12
0.00226562
5.97286e-12
0.00226562
-1.02761e-13
0.00226562
-6.24919e-12
0.00226562
1.57151e-11
0.00226562
-2.90552e-11
0.00226562
3.28378e-11
0.00226562
-2.87197e-11
0.00226562
3.30732e-11
0.00226562
-2.85212e-11
0.00226562
3.32214e-11
0.00226562
-2.84151e-11
0.00226562
3.32975e-11
0.00226562
-2.8357e-11
0.00226562
3.32955e-11
0.00226562
-2.69083e-11
0.00226562
-3.13973e-11
0.00226562
3.07624e-11
-2.45673e-11
0.00209375
-5.74496e-12
0.00209375
-6.04813e-14
0.00209375
1.44645e-13
0.00209375
1.7769e-14
0.00209375
-1.16519e-13
0.00209375
1.12066e-13
0.00209375
-2.70226e-14
0.00209375
-1.59106e-13
0.00209375
1.39388e-14
0.00209375
1.82516e-13
0.00209375
3.8262e-14
0.00209375
-1.18591e-13
0.00209375
8.88852e-14
0.00209375
-6.89707e-14
0.00209375
-2.27959e-13
0.00209375
-2.36177e-14
0.00209375
-1.85528e-13
0.00209375
-3.37723e-13
0.00209375
-1.80502e-13
0.00209375
-1.95044e-14
0.00209375
-1.59591e-13
0.00209375
-2.97115e-13
0.00209375
-3.95176e-14
0.00209375
-2.09149e-13
0.00209375
1.14396e-11
0.00209375
-2.84403e-11
0.00209375
3.12297e-11
0.00209375
-2.63725e-11
0.00209375
3.03842e-11
0.00209375
-2.60949e-11
0.00209375
3.05884e-11
0.00209375
-2.59542e-11
0.00209375
3.06772e-11
0.00209375
-2.59023e-11
0.00209375
3.06427e-11
0.00209375
-2.56924e-11
0.00209375
-2.72941e-11
0.00209375
3.06624e-11
0.00209375
-2.88263e-11
2.76828e-11
0.00190625
4.98006e-12
0.00190625
-5.56137e-14
0.00190625
-5.12711e-12
0.00190625
8.59061e-15
0.00190625
5.17693e-12
0.00190625
-5.17499e-12
0.00190625
-1.29196e-14
0.00190625
5.1099e-12
0.00190625
2.36068e-14
0.00190625
-5.06911e-12
0.00190625
3.73091e-14
0.00190625
5.17773e-12
0.00190625
-5.19925e-12
0.00190625
-6.55111e-14
0.00190625
5.06698e-12
0.00190625
-5.31375e-12
0.00190625
-1.79591e-13
0.00190625
4.91682e-12
0.00190625
-1.93739e-13
0.00190625
-5.30255e-12
0.00190625
-1.99356e-13
0.00190625
4.96729e-12
0.00190625
-5.45216e-12
0.00190625
1.0394e-11
0.00190625
-2.07412e-11
0.00190625
2.54078e-11
0.00190625
-2.53699e-11
0.00190625
2.84605e-11
0.00190625
-2.34933e-11
0.00190625
2.77155e-11
0.00190625
-2.32778e-11
0.00190625
2.78403e-11
0.00190625
-2.32155e-11
0.00190625
2.77921e-11
0.00190625
-2.301e-11
0.00190625
-2.47567e-11
0.00190625
2.66246e-11
0.00190625
-2.43752e-11
0.00190625
2.78627e-11
-2.54987e-11
0.00170312
6.79008e-14
0.00170312
-7.92105e-14
0.00170312
-2.19536e-13
0.00170312
3.27094e-14
0.00170312
-4.43808e-12
0.00170312
4.44459e-12
0.00170312
-3.40512e-14
0.00170312
2.02465e-13
0.00170312
3.52812e-14
0.00170312
-1.41788e-13
0.00170312
7.19472e-14
0.00170312
-4.43376e-12
0.00170312
4.41244e-12
0.00170312
-6.06819e-14
0.00170312
-4.53522e-12
0.00170312
4.30684e-12
0.00170312
-2.04656e-13
0.00170312
-6.56132e-16
0.00170312
-2.02768e-13
0.00170312
-4.06131e-13
0.00170312
-1.90789e-13
0.00170312
-4.7744e-12
0.00170312
1.35893e-11
0.00170312
-2.30551e-11
0.00170312
2.24294e-11
0.00170312
-1.8064e-11
0.00170312
2.26837e-11
0.00170312
-2.20703e-11
0.00170312
2.55044e-11
0.00170312
-2.04028e-11
0.00170312
2.47852e-11
0.00170312
-2.02971e-11
0.00170312
2.4735e-11
0.00170312
-2.00979e-11
0.00170312
-2.20048e-11
0.00170312
2.34029e-11
0.00170312
-2.16842e-11
0.00170312
2.34755e-11
0.00170312
-2.1663e-11
2.41182e-11
0.00148437
-4.04386e-12
0.00148437
-9.72113e-14
0.00148437
3.84887e-12
0.00148437
-4.03521e-12
0.00148437
-1.15548e-13
0.00148437
1.25778e-13
0.00148437
4.03721e-12
0.00148437
-3.86539e-12
0.00148437
4.98365e-14
0.00148437
3.94921e-12
0.00148437
-3.98664e-12
0.00148437
-1.16734e-13
0.00148437
1.23483e-13
0.00148437
-5.45258e-14
0.00148437
-2.34559e-13
0.00148437
1.05017e-15
0.00148437
3.86816e-12
0.00148437
-4.0712e-12
0.00148437
-2.04431e-13
0.00148437
3.67208e-12
0.00148437
-4.37278e-12
0.00148437
7.73209e-12
0.00148437
-1.98068e-11
0.00148437
2.28944e-11
0.00148437
-1.96022e-11
0.00148437
1.94585e-11
0.00148437
-1.5202e-11
0.00148437
1.98284e-11
0.00148437
-1.84858e-11
0.00148437
2.23024e-11
0.00148437
-1.71525e-11
0.00148437
2.1479e-11
0.00148437
-1.6936e-11
0.00148437
-1.89987e-11
0.00148437
1.99995e-11
0.00148437
-1.86928e-11
0.00148437
2.00893e-11
0.00148437
-1.84988e-11
0.00148437
2.03911e-11
-1.79963e-11
0.00125
2.97144e-12
0.00125
-1.18411e-13
0.00125
-3.2059e-12
0.00125
3.00424e-12
0.00125
-1.27982e-13
0.00125
1.40253e-13
0.00125
-3.00013e-12
0.00125
3.19075e-12
0.00125
6.94239e-14
0.00125
-3.08016e-12
0.00125
3.0514e-12
0.00125
-9.67515e-14
0.00125
-3.25464e-12
0.00125
-4.72823e-14
0.00125
3.15704e-12
0.00125
-7.68857e-15
0.00125
-3.15384e-12
0.00125
2.99461e-12
0.00125
-1.7894e-13
0.00125
-3.46958e-12
0.00125
9.53969e-12
0.00125
-1.66732e-11
0.00125
1.54704e-11
0.00125
-1.61622e-11
0.00125
1.89527e-11
0.00125
-1.59409e-11
0.00125
1.63486e-11
0.00125
-1.20609e-11
0.00125
1.68577e-11
0.00125
-1.47016e-11
0.00125
1.86916e-11
0.00125
-1.35349e-11
0.00125
-1.57371e-11
0.00125
1.64019e-11
0.00125
-1.548e-11
0.00125
1.6413e-11
0.00125
-1.53838e-11
0.00125
1.65032e-11
0.00125
-1.53974e-11
1.62246e-11
0.001
1.88736e-14
0.001
-1.45412e-13
0.001
-2.74688e-13
0.001
3.30949e-14
0.001
2.53204e-12
0.001
-2.5197e-12
0.001
-2.79921e-14
0.001
2.6273e-13
0.001
9.71908e-14
0.001
-1.29959e-13
0.001
1.13959e-13
0.001
-1.17072e-13
0.001
-2.84799e-13
0.001
-3.83445e-14
0.001
2.02356e-13
0.001
1.87717e-14
0.001
-2.05755e-13
0.001
1.20566e-13
0.001
-2.5027e-13
0.001
4.94712e-12
0.001
-1.28201e-11
0.001
1.42236e-11
0.001
-1.28301e-11
0.001
1.19422e-11
0.001
-1.23443e-11
0.001
1.48033e-11
0.001
-1.2001e-11
0.001
1.31549e-11
0.001
-8.55663e-12
0.001
1.35107e-11
0.001
-1.05763e-11
0.001
-1.17051e-11
0.001
1.26267e-11
0.001
-1.19863e-11
0.001
1.25799e-11
0.001
-1.19418e-11
0.001
1.26824e-11
0.001
-1.17607e-11
0.001
1.3027e-11
-1.11616e-11
0.000734375
-1.96031e-12
0.000734375
-1.63136e-13
0.000734375
1.63485e-12
0.000734375
-1.18436e-16
0.000734375
-1.6029e-12
0.000734375
1.6134e-12
0.000734375
6.30042e-15
0.000734375
-1.64098e-12
0.000734375
1.27036e-13
0.000734375
1.84458e-12
0.000734375
-1.85093e-12
0.000734375
-1.35837e-13
0.000734375
1.62597e-12
0.000734375
-2.60403e-14
0.000734375
-1.68782e-12
0.000734375
2.67987e-14
0.000734375
1.77276e-12
0.000734375
-1.87218e-12
0.000734375
3.75989e-12
0.000734375
-7.21255e-12
0.000734375
7.91224e-12
0.000734375
-8.73926e-12
0.000734375
9.71772e-12
0.000734375
-8.8427e-12
0.000734375
8.22066e-12
0.000734375
-8.27432e-12
0.000734375
1.03951e-11
0.000734375
-7.65692e-12
0.000734375
9.97432e-12
0.000734375
-4.7721e-12
0.000734375
-9.10219e-12
0.000734375
8.17396e-12
0.000734375
-7.84547e-12
0.000734375
8.57652e-12
0.000734375
-8.25756e-12
0.000734375
8.5822e-12
0.000734375
-8.20357e-12
0.000734375
8.6523e-12
0.000734375
-8.20799e-12
8.38435e-12
0.000453125
5.68449e-13
0.000453125
-2.32154e-13
0.000453125
2.30244e-13
0.000453125
3.03921e-15
0.000453125
-2.35336e-13
0.000453125
2.40483e-13
0.000453125
7.3517e-16
0.000453125
-2.31646e-13
0.000453125
2.16315e-13
0.000453125
-6.55053e-13
0.000453125
6.54071e-13
0.000453125
-2.18287e-13
0.000453125
2.27045e-13
0.000453125
-1.00113e-14
0.000453125
-2.52514e-13
0.000453125
1.03238e-13
0.000453125
-8.96092e-13
0.000453125
3.08378e-12
0.000453125
-4.71967e-12
0.000453125
4.23374e-12
0.000453125
-3.7256e-12
0.000453125
3.96722e-12
0.000453125
-4.43181e-12
0.000453125
4.94257e-12
0.000453125
-4.61065e-12
0.000453125
4.31384e-12
0.000453125
-4.10653e-12
0.000453125
5.82159e-12
0.000453125
-2.2559e-12
0.000453125
-4.54316e-12
0.000453125
5.0368e-12
0.000453125
-4.65202e-12
0.000453125
4.21561e-12
0.000453125
-4.03188e-12
0.000453125
4.34765e-12
0.000453125
-4.25863e-12
0.000453125
4.43767e-12
0.000453125
-4.09516e-12
0.000453125
4.83327e-12
-3.40559e-12
0.00015625
0.00015625
0.00015625
0.00015625
0.00015625
0.00015625
0.00015625
0.00015625
0.00015625
0.00015625
0.00015625
0.00015625
0.00015625
0.00015625
0.00015625
0.00015625
0.00015625
0.00015625
0.00015625
0.00015625
0.00015625
0.00015625
0.00015625
0.00015625
0.00015625
0.00015625
0.00015625
0.00015625
0.00015625
0.00015625
0.00015625
0.00015625
0.00015625
0.00015625
0.00015625
0.00015625
0.00015625
0.00015625
0.00015625
)
;

boundaryField
{
    inlet
    {
        type            calculated;
        value           nonuniform List<scalar> 
40
(
-0.00015625
-0.000453125
-0.000734375
-0.001
-0.00125
-0.00148437
-0.00170312
-0.00190625
-0.00209375
-0.00226562
-0.00242187
-0.0025625
-0.0026875
-0.00279687
-0.00289062
-0.00296875
-0.00303125
-0.00307812
-0.00310937
-0.003125
-0.003125
-0.00310937
-0.00307812
-0.00303125
-0.00296875
-0.00289062
-0.00279687
-0.0026875
-0.0025625
-0.00242187
-0.00226562
-0.00209375
-0.00190625
-0.00170312
-0.00148437
-0.00125
-0.001
-0.000734375
-0.000453125
-0.00015625
)
;
    }
    outlet
    {
        type            calculated;
        value           nonuniform List<scalar> 
40
(
0.00015625
0.000453125
0.000734375
0.001
0.00125
0.00148437
0.00170312
0.00190625
0.00209375
0.00226562
0.00242187
0.0025625
0.0026875
0.00279687
0.00289062
0.00296875
0.00303125
0.00307812
0.00310937
0.003125
0.003125
0.00310937
0.00307812
0.00303125
0.00296875
0.00289062
0.00279687
0.0026875
0.0025625
0.00242187
0.00226562
0.00209375
0.00190625
0.00170312
0.00148437
0.00125
0.001
0.000734375
0.000453125
0.00015625
)
;
    }
    walls
    {
        type            calculated;
        value           uniform 0;
    }
    movingwall
    {
        type            calculated;
        value           uniform 0;
    }
    frontAndBack
    {
        type            empty;
        value           nonuniform List<scalar> 0();
    }
}


// ************************************************************************* //
