/*--------------------------------*- C++ -*----------------------------------*\
| =========                 |                                                 |
| \\      /  F ield         | OpenFOAM: The Open Source CFD Toolbox           |
|  \\    /   O peration     | Version:  2312                                  |
|   \\  /    A nd           | Website:  www.openfoam.com                      |
|    \\/     M anipulation  |                                                 |
\*---------------------------------------------------------------------------*/
FoamFile
{
    version     2.0;
    format      ascii;
    arch        "LSB;label=32;scalar=64";
    class       volScalarField;
    location    "1980";
    object      p;
}
// * * * * * * * * * * * * * * * * * * * * * * * * * * * * * * * * * * * * * //

dimensions      [0 2 -2 0 0 0 0];

internalField   nonuniform List<scalar> 
400
(
4.14478e-08
7.9559e-08
7.80449e-08
7.22707e-08
6.42287e-08
5.30104e-08
3.93108e-08
2.39991e-08
7.69109e-09
-9.1359e-09
-2.60515e-08
-4.2632e-08
-5.8426e-08
-7.29076e-08
-8.53726e-08
-9.47995e-08
-1.00339e-07
-1.03062e-07
-1.00921e-07
-5.24194e-08
4.90336e-08
9.57076e-08
8.44238e-08
7.27018e-08
6.25816e-08
5.08907e-08
3.74889e-08
2.29749e-08
7.7786e-09
-7.76877e-09
-2.33482e-08
-3.86388e-08
-5.33124e-08
-6.70134e-08
-7.92609e-08
-8.93612e-08
-9.74237e-08
-1.07105e-07
-1.16613e-07
-6.04284e-08
5.65216e-08
1.13956e-07
9.52418e-08
7.83109e-08
6.58228e-08
5.28879e-08
3.88145e-08
2.40489e-08
8.88196e-09
-6.48437e-09
-2.1843e-08
-3.69805e-08
-5.16877e-08
-6.5756e-08
-7.88685e-08
-9.05144e-08
-1.01419e-07
-1.17171e-07
-1.35556e-07
-6.86871e-08
6.39749e-08
1.33931e-07
1.10102e-07
8.85396e-08
7.33454e-08
5.84856e-08
4.28977e-08
2.69514e-08
1.08441e-08
-5.33198e-09
-2.14782e-08
-3.74881e-08
-5.3264e-08
-6.8717e-08
-8.3637e-08
-9.76017e-08
-1.11742e-07
-1.32919e-07
-1.5745e-07
-7.71098e-08
7.05552e-08
1.52172e-07
1.24499e-07
9.91027e-08
8.15066e-08
6.47742e-08
4.75633e-08
3.02116e-08
1.28656e-08
-4.46196e-09
-2.17556e-08
-3.89849e-08
-5.61319e-08
-7.31891e-08
-9.00051e-08
-1.06193e-07
-1.23187e-07
-1.4886e-07
-1.78002e-07
-8.45798e-08
7.62456e-08
1.67977e-07
1.37343e-07
1.08847e-07
8.92315e-08
7.08264e-08
5.20781e-08
3.33188e-08
1.46686e-08
-3.91208e-09
-2.2463e-08
-4.10056e-08
-5.95752e-08
-7.82151e-08
-9.68025e-08
-1.14954e-07
-1.34337e-07
-1.63649e-07
-1.9632e-07
-9.10564e-08
8.09127e-08
1.8076e-07
1.47856e-07
1.16939e-07
9.57151e-08
7.59314e-08
5.58742e-08
3.58859e-08
1.60659e-08
-3.66323e-09
-2.33695e-08
-4.31076e-08
-6.29476e-08
-8.29645e-08
-1.03047e-07
-1.22807e-07
-1.4409e-07
-1.76262e-07
-2.1162e-07
-9.6366e-08
8.44409e-08
1.90156e-07
1.55611e-07
1.22942e-07
1.00539e-07
7.97285e-08
5.86805e-08
3.77343e-08
1.6981e-08
-3.66818e-09
-2.4301e-08
-4.49934e-08
-6.58366e-08
-8.69243e-08
-1.08151e-07
-1.29117e-07
-1.51804e-07
-1.86081e-07
-2.23371e-07
-1.00358e-07
8.67363e-08
1.95941e-07
1.60381e-07
1.26641e-07
1.03515e-07
8.20525e-08
6.03557e-08
3.87746e-08
1.74024e-08
-3.85959e-09
-2.51112e-08
-4.64402e-08
-6.79492e-08
-8.97421e-08
-1.11714e-07
-1.3346e-07
-1.57049e-07
-1.92675e-07
-2.31167e-07
-1.02901e-07
8.77426e-08
1.98008e-07
1.6205e-07
1.27913e-07
1.04509e-07
8.27878e-08
6.08292e-08
3.89873e-08
1.7356e-08
-4.16696e-09
-2.56854e-08
-4.72911e-08
-6.90909e-08
-9.11922e-08
-1.1349e-07
-1.35576e-07
-1.5956e-07
-1.95775e-07
-2.34744e-07
-1.03903e-07
8.74489e-08
1.96378e-07
1.60637e-07
1.26777e-07
1.03552e-07
8.19754e-08
6.01488e-08
3.84284e-08
1.69093e-08
-4.50854e-09
-2.59268e-08
-4.74352e-08
-6.91384e-08
-9.1142e-08
-1.1334e-07
-1.35326e-07
-1.592e-07
-1.95247e-07
-2.33972e-07
-1.03326e-07
8.58935e-08
1.91198e-07
1.56279e-07
1.23355e-07
1.00756e-07
7.97183e-08
5.84106e-08
3.7187e-08
1.61445e-08
-4.80939e-09
-2.57684e-08
-4.68147e-08
-6.80458e-08
-8.95598e-08
-1.11248e-07
-1.32705e-07
-1.55976e-07
-1.91105e-07
-2.2888e-07
-1.01192e-07
8.31591e-08
1.82729e-07
1.49214e-07
1.17857e-07
9.63132e-08
7.61915e-08
5.57677e-08
3.53917e-08
1.5164e-08
-4.99463e-09
-2.51633e-08
-4.54105e-08
-6.58183e-08
-8.64646e-08
-1.07236e-07
-1.27747e-07
-1.49942e-07
-1.83445e-07
-2.19609e-07
-9.75768e-08
7.93654e-08
1.71332e-07
1.39781e-07
1.10588e-07
9.05041e-08
7.16453e-08
5.24326e-08
3.32105e-08
1.40863e-08
-4.99797e-09
-2.40986e-08
-4.32605e-08
-6.25362e-08
-8.19857e-08
-1.01499e-07
-1.20698e-07
-1.41377e-07
-1.72572e-07
-2.0648e-07
-9.26178e-08
7.46577e-08
1.57464e-07
1.28432e-07
1.01971e-07
8.37231e-08
6.64323e-08
4.86997e-08
3.08671e-08
1.30556e-08
-4.76032e-09
-2.26016e-08
-4.04768e-08
-5.84036e-08
-7.64119e-08
-9.43792e-08
-1.11935e-07
-1.30679e-07
-1.58912e-07
-1.89934e-07
-8.6489e-08
6.9184e-08
1.41661e-07
1.15751e-07
9.25812e-08
7.65175e-08
6.10419e-08
4.49728e-08
2.86593e-08
1.22497e-08
-4.23228e-09
-2.07548e-08
-3.72713e-08
-5.37516e-08
-7.01791e-08
-8.63991e-08
-1.02039e-07
-1.1846e-07
-1.4308e-07
-1.70541e-07
-7.93841e-08
6.30974e-08
1.24636e-07
1.02636e-07
8.33574e-08
6.97891e-08
5.62756e-08
4.19057e-08
2.70614e-08
1.19447e-08
-3.34592e-09
-1.87024e-08
-3.40047e-08
-4.9147e-08
-6.40342e-08
-7.84559e-08
-9.20091e-08
-1.05751e-07
-1.26067e-07
-1.49101e-07
-7.15131e-08
5.64086e-08
1.07137e-07
9.02006e-08
7.54607e-08
6.46156e-08
5.30629e-08
4.02351e-08
2.65905e-08
1.24238e-08
-2.05884e-09
-1.66461e-08
-3.11192e-08
-4.52677e-08
-5.88823e-08
-7.16545e-08
-8.31031e-08
-9.38932e-08
-1.09149e-07
-1.26496e-07
-6.29436e-08
5.00481e-08
9.27857e-08
8.30645e-08
7.32676e-08
6.47208e-08
5.4387e-08
4.22053e-08
2.87858e-08
1.45623e-08
-1.30831e-10
-1.49736e-08
-2.96474e-08
-4.38297e-08
-5.71737e-08
-6.92222e-08
-7.93307e-08
-8.75869e-08
-9.72852e-08
-1.066e-07
-5.46501e-08
4.38855e-08
8.15313e-08
8.13446e-08
7.7185e-08
7.06218e-08
6.07149e-08
4.81848e-08
3.39126e-08
1.85209e-08
2.49185e-09
-1.37429e-08
-2.97649e-08
-4.51348e-08
-5.93477e-08
-7.17437e-08
-8.13846e-08
-8.74806e-08
-9.09283e-08
-8.97815e-08
-4.65369e-08
)
;

boundaryField
{
    inlet
    {
        type            fixedValue;
        value           uniform 0;
    }
    outlet
    {
        type            fixedValue;
        value           uniform 0;
    }
    walls
    {
        type            zeroGradient;
    }
    movingWall
    {
        type            zeroGradient;
    }
    frontAndBack
    {
        type            empty;
    }
}


// ************************************************************************* //
