/*--------------------------------*- C++ -*----------------------------------*\
| =========                 |                                                 |
| \\      /  F ield         | OpenFOAM: The Open Source CFD Toolbox           |
|  \\    /   O peration     | Version:  2312                                  |
|   \\  /    A nd           | Website:  www.openfoam.com                      |
|    \\/     M anipulation  |                                                 |
\*---------------------------------------------------------------------------*/
FoamFile
{
    version     2.0;
    format      ascii;
    arch        "LSB;label=32;scalar=64";
    class       surfaceScalarField;
    location    "1980";
    object      phi;
}
// * * * * * * * * * * * * * * * * * * * * * * * * * * * * * * * * * * * * * //

dimensions      [0 3 -1 0 0 0 0];

oriented        oriented;

internalField   nonuniform List<scalar> 
760
(
0.00124998
-4.46835e-11
0.00124998
-4.28318e-11
0.00124998
-3.62415e-11
0.00124998
-2.94453e-11
0.00124998
-2.31462e-11
0.00124998
-1.74322e-11
0.00124998
-1.22752e-11
0.00124998
-7.57828e-12
0.00124998
-3.20031e-12
0.00124998
1.01696e-12
0.00124998
5.23735e-12
0.00124998
9.62825e-12
0.00124998
1.43604e-11
0.00124998
1.96047e-11
0.00124998
2.55185e-11
0.00124998
3.22127e-11
0.00124998
3.97187e-11
0.00124998
4.794e-11
0.00124998
5.61416e-11
5.92893e-11
0.00374994
-8.7465e-11
0.00374994
-8.6679e-11
0.00374994
-7.80694e-11
0.00374994
-6.64543e-11
0.00374994
-5.4065e-11
0.00374994
-4.16763e-11
0.00374994
-2.95745e-11
0.00374994
-1.78267e-11
0.00374994
-6.35627e-12
0.00374994
4.99914e-12
0.00374994
1.64443e-11
0.00374994
2.81975e-11
0.00374994
4.04641e-11
0.00374994
5.34052e-11
0.00374994
6.70871e-11
0.00374994
8.14101e-11
0.00374994
9.60156e-11
0.00374994
1.09979e-10
0.00374994
1.20722e-10
1.22606e-10
0.0062499
-1.13229e-10
0.0062499
-1.12995e-10
0.0062499
-1.04276e-10
0.0062499
-9.09331e-11
0.0062499
-7.53193e-11
0.0062499
-5.85466e-11
0.0062499
-4.12135e-11
0.0062499
-2.3642e-11
0.0062499
-5.9512e-12
0.0062499
1.1874e-11
0.0062499
2.99205e-11
0.0062499
4.82936e-11
0.0062499
6.70665e-11
0.0062499
8.62236e-11
0.0062499
1.05589e-10
0.0062499
1.24744e-10
0.0062499
1.42932e-10
0.0062499
1.58788e-10
0.0062499
1.69511e-10
1.70449e-10
0.00874986
-1.20487e-10
0.00874986
-1.20316e-10
0.00874986
-1.12005e-10
0.00874986
-9.85167e-11
0.00874986
-8.18748e-11
0.00874986
-6.31919e-11
0.00874986
-4.31831e-11
0.00874986
-2.23272e-11
0.00874986
-9.1134e-13
0.00874986
2.09137e-11
0.00874986
4.30718e-11
0.00874986
6.55009e-11
0.00874986
8.8098e-11
0.00874986
1.10657e-10
0.00874986
1.32801e-10
0.00874986
1.53913e-10
0.00874986
1.73076e-10
0.00874986
1.88889e-10
0.00874986
1.9888e-10
1.99378e-10
0.0112498
-1.10618e-10
0.0112498
-1.10308e-10
0.0112498
-1.02714e-10
0.0112498
-9.0097e-11
0.0112498
-7.40833e-11
0.0112498
-5.56349e-11
0.0112498
-3.54394e-11
0.0112498
-1.4017e-11
0.0112498
8.26011e-12
0.0112498
3.11293e-11
0.0112498
5.43873e-11
0.0112498
7.7839e-11
0.0112498
1.01249e-10
0.0112498
1.24288e-10
0.0112498
1.46478e-10
0.0112498
1.67147e-10
0.0112498
1.854e-10
0.0112498
1.99991e-10
0.0112498
2.08881e-10
2.09184e-10
0.0137498
-8.64631e-11
0.0137498
-8.599e-11
0.0137498
-7.94399e-11
0.0137498
-6.85034e-11
0.0137498
-5.44246e-11
0.0137498
-3.79665e-11
0.0137498
-1.97127e-11
0.0137498
-1.40911e-13
0.0137498
2.0374e-11
0.0137498
4.15325e-11
0.0137498
6.3073e-11
0.0137498
8.4738e-11
0.0137498
1.06236e-10
0.0137498
1.27199e-10
0.0137498
1.4715e-10
0.0137498
1.65466e-10
0.0137498
1.81371e-10
0.0137498
1.93849e-10
0.0137498
2.01292e-10
2.01468e-10
0.0162498
-5.14553e-11
0.0162498
-5.08811e-11
0.0162498
-4.57116e-11
0.0162498
-3.71316e-11
0.0162498
-2.60235e-11
0.0162498
-1.29389e-11
0.0162498
1.68123e-12
0.0162498
1.74599e-11
0.0162498
3.40795e-11
0.0162498
5.1267e-11
0.0162498
6.87746e-11
0.0162498
8.63546e-11
0.0162498
1.03733e-10
0.0162498
1.20581e-10
0.0162498
1.36494e-10
0.0162498
1.5097e-10
0.0162498
1.63406e-10
0.0162498
1.7304e-10
0.0162498
1.78689e-10
1.78723e-10
0.0187497
-9.24401e-12
0.0187497
-8.65926e-12
0.0187497
-5.16324e-12
0.0187497
5.36025e-13
0.0187497
7.90532e-12
0.0187497
1.66085e-11
0.0187497
2.6367e-11
0.0187497
3.69316e-11
0.0187497
4.80847e-11
0.0187497
5.96343e-11
0.0187497
7.1401e-11
0.0187497
8.32032e-11
0.0187497
9.48415e-11
0.0187497
1.06083e-10
0.0187497
1.16646e-10
0.0187497
1.26193e-10
0.0187497
1.34325e-10
0.0187497
1.40549e-10
0.0187497
1.44103e-10
1.4395e-10
0.0212497
3.65142e-11
0.0212497
3.70279e-11
0.0212497
3.86511e-11
0.0212497
4.11351e-11
0.0212497
4.4283e-11
0.0212497
4.79694e-11
0.0212497
5.20868e-11
0.0212497
5.6536e-11
0.0212497
6.12285e-11
0.0212497
6.60847e-11
0.0212497
7.10284e-11
0.0212497
7.59809e-11
0.0212497
8.08544e-11
0.0212497
8.55453e-11
0.0212497
8.99285e-11
0.0212497
9.38533e-11
0.0212497
9.7144e-11
0.0212497
9.95817e-11
0.0212497
1.00832e-10
1.00451e-10
0.0237497
8.22636e-11
0.0237497
8.26484e-11
0.0237497
8.23087e-11
0.0237497
8.14371e-11
0.0237497
8.01631e-11
0.0237497
7.85692e-11
0.0237497
7.67207e-11
0.0237497
7.46755e-11
0.0237497
7.24854e-11
0.0237497
7.0197e-11
0.0237497
6.78535e-11
0.0237497
6.54961e-11
0.0237497
6.31656e-11
0.0237497
6.09031e-11
0.0237497
5.87528e-11
0.0237497
5.67626e-11
0.0237497
5.49846e-11
0.0237497
5.34784e-11
0.0237497
5.23375e-11
5.17183e-11
0.0262497
1.24623e-10
0.0262497
1.2485e-10
0.0262497
1.22575e-10
0.0262497
1.1841e-10
0.0262497
1.12802e-10
0.0262497
1.06031e-10
0.0262497
9.83337e-11
0.0262497
8.99195e-11
0.0262497
8.09776e-11
0.0262497
7.16789e-11
0.0262497
6.21839e-11
0.0262497
5.26519e-11
0.0262497
4.32496e-11
0.0262497
3.41607e-11
0.0262497
2.55956e-11
0.0262497
1.77977e-11
0.0262497
1.10438e-11
0.0262497
5.66845e-12
0.0262497
2.18928e-12
1.3573e-12
0.0287497
1.60448e-10
0.0287497
1.60517e-10
0.0287497
1.56446e-10
0.0287497
1.49247e-10
0.0287497
1.39665e-10
0.0287497
1.28175e-10
0.0287497
1.15169e-10
0.0287497
1.00998e-10
0.0287497
8.59706e-11
0.0287497
7.03641e-11
0.0287497
5.4437e-11
0.0287497
3.84457e-11
0.0287497
2.26621e-11
0.0287497
7.39121e-12
0.0287497
-7.00813e-12
0.0287497
-2.01109e-11
0.0287497
-3.14284e-11
0.0287497
-4.0362e-11
0.0287497
-4.59821e-11
-4.69589e-11
0.0312497
1.86875e-10
0.0312497
1.86809e-10
0.0312497
1.81176e-10
0.0312497
1.71372e-10
0.0312497
1.58432e-10
0.0312497
1.43012e-10
0.0312497
1.25646e-10
0.0312497
1.068e-10
0.0312497
8.6875e-11
0.0312497
6.62202e-11
0.0312497
4.51544e-11
0.0312497
2.39924e-11
0.0312497
3.07119e-12
0.0312497
-1.72179e-11
0.0312497
-3.64024e-11
0.0312497
-5.3913e-11
0.0312497
-6.90764e-11
0.0312497
-8.10463e-11
0.0312497
-8.84935e-11
-8.95244e-11
0.0337498
2.01383e-10
0.0337498
2.01208e-10
0.0337498
1.9431e-10
0.0337498
1.8247e-10
0.0337498
1.67009e-10
0.0337498
1.48758e-10
0.0337498
1.28368e-10
0.0337498
1.06385e-10
0.0337498
8.3258e-11
0.0337498
5.93565e-11
0.0337498
3.50059e-11
0.0337498
1.05224e-11
0.0337498
-1.37471e-11
0.0337498
-3.73858e-11
0.0337498
-5.98677e-11
0.0337498
-8.05264e-11
0.0337498
-9.85408e-11
0.0337498
-1.1284e-10
0.0337498
-1.21707e-10
-1.22691e-10
0.0362498
2.01882e-10
0.0362498
2.01594e-10
0.0362498
1.93743e-10
0.0362498
1.80536e-10
0.0362498
1.63592e-10
0.0362498
1.43901e-10
0.0362498
1.22194e-10
0.0362498
9.90445e-11
0.0362498
7.4886e-11
0.0362498
5.00442e-11
0.0362498
2.47823e-11
0.0362498
-6.52196e-13
0.0362498
-2.59769e-11
0.0362498
-5.08252e-11
0.0362498
-7.46933e-11
0.0362498
-9.68894e-11
0.0362498
-1.16504e-10
0.0362498
-1.32276e-10
0.0362498
-1.42113e-10
-1.42976e-10
0.0387498
1.86868e-10
0.0387498
1.86387e-10
0.0387498
1.77863e-10
0.0387498
1.64042e-10
0.0387498
1.46857e-10
0.0387498
1.27411e-10
0.0387498
1.06443e-10
0.0387498
8.44763e-11
0.0387498
6.1849e-11
0.0387498
3.87693e-11
0.0387498
1.53696e-11
0.0387498
-8.23949e-12
0.0387498
-3.19152e-11
0.0387498
-5.5425e-11
0.0387498
-7.83788e-11
0.0387498
-1.00161e-10
0.0387498
-1.19871e-10
0.0387498
-1.36138e-10
0.0387498
-1.46507e-10
-1.4726e-10
0.0412499
1.55725e-10
0.0412499
1.5482e-10
0.0412499
1.45877e-10
0.0412499
1.32371e-10
0.0412499
1.16485e-10
0.0412499
9.92991e-11
0.0412499
8.14264e-11
0.0412499
6.32238e-11
0.0412499
4.48554e-11
0.0412499
2.63554e-11
0.0412499
7.686e-12
0.0412499
-1.12134e-11
0.0412499
-3.03801e-11
0.0412499
-4.97749e-11
0.0412499
-6.92129e-11
0.0412499
-8.82834e-11
0.0412499
-1.06262e-10
0.0412499
-1.21845e-10
0.0412499
-1.32329e-10
-1.33163e-10
0.0437499
1.09474e-10
0.0437499
1.0769e-10
0.0437499
9.8826e-11
0.0437499
8.71246e-11
0.0437499
7.46068e-11
0.0437499
6.20136e-11
0.0437499
4.96437e-11
0.0437499
3.75897e-11
0.0437499
2.58073e-11
0.0437499
1.41697e-11
0.0437499
2.50814e-12
0.0437499
-9.36033e-12
0.0437499
-2.16103e-11
0.0437499
-3.43778e-11
0.0437499
-4.7712e-11
0.0437499
-6.15096e-11
0.0437499
-7.54281e-11
0.0437499
-8.85943e-11
0.0437499
-9.85575e-11
-9.9943e-11
0.0462499
5.18513e-11
0.0462499
4.89532e-11
0.0462499
4.2197e-11
0.0462499
3.53495e-11
0.0462499
2.8989e-11
0.0462499
2.31923e-11
0.0462499
1.79382e-11
0.0462499
1.31399e-11
0.0462499
8.66976e-12
0.0462499
4.38421e-12
0.0462499
1.35353e-13
0.0462499
-4.22719e-12
0.0462499
-8.85652e-12
0.0462499
-1.39053e-11
0.0462499
-1.95122e-11
0.0462499
-2.57726e-11
0.0462499
-3.2708e-11
0.0462499
-4.02113e-11
0.0462499
-4.75385e-11
-4.99087e-11
0.04875
0.04875
0.04875
0.04875
0.04875
0.04875
0.04875
0.04875
0.04875
0.04875
0.04875
0.04875
0.04875
0.04875
0.04875
0.04875
0.04875
0.04875
0.04875
)
;

boundaryField
{
    inlet
    {
        type            calculated;
        value           nonuniform List<scalar> 
20
(
-0.00124998
-0.00374994
-0.0062499
-0.00874986
-0.0112498
-0.0137498
-0.0162498
-0.0187497
-0.0212497
-0.0237497
-0.0262497
-0.0287497
-0.0312497
-0.0337498
-0.0362498
-0.0387498
-0.0412499
-0.0437499
-0.0462499
-0.04875
)
;
    }
    outlet
    {
        type            calculated;
        value           nonuniform List<scalar> 
20
(
0.00124998
0.00374994
0.00624989
0.00874986
0.0112498
0.0137498
0.0162498
0.0187497
0.0212497
0.0237497
0.0262497
0.0287497
0.0312497
0.0337498
0.0362498
0.0387498
0.0412499
0.0437499
0.0462499
0.04875
)
;
    }
    walls
    {
        type            calculated;
        value           uniform 0;
    }
    movingWall
    {
        type            calculated;
        value           uniform 0;
    }
    frontAndBack
    {
        type            empty;
        value           nonuniform List<scalar> 0();
    }
}


// ************************************************************************* //
