/*--------------------------------*- C++ -*----------------------------------*\
| =========                 |                                                 |
| \\      /  F ield         | OpenFOAM: The Open Source CFD Toolbox           |
|  \\    /   O peration     | Version:  2312                                  |
|   \\  /    A nd           | Website:  www.openfoam.com                      |
|    \\/     M anipulation  |                                                 |
\*---------------------------------------------------------------------------*/
FoamFile
{
    version     2.0;
    format      ascii;
    arch        "LSB;label=32;scalar=64";
    class       volVectorField;
    location    "1980";
    object      U;
}
// * * * * * * * * * * * * * * * * * * * * * * * * * * * * * * * * * * * * * //

dimensions      [0 1 -1 0 0 0 0];

internalField   nonuniform List<vector> 
400
(
(0.0249996 -7.34588e-10 0)
(0.0249996 -6.26008e-10 0)
(0.0249996 -4.69822e-10 0)
(0.0249996 -3.58781e-10 0)
(0.0249996 -2.68378e-10 0)
(0.0249996 -1.93849e-10 0)
(0.0249996 -1.33481e-10 0)
(0.0249996 -8.39249e-11 0)
(0.0249996 -4.14469e-11 0)
(0.0249996 -2.64647e-12 0)
(0.0249996 3.56217e-11 0)
(0.0249996 7.64874e-11 0)
(0.0249996 1.23291e-10 0)
(0.0249996 1.79821e-10 0)
(0.0249996 2.50412e-10 0)
(0.0249996 3.39093e-10 0)
(0.0249996 4.48009e-10 0)
(0.0249996 5.83069e-10 0)
(0.0249996 7.76183e-10 0)
(0.0249996 9.3323e-10 0)
(0.0749987 -2.80262e-09 0)
(0.0749987 -2.75779e-09 0)
(0.0749987 -2.42523e-09 0)
(0.0749987 -2.0136e-09 0)
(0.0749987 -1.60551e-09 0)
(0.0749987 -1.22169e-09 0)
(0.0749987 -8.65187e-10 0)
(0.0749987 -5.32846e-10 0)
(0.0749987 -2.17857e-10 0)
(0.0749987 8.85326e-11 0)
(0.0749987 3.95938e-10 0)
(0.0749987 7.14317e-10 0)
(0.0749987 1.05359e-09 0)
(0.0749987 1.42304e-09 0)
(0.0749987 1.83001e-09 0)
(0.0749987 2.27783e-09 0)
(0.0749987 2.76268e-09 0)
(0.0749987 3.26064e-09 0)
(0.0749987 3.67784e-09 0)
(0.0749987 3.77237e-09 0)
(0.124998 -4.19597e-09 0)
(0.124998 -4.17672e-09 0)
(0.124998 -3.81981e-09 0)
(0.124998 -3.30124e-09 0)
(0.124998 -2.71782e-09 0)
(0.124998 -2.11076e-09 0)
(0.124998 -1.49951e-09 0)
(0.124998 -8.92434e-10 0)
(0.124998 -2.90184e-10 0)
(0.124998 3.11464e-10 0)
(0.124998 9.19279e-10 0)
(0.124998 1.54075e-09 0)
(0.124998 2.18239e-09 0)
(0.124998 2.8478e-09 0)
(0.124998 3.53496e-09 0)
(0.124998 4.23276e-09 0)
(0.124998 4.91683e-09 0)
(0.124998 5.53731e-09 0)
(0.124998 5.98043e-09 0)
(0.124998 6.03676e-09 0)
(0.174997 -4.85852e-09 0)
(0.174997 -4.85244e-09 0)
(0.174997 -4.50776e-09 0)
(0.174997 -3.95929e-09 0)
(0.174997 -3.29562e-09 0)
(0.174997 -2.56327e-09 0)
(0.174997 -1.79031e-09 0)
(0.174997 -9.94027e-10 0)
(0.174997 -1.83283e-10 0)
(0.174997 6.38881e-10 0)
(0.174997 1.47259e-09 0)
(0.174997 2.31867e-09 0)
(0.174997 3.17639e-09 0)
(0.174997 4.04088e-09 0)
(0.174997 4.90013e-09 0)
(0.174997 5.73186e-09 0)
(0.174997 6.50038e-09 0)
(0.174997 7.14783e-09 0)
(0.174997 7.56729e-09 0)
(0.174997 7.59383e-09 0)
(0.224996 -4.78125e-09 0)
(0.224996 -4.77188e-09 0)
(0.224996 -4.45007e-09 0)
(0.224996 -3.91889e-09 0)
(0.224996 -3.25128e-09 0)
(0.224996 -2.48937e-09 0)
(0.224996 -1.66217e-09 0)
(0.224996 -7.90633e-10 0)
(0.224996 1.11178e-10 0)
(0.224996 1.03428e-09 0)
(0.224996 1.97244e-09 0)
(0.224996 2.9199e-09 0)
(0.224996 3.86918e-09 0)
(0.224996 4.80873e-09 0)
(0.224996 5.72042e-09 0)
(0.224996 6.57723e-09 0)
(0.224996 7.34168e-09 0)
(0.224996 7.95995e-09 0)
(0.224996 8.34171e-09 0)
(0.224996 8.35721e-09 0)
(0.274996 -4.06823e-09 0)
(0.274996 -4.05203e-09 0)
(0.274996 -3.76543e-09 0)
(0.274996 -3.28676e-09 0)
(0.274996 -2.67321e-09 0)
(0.274996 -1.95945e-09 0)
(0.274996 -1.17138e-09 0)
(0.274996 -3.29636e-10 0)
(0.274996 5.50134e-10 0)
(0.274996 1.45596e-09 0)
(0.274996 2.3778e-09 0)
(0.274996 3.30585e-09 0)
(0.274996 4.22876e-09 0)
(0.274996 5.13179e-09 0)
(0.274996 5.99494e-09 0)
(0.274996 6.7915e-09 0)
(0.274996 7.48738e-09 0)
(0.274996 8.03702e-09 0)
(0.274996 8.36759e-09 0)
(0.274996 8.37737e-09 0)
(0.324995 -2.84881e-09 0)
(0.324995 -2.82696e-09 0)
(0.324995 -2.58916e-09 0)
(0.324995 -2.19266e-09 0)
(0.324995 -1.67984e-09 0)
(0.324995 -1.07704e-09 0)
(0.324995 -4.05006e-10 0)
(0.324995 3.18771e-10 0)
(0.324995 1.07994e-09 0)
(0.324995 1.86646e-09 0)
(0.324995 2.66751e-09 0)
(0.324995 3.47233e-09 0)
(0.324995 4.26892e-09 0)
(0.324995 5.04277e-09 0)
(0.324995 5.77554e-09 0)
(0.324995 6.44421e-09 0)
(0.324995 7.02088e-09 0)
(0.324995 7.4698e-09 0)
(0.324995 7.73517e-09 0)
(0.324995 7.73995e-09 0)
(0.374995 -1.26757e-09 0)
(0.374995 -1.24352e-09 0)
(0.374995 -1.06762e-09 0)
(0.374995 -7.77631e-10 0)
(0.374995 -4.01782e-10 0)
(0.374995 4.21842e-11 0)
(0.374995 5.39761e-10 0)
(0.374995 1.07818e-09 0)
(0.374995 1.64638e-09 0)
(0.374995 2.23466e-09 0)
(0.374995 2.83403e-09 0)
(0.374995 3.43542e-09 0)
(0.374995 4.02891e-09 0)
(0.374995 4.60284e-09 0)
(0.374995 5.14306e-09 0)
(0.374995 5.63242e-09 0)
(0.374995 6.05073e-09 0)
(0.374995 6.37275e-09 0)
(0.374995 6.55953e-09 0)
(0.374995 6.55771e-09 0)
(0.424995 5.2804e-10 0)
(0.424995 5.50657e-10 0)
(0.424995 6.54548e-10 0)
(0.424995 8.20639e-10 0)
(0.424995 1.03442e-09 0)
(0.424995 1.2867e-09 0)
(0.424995 1.56971e-09 0)
(0.424995 1.87633e-09 0)
(0.424995 2.20027e-09 0)
(0.424995 2.53585e-09 0)
(0.424995 2.87772e-09 0)
(0.424995 3.22041e-09 0)
(0.424995 3.55791e-09 0)
(0.424995 3.88326e-09 0)
(0.424995 4.1881e-09 0)
(0.424995 4.46248e-09 0)
(0.424995 4.69482e-09 0)
(0.424995 4.87081e-09 0)
(0.424995 4.96846e-09 0)
(0.424995 4.95812e-09 0)
(0.474995 2.393e-09 0)
(0.474995 2.41132e-09 0)
(0.474995 2.43733e-09 0)
(0.474995 2.46998e-09 0)
(0.474995 2.50802e-09 0)
(0.474995 2.55065e-09 0)
(0.474995 2.59703e-09 0)
(0.474995 2.64633e-09 0)
(0.474995 2.69778e-09 0)
(0.474995 2.75067e-09 0)
(0.474995 2.80427e-09 0)
(0.474995 2.85775e-09 0)
(0.474995 2.91011e-09 0)
(0.474995 2.96003e-09 0)
(0.474995 3.00585e-09 0)
(0.474995 3.04548e-09 0)
(0.474995 3.07644e-09 0)
(0.474995 3.09553e-09 0)
(0.474995 3.09793e-09 0)
(0.474995 3.07791e-09 0)
(0.524995 4.18789e-09 0)
(0.524995 4.20016e-09 0)
(0.524995 4.147e-09 0)
(0.524995 4.04465e-09 0)
(0.524995 3.90471e-09 0)
(0.524995 3.73459e-09 0)
(0.524995 3.54034e-09 0)
(0.524995 3.32745e-09 0)
(0.524995 3.1008e-09 0)
(0.524995 2.86485e-09 0)
(0.524995 2.6238e-09 0)
(0.524995 2.38176e-09 0)
(0.524995 2.14299e-09 0)
(0.524995 1.91211e-09 0)
(0.524995 1.69431e-09 0)
(0.524995 1.4955e-09 0)
(0.524995 1.32233e-09 0)
(0.524995 1.18277e-09 0)
(0.524995 1.08912e-09 0)
(0.524995 1.05963e-09 0)
(0.574995 5.7817e-09 0)
(0.574995 5.78737e-09 0)
(0.574995 5.65849e-09 0)
(0.574995 5.42772e-09 0)
(0.574995 5.11897e-09 0)
(0.574995 4.7475e-09 0)
(0.574995 4.32596e-09 0)
(0.574995 3.86576e-09 0)
(0.574995 3.37712e-09 0)
(0.574995 2.86922e-09 0)
(0.574995 2.35074e-09 0)
(0.574995 1.83028e-09 0)
(0.574995 1.31691e-09 0)
(0.574995 8.20691e-10 0)
(0.574995 3.53259e-10 0)
(0.574995 -7.17711e-11 0)
(0.574995 -4.38893e-10 0)
(0.574995 -7.29295e-10 0)
(0.574995 -9.13892e-10 0)
(0.574995 -9.50895e-10 0)
(0.624995 7.05379e-09 0)
(0.624995 7.05345e-09 0)
(0.624995 6.85657e-09 0)
(0.624995 6.51141e-09 0)
(0.624995 6.05362e-09 0)
(0.624995 5.50595e-09 0)
(0.624995 4.88707e-09 0)
(0.624995 4.21363e-09 0)
(0.624995 3.5002e-09 0)
(0.624995 2.7597e-09 0)
(0.624995 2.00413e-09 0)
(0.624995 1.24539e-09 0)
(0.624995 4.96151e-10 0)
(0.624995 -2.29195e-10 0)
(0.624995 -9.13561e-10 0)
(0.624995 -1.53664e-09 0)
(0.624995 -2.0749e-09 0)
(0.624995 -2.49922e-09 0)
(0.624995 -2.7643e-09 0)
(0.624995 -2.8055e-09 0)
(0.674995 7.89585e-09 0)
(0.674995 7.89065e-09 0)
(0.674995 7.63674e-09 0)
(0.674995 7.19751e-09 0)
(0.674995 6.62004e-09 0)
(0.674995 5.93417e-09 0)
(0.674995 5.16384e-09 0)
(0.674995 4.32975e-09 0)
(0.674995 3.44939e-09 0)
(0.674995 2.53772e-09 0)
(0.674995 1.60823e-09 0)
(0.674995 6.74209e-10 0)
(0.674995 -2.50015e-10 0)
(0.674995 -1.1476e-09 0)
(0.674995 -1.99791e-09 0)
(0.674995 -2.77566e-09 0)
(0.674995 -3.45052e-09 0)
(0.674995 -3.98388e-09 0)
(0.674995 -4.31472e-09 0)
(0.674995 -4.35611e-09 0)
(0.724996 8.21458e-09 0)
(0.724996 8.20529e-09 0)
(0.724996 7.90699e-09 0)
(0.724996 7.39879e-09 0)
(0.724996 6.73935e-09 0)
(0.724996 5.96523e-09 0)
(0.724996 5.1045e-09 0)
(0.724996 4.18023e-09 0)
(0.724996 3.21072e-09 0)
(0.724996 2.21062e-09 0)
(0.724996 1.1924e-09 0)
(0.724996 1.68091e-10 0)
(0.724996 -8.48944e-10 0)
(0.724996 -1.84221e-09 0)
(0.724996 -2.79028e-09 0)
(0.724996 -3.66515e-09 0)
(0.724996 -4.43151e-09 0)
(0.724996 -5.04228e-09 0)
(0.724996 -5.42122e-09 0)
(0.724996 -5.4589e-09 0)
(0.774996 7.93581e-09 0)
(0.774996 7.92107e-09 0)
(0.774996 7.59041e-09 0)
(0.774996 7.04158e-09 0)
(0.774996 6.34549e-09 0)
(0.774996 5.54455e-09 0)
(0.774996 4.66906e-09 0)
(0.774996 3.74188e-09 0)
(0.774996 2.77927e-09 0)
(0.774996 1.79265e-09 0)
(0.774996 7.90534e-10 0)
(0.774996 -2.19283e-10 0)
(0.774996 -1.22763e-09 0)
(0.774996 -2.22173e-09 0)
(0.774996 -3.18273e-09 0)
(0.774996 -4.08336e-09 0)
(0.774996 -4.88622e-09 0)
(0.774996 -5.53771e-09 0)
(0.774996 -5.94665e-09 0)
(0.774996 -5.97896e-09 0)
(0.824997 7.01436e-09 0)
(0.824997 6.98871e-09 0)
(0.824997 6.63584e-09 0)
(0.824997 6.07852e-09 0)
(0.824997 5.39989e-09 0)
(0.824997 4.64549e-09 0)
(0.824997 3.84412e-09 0)
(0.824997 3.01458e-09 0)
(0.824997 2.16769e-09 0)
(0.824997 1.30868e-09 0)
(0.824997 4.39559e-10 0)
(0.824997 -4.38619e-10 0)
(0.824997 -1.32362e-09 0)
(0.824997 -2.20965e-09 0)
(0.824997 -3.08441e-09 0)
(0.824997 -3.92599e-09 0)
(0.824997 -4.69992e-09 0)
(0.824997 -5.35032e-09 0)
(0.824997 -5.77258e-09 0)
(0.824997 -5.80253e-09 0)
(0.874998 5.43938e-09 0)
(0.874998 5.38583e-09 0)
(0.874998 5.0194e-09 0)
(0.874998 4.49673e-09 0)
(0.874998 3.90654e-09 0)
(0.874998 3.28844e-09 0)
(0.874998 2.66242e-09 0)
(0.874998 2.03807e-09 0)
(0.874998 1.41769e-09 0)
(0.874998 7.98823e-10 0)
(0.874998 1.76488e-10 0)
(0.874998 -4.55135e-10 0)
(0.874998 -1.1012e-09 0)
(0.874998 -1.76433e-09 0)
(0.874998 -2.44208e-09 0)
(0.874998 -3.12362e-09 0)
(0.874998 -3.78584e-09 0)
(0.874998 -4.3816e-09 0)
(0.874998 -4.80226e-09 0)
(0.874998 -4.8461e-09 0)
(0.924999 3.32005e-09 0)
(0.924999 3.23069e-09 0)
(0.924999 2.88688e-09 0)
(0.924999 2.47203e-09 0)
(0.924999 2.06023e-09 0)
(0.924999 1.67095e-09 0)
(0.924999 1.30766e-09 0)
(0.924999 9.68021e-10 0)
(0.924999 6.46171e-10 0)
(0.924999 3.34411e-10 0)
(0.924999 2.42251e-11 0)
(0.924999 -2.93212e-10 0)
(0.924999 -6.26716e-10 0)
(0.924999 -9.84527e-10 0)
(0.924999 -1.37308e-09 0)
(0.924999 -1.79509e-09 0)
(0.924999 -2.24672e-09 0)
(0.924999 -2.70537e-09 0)
(0.924999 -3.0827e-09 0)
(0.924999 -3.15099e-09 0)
(0.975 8.00705e-10 0)
(0.975 6.6189e-10 0)
(0.975 5.02252e-10 0)
(0.975 3.88871e-10 0)
(0.975 2.96792e-10 0)
(0.975 2.20923e-10 0)
(0.975 1.59398e-10 0)
(0.975 1.08878e-10 0)
(0.975 6.57341e-11 0)
(0.975 2.6709e-11 0)
(0.975 -1.11625e-11 0)
(0.975 -5.07834e-11 0)
(0.975 -9.52109e-11 0)
(0.975 -1.47864e-10 0)
(0.975 -2.12604e-10 0)
(0.975 -2.92998e-10 0)
(0.975 -3.9091e-10 0)
(0.975 -5.11077e-10 0)
(0.975 -6.79683e-10 0)
(0.975 -8.04264e-10 0)
)
;

boundaryField
{
    inlet
    {
        type            zeroGradient;
    }
    outlet
    {
        type            zeroGradient;
    }
    walls
    {
        type            noSlip;
    }
    movingWall
    {
        type            movingWallVelocity;
        value           uniform (1 0 0);
    }
    frontAndBack
    {
        type            empty;
    }
}


// ************************************************************************* //
