/*--------------------------------*- C++ -*----------------------------------*\
| =========                 |                                                 |
| \\      /  F ield         | OpenFOAM: The Open Source CFD Toolbox           |
|  \\    /   O peration     | Version:  2312                                  |
|   \\  /    A nd           | Website:  www.openfoam.com                      |
|    \\/     M anipulation  |                                                 |
\*---------------------------------------------------------------------------*/
FoamFile
{
    version     2.0;
    format      ascii;
    arch        "LSB;label=32;scalar=64";
    class       volVectorField;
    location    "1980";
    object      UCouette;
}
// * * * * * * * * * * * * * * * * * * * * * * * * * * * * * * * * * * * * * //

dimensions      [0 1 -1 0 0 0 0];

internalField   nonuniform List<vector> 
400
(
(0.25 0 0)
(0.25 0 0)
(0.25 0 0)
(0.25 0 0)
(0.25 0 0)
(0.25 0 0)
(0.25 0 0)
(0.25 0 0)
(0.25 0 0)
(0.25 0 0)
(0.25 0 0)
(0.25 0 0)
(0.25 0 0)
(0.25 0 0)
(0.25 0 0)
(0.25 0 0)
(0.25 0 0)
(0.25 0 0)
(0.25 0 0)
(0.25 0 0)
(0.75 0 0)
(0.75 0 0)
(0.75 0 0)
(0.75 0 0)
(0.75 0 0)
(0.75 0 0)
(0.75 0 0)
(0.75 0 0)
(0.75 0 0)
(0.75 0 0)
(0.75 0 0)
(0.75 0 0)
(0.75 0 0)
(0.75 0 0)
(0.75 0 0)
(0.75 0 0)
(0.75 0 0)
(0.75 0 0)
(0.75 0 0)
(0.75 0 0)
(1.25 0 0)
(1.25 0 0)
(1.25 0 0)
(1.25 0 0)
(1.25 0 0)
(1.25 0 0)
(1.25 0 0)
(1.25 0 0)
(1.25 0 0)
(1.25 0 0)
(1.25 0 0)
(1.25 0 0)
(1.25 0 0)
(1.25 0 0)
(1.25 0 0)
(1.25 0 0)
(1.25 0 0)
(1.25 0 0)
(1.25 0 0)
(1.25 0 0)
(1.75 0 0)
(1.75 0 0)
(1.75 0 0)
(1.75 0 0)
(1.75 0 0)
(1.75 0 0)
(1.75 0 0)
(1.75 0 0)
(1.75 0 0)
(1.75 0 0)
(1.75 0 0)
(1.75 0 0)
(1.75 0 0)
(1.75 0 0)
(1.75 0 0)
(1.75 0 0)
(1.75 0 0)
(1.75 0 0)
(1.75 0 0)
(1.75 0 0)
(2.25 0 0)
(2.25 0 0)
(2.25 0 0)
(2.25 0 0)
(2.25 0 0)
(2.25 0 0)
(2.25 0 0)
(2.25 0 0)
(2.25 0 0)
(2.25 0 0)
(2.25 0 0)
(2.25 0 0)
(2.25 0 0)
(2.25 0 0)
(2.25 0 0)
(2.25 0 0)
(2.25 0 0)
(2.25 0 0)
(2.25 0 0)
(2.25 0 0)
(2.75 0 0)
(2.75 0 0)
(2.75 0 0)
(2.75 0 0)
(2.75 0 0)
(2.75 0 0)
(2.75 0 0)
(2.75 0 0)
(2.75 0 0)
(2.75 0 0)
(2.75 0 0)
(2.75 0 0)
(2.75 0 0)
(2.75 0 0)
(2.75 0 0)
(2.75 0 0)
(2.75 0 0)
(2.75 0 0)
(2.75 0 0)
(2.75 0 0)
(3.25 0 0)
(3.25 0 0)
(3.25 0 0)
(3.25 0 0)
(3.25 0 0)
(3.25 0 0)
(3.25 0 0)
(3.25 0 0)
(3.25 0 0)
(3.25 0 0)
(3.25 0 0)
(3.25 0 0)
(3.25 0 0)
(3.25 0 0)
(3.25 0 0)
(3.25 0 0)
(3.25 0 0)
(3.25 0 0)
(3.25 0 0)
(3.25 0 0)
(3.75 0 0)
(3.75 0 0)
(3.75 0 0)
(3.75 0 0)
(3.75 0 0)
(3.75 0 0)
(3.75 0 0)
(3.75 0 0)
(3.75 0 0)
(3.75 0 0)
(3.75 0 0)
(3.75 0 0)
(3.75 0 0)
(3.75 0 0)
(3.75 0 0)
(3.75 0 0)
(3.75 0 0)
(3.75 0 0)
(3.75 0 0)
(3.75 0 0)
(4.25 0 0)
(4.25 0 0)
(4.25 0 0)
(4.25 0 0)
(4.25 0 0)
(4.25 0 0)
(4.25 0 0)
(4.25 0 0)
(4.25 0 0)
(4.25 0 0)
(4.25 0 0)
(4.25 0 0)
(4.25 0 0)
(4.25 0 0)
(4.25 0 0)
(4.25 0 0)
(4.25 0 0)
(4.25 0 0)
(4.25 0 0)
(4.25 0 0)
(4.75 0 0)
(4.75 0 0)
(4.75 0 0)
(4.75 0 0)
(4.75 0 0)
(4.75 0 0)
(4.75 0 0)
(4.75 0 0)
(4.75 0 0)
(4.75 0 0)
(4.75 0 0)
(4.75 0 0)
(4.75 0 0)
(4.75 0 0)
(4.75 0 0)
(4.75 0 0)
(4.75 0 0)
(4.75 0 0)
(4.75 0 0)
(4.75 0 0)
(5.25 0 0)
(5.25 0 0)
(5.25 0 0)
(5.25 0 0)
(5.25 0 0)
(5.25 0 0)
(5.25 0 0)
(5.25 0 0)
(5.25 0 0)
(5.25 0 0)
(5.25 0 0)
(5.25 0 0)
(5.25 0 0)
(5.25 0 0)
(5.25 0 0)
(5.25 0 0)
(5.25 0 0)
(5.25 0 0)
(5.25 0 0)
(5.25 0 0)
(5.75 0 0)
(5.75 0 0)
(5.75 0 0)
(5.75 0 0)
(5.75 0 0)
(5.75 0 0)
(5.75 0 0)
(5.75 0 0)
(5.75 0 0)
(5.75 0 0)
(5.75 0 0)
(5.75 0 0)
(5.75 0 0)
(5.75 0 0)
(5.75 0 0)
(5.75 0 0)
(5.75 0 0)
(5.75 0 0)
(5.75 0 0)
(5.75 0 0)
(6.25 0 0)
(6.25 0 0)
(6.25 0 0)
(6.25 0 0)
(6.25 0 0)
(6.25 0 0)
(6.25 0 0)
(6.25 0 0)
(6.25 0 0)
(6.25 0 0)
(6.25 0 0)
(6.25 0 0)
(6.25 0 0)
(6.25 0 0)
(6.25 0 0)
(6.25 0 0)
(6.25 0 0)
(6.25 0 0)
(6.25 0 0)
(6.25 0 0)
(6.75 0 0)
(6.75 0 0)
(6.75 0 0)
(6.75 0 0)
(6.75 0 0)
(6.75 0 0)
(6.75 0 0)
(6.75 0 0)
(6.75 0 0)
(6.75 0 0)
(6.75 0 0)
(6.75 0 0)
(6.75 0 0)
(6.75 0 0)
(6.75 0 0)
(6.75 0 0)
(6.75 0 0)
(6.75 0 0)
(6.75 0 0)
(6.75 0 0)
(7.25 0 0)
(7.25 0 0)
(7.25 0 0)
(7.25 0 0)
(7.25 0 0)
(7.25 0 0)
(7.25 0 0)
(7.25 0 0)
(7.25 0 0)
(7.25 0 0)
(7.25 0 0)
(7.25 0 0)
(7.25 0 0)
(7.25 0 0)
(7.25 0 0)
(7.25 0 0)
(7.25 0 0)
(7.25 0 0)
(7.25 0 0)
(7.25 0 0)
(7.75 0 0)
(7.75 0 0)
(7.75 0 0)
(7.75 0 0)
(7.75 0 0)
(7.75 0 0)
(7.75 0 0)
(7.75 0 0)
(7.75 0 0)
(7.75 0 0)
(7.75 0 0)
(7.75 0 0)
(7.75 0 0)
(7.75 0 0)
(7.75 0 0)
(7.75 0 0)
(7.75 0 0)
(7.75 0 0)
(7.75 0 0)
(7.75 0 0)
(8.25 0 0)
(8.25 0 0)
(8.25 0 0)
(8.25 0 0)
(8.25 0 0)
(8.25 0 0)
(8.25 0 0)
(8.25 0 0)
(8.25 0 0)
(8.25 0 0)
(8.25 0 0)
(8.25 0 0)
(8.25 0 0)
(8.25 0 0)
(8.25 0 0)
(8.25 0 0)
(8.25 0 0)
(8.25 0 0)
(8.25 0 0)
(8.25 0 0)
(8.75 0 0)
(8.75 0 0)
(8.75 0 0)
(8.75 0 0)
(8.75 0 0)
(8.75 0 0)
(8.75 0 0)
(8.75 0 0)
(8.75 0 0)
(8.75 0 0)
(8.75 0 0)
(8.75 0 0)
(8.75 0 0)
(8.75 0 0)
(8.75 0 0)
(8.75 0 0)
(8.75 0 0)
(8.75 0 0)
(8.75 0 0)
(8.75 0 0)
(9.25 0 0)
(9.25 0 0)
(9.25 0 0)
(9.25 0 0)
(9.25 0 0)
(9.25 0 0)
(9.25 0 0)
(9.25 0 0)
(9.25 0 0)
(9.25 0 0)
(9.25 0 0)
(9.25 0 0)
(9.25 0 0)
(9.25 0 0)
(9.25 0 0)
(9.25 0 0)
(9.25 0 0)
(9.25 0 0)
(9.25 0 0)
(9.25 0 0)
(9.75 0 0)
(9.75 0 0)
(9.75 0 0)
(9.75 0 0)
(9.75 0 0)
(9.75 0 0)
(9.75 0 0)
(9.75 0 0)
(9.75 0 0)
(9.75 0 0)
(9.75 0 0)
(9.75 0 0)
(9.75 0 0)
(9.75 0 0)
(9.75 0 0)
(9.75 0 0)
(9.75 0 0)
(9.75 0 0)
(9.75 0 0)
(9.75 0 0)
)
;

boundaryField
{
    inlet
    {
        type            calculated;
        value           nonuniform List<vector> 
20
(
(0.25 0 0)
(0.75 0 0)
(1.25 0 0)
(1.75 0 0)
(2.25 0 0)
(2.75 0 0)
(3.25 0 0)
(3.75 0 0)
(4.25 0 0)
(4.75 0 0)
(5.25 0 0)
(5.75 0 0)
(6.25 0 0)
(6.75 0 0)
(7.25 0 0)
(7.75 0 0)
(8.25 0 0)
(8.75 0 0)
(9.25 0 0)
(9.75 0 0)
)
;
    }
    outlet
    {
        type            calculated;
        value           nonuniform List<vector> 
20
(
(0.25 0 0)
(0.75 0 0)
(1.25 0 0)
(1.75 0 0)
(2.25 0 0)
(2.75 0 0)
(3.25 0 0)
(3.75 0 0)
(4.25 0 0)
(4.75 0 0)
(5.25 0 0)
(5.75 0 0)
(6.25 0 0)
(6.75 0 0)
(7.25 0 0)
(7.75 0 0)
(8.25 0 0)
(8.75 0 0)
(9.25 0 0)
(9.75 0 0)
)
;
    }
    walls
    {
        type            calculated;
        value           uniform (0 0 0);
    }
    movingWall
    {
        type            calculated;
        value           uniform (10 0 0);
    }
    frontAndBack
    {
        type            empty;
    }
}


// ************************************************************************* //
