/*--------------------------------*- C++ -*----------------------------------*\
| =========                 |                                                 |
| \\      /  F ield         | OpenFOAM: The Open Source CFD Toolbox           |
|  \\    /   O peration     | Version:  2312                                  |
|   \\  /    A nd           | Website:  www.openfoam.com                      |
|    \\/     M anipulation  |                                                 |
\*---------------------------------------------------------------------------*/
FoamFile
{
    version     2.0;
    format      ascii;
    arch        "LSB;label=32;scalar=64";
    note        "nPoints:17172  nCells:8400  nFaces:33785  nInternalFaces:16615";
    class       labelList;
    location    "constant/polyMesh";
    object      neighbour;
}
// * * * * * * * * * * * * * * * * * * * * * * * * * * * * * * * * * * * * * //


16615
(
1
15
2
16
3
17
4
18
5
19
6
20
7
21
8
22
9
23
10
24
11
25
12
26
13
27
14
28
29
1200
16
30
17
31
18
32
19
33
20
34
21
35
22
36
23
37
24
38
25
39
26
40
27
41
28
42
29
43
44
1290
31
45
32
46
33
47
34
48
35
49
36
50
37
51
38
52
39
53
40
54
41
55
42
56
43
57
44
58
59
1380
46
60
47
61
48
62
49
63
50
64
51
65
52
66
53
67
54
68
55
69
56
70
57
71
58
72
59
73
74
1470
61
75
62
76
63
77
64
78
65
79
66
80
67
81
68
82
69
83
70
84
71
85
72
86
73
87
74
88
89
1560
76
90
77
91
78
92
79
93
80
94
81
95
82
96
83
97
84
98
85
99
86
100
87
101
88
102
89
103
104
1650
91
105
92
106
93
107
94
108
95
109
96
110
97
111
98
112
99
113
100
114
101
115
102
116
103
117
104
118
119
1740
106
120
107
121
108
122
109
123
110
124
111
125
112
126
113
127
114
128
115
129
116
130
117
131
118
132
119
133
134
1830
121
135
122
136
123
137
124
138
125
139
126
140
127
141
128
142
129
143
130
144
131
145
132
146
133
147
134
148
149
1920
136
150
137
151
138
152
139
153
140
154
141
155
142
156
143
157
144
158
145
159
146
160
147
161
148
162
149
163
164
2010
151
165
152
166
153
167
154
168
155
169
156
170
157
171
158
172
159
173
160
174
161
175
162
176
163
177
164
178
179
2100
166
180
167
181
168
182
169
183
170
184
171
185
172
186
173
187
174
188
175
189
176
190
177
191
178
192
179
193
194
2190
181
195
182
196
183
197
184
198
185
199
186
200
187
201
188
202
189
203
190
204
191
205
192
206
193
207
194
208
209
2280
196
210
197
211
198
212
199
213
200
214
201
215
202
216
203
217
204
218
205
219
206
220
207
221
208
222
209
223
224
2370
211
225
212
226
213
227
214
228
215
229
216
230
217
231
218
232
219
233
220
234
221
235
222
236
223
237
224
238
239
2460
226
240
227
241
228
242
229
243
230
244
231
245
232
246
233
247
234
248
235
249
236
250
237
251
238
252
239
253
254
2550
241
255
242
256
243
257
244
258
245
259
246
260
247
261
248
262
249
263
250
264
251
265
252
266
253
267
254
268
269
2640
256
270
257
271
258
272
259
273
260
274
261
275
262
276
263
277
264
278
265
279
266
280
267
281
268
282
269
283
284
2730
271
285
272
286
273
287
274
288
275
289
276
290
277
291
278
292
279
293
280
294
281
295
282
296
283
297
284
298
299
2820
286
300
287
301
288
302
289
303
290
304
291
305
292
306
293
307
294
308
295
309
296
310
297
311
298
312
299
313
314
2910
301
315
302
316
303
317
304
318
305
319
306
320
307
321
308
322
309
323
310
324
311
325
312
326
313
327
314
328
329
3000
316
330
317
331
318
332
319
333
320
334
321
335
322
336
323
337
324
338
325
339
326
340
327
341
328
342
329
343
344
3090
331
345
332
346
333
347
334
348
335
349
336
350
337
351
338
352
339
353
340
354
341
355
342
356
343
357
344
358
359
3180
346
360
347
361
348
362
349
363
350
364
351
365
352
366
353
367
354
368
355
369
356
370
357
371
358
372
359
373
374
3270
361
375
362
376
363
377
364
378
365
379
366
380
367
381
368
382
369
383
370
384
371
385
372
386
373
387
374
388
389
3360
376
390
377
391
378
392
379
393
380
394
381
395
382
396
383
397
384
398
385
399
386
400
387
401
388
402
389
403
404
3450
391
405
392
406
393
407
394
408
395
409
396
410
397
411
398
412
399
413
400
414
401
415
402
416
403
417
404
418
419
3540
406
420
407
421
408
422
409
423
410
424
411
425
412
426
413
427
414
428
415
429
416
430
417
431
418
432
419
433
434
3630
421
435
422
436
423
437
424
438
425
439
426
440
427
441
428
442
429
443
430
444
431
445
432
446
433
447
434
448
449
3720
436
450
437
451
438
452
439
453
440
454
441
455
442
456
443
457
444
458
445
459
446
460
447
461
448
462
449
463
464
3810
451
465
452
466
453
467
454
468
455
469
456
470
457
471
458
472
459
473
460
474
461
475
462
476
463
477
464
478
479
3900
466
480
467
481
468
482
469
483
470
484
471
485
472
486
473
487
474
488
475
489
476
490
477
491
478
492
479
493
494
3990
481
495
482
496
483
497
484
498
485
499
486
500
487
501
488
502
489
503
490
504
491
505
492
506
493
507
494
508
509
4080
496
510
497
511
498
512
499
513
500
514
501
515
502
516
503
517
504
518
505
519
506
520
507
521
508
522
509
523
524
4170
511
525
512
526
513
527
514
528
515
529
516
530
517
531
518
532
519
533
520
534
521
535
522
536
523
537
524
538
539
4260
526
540
527
541
528
542
529
543
530
544
531
545
532
546
533
547
534
548
535
549
536
550
537
551
538
552
539
553
554
4350
541
555
542
556
543
557
544
558
545
559
546
560
547
561
548
562
549
563
550
564
551
565
552
566
553
567
554
568
569
4440
556
570
557
571
558
572
559
573
560
574
561
575
562
576
563
577
564
578
565
579
566
580
567
581
568
582
569
583
584
4530
571
585
572
586
573
587
574
588
575
589
576
590
577
591
578
592
579
593
580
594
581
595
582
596
583
597
584
598
599
4620
586
600
587
601
588
602
589
603
590
604
591
605
592
606
593
607
594
608
595
609
596
610
597
611
598
612
599
613
614
4710
601
615
602
616
603
617
604
618
605
619
606
620
607
621
608
622
609
623
610
624
611
625
612
626
613
627
614
628
629
4800
616
630
617
631
618
632
619
633
620
634
621
635
622
636
623
637
624
638
625
639
626
640
627
641
628
642
629
643
644
4890
631
645
632
646
633
647
634
648
635
649
636
650
637
651
638
652
639
653
640
654
641
655
642
656
643
657
644
658
659
4980
646
660
647
661
648
662
649
663
650
664
651
665
652
666
653
667
654
668
655
669
656
670
657
671
658
672
659
673
674
5070
661
675
662
676
663
677
664
678
665
679
666
680
667
681
668
682
669
683
670
684
671
685
672
686
673
687
674
688
689
5160
676
690
677
691
678
692
679
693
680
694
681
695
682
696
683
697
684
698
685
699
686
700
687
701
688
702
689
703
704
5250
691
705
692
706
693
707
694
708
695
709
696
710
697
711
698
712
699
713
700
714
701
715
702
716
703
717
704
718
719
5340
706
720
707
721
708
722
709
723
710
724
711
725
712
726
713
727
714
728
715
729
716
730
717
731
718
732
719
733
734
5430
721
735
722
736
723
737
724
738
725
739
726
740
727
741
728
742
729
743
730
744
731
745
732
746
733
747
734
748
749
5520
736
750
737
751
738
752
739
753
740
754
741
755
742
756
743
757
744
758
745
759
746
760
747
761
748
762
749
763
764
5610
751
765
752
766
753
767
754
768
755
769
756
770
757
771
758
772
759
773
760
774
761
775
762
776
763
777
764
778
779
5700
766
780
767
781
768
782
769
783
770
784
771
785
772
786
773
787
774
788
775
789
776
790
777
791
778
792
779
793
794
5790
781
795
782
796
783
797
784
798
785
799
786
800
787
801
788
802
789
803
790
804
791
805
792
806
793
807
794
808
809
5880
796
810
797
811
798
812
799
813
800
814
801
815
802
816
803
817
804
818
805
819
806
820
807
821
808
822
809
823
824
5970
811
825
812
826
813
827
814
828
815
829
816
830
817
831
818
832
819
833
820
834
821
835
822
836
823
837
824
838
839
6060
826
840
827
841
828
842
829
843
830
844
831
845
832
846
833
847
834
848
835
849
836
850
837
851
838
852
839
853
854
6150
841
855
842
856
843
857
844
858
845
859
846
860
847
861
848
862
849
863
850
864
851
865
852
866
853
867
854
868
869
6240
856
870
857
871
858
872
859
873
860
874
861
875
862
876
863
877
864
878
865
879
866
880
867
881
868
882
869
883
884
6330
871
885
872
886
873
887
874
888
875
889
876
890
877
891
878
892
879
893
880
894
881
895
882
896
883
897
884
898
899
6420
886
900
887
901
888
902
889
903
890
904
891
905
892
906
893
907
894
908
895
909
896
910
897
911
898
912
899
913
914
6510
901
915
902
916
903
917
904
918
905
919
906
920
907
921
908
922
909
923
910
924
911
925
912
926
913
927
914
928
929
6600
916
930
917
931
918
932
919
933
920
934
921
935
922
936
923
937
924
938
925
939
926
940
927
941
928
942
929
943
944
6690
931
945
932
946
933
947
934
948
935
949
936
950
937
951
938
952
939
953
940
954
941
955
942
956
943
957
944
958
959
6780
946
960
947
961
948
962
949
963
950
964
951
965
952
966
953
967
954
968
955
969
956
970
957
971
958
972
959
973
974
6870
961
975
962
976
963
977
964
978
965
979
966
980
967
981
968
982
969
983
970
984
971
985
972
986
973
987
974
988
989
6960
976
990
977
991
978
992
979
993
980
994
981
995
982
996
983
997
984
998
985
999
986
1000
987
1001
988
1002
989
1003
1004
7050
991
1005
992
1006
993
1007
994
1008
995
1009
996
1010
997
1011
998
1012
999
1013
1000
1014
1001
1015
1002
1016
1003
1017
1004
1018
1019
7140
1006
1020
1007
1021
1008
1022
1009
1023
1010
1024
1011
1025
1012
1026
1013
1027
1014
1028
1015
1029
1016
1030
1017
1031
1018
1032
1019
1033
1034
7230
1021
1035
1022
1036
1023
1037
1024
1038
1025
1039
1026
1040
1027
1041
1028
1042
1029
1043
1030
1044
1031
1045
1032
1046
1033
1047
1034
1048
1049
7320
1036
1050
1037
1051
1038
1052
1039
1053
1040
1054
1041
1055
1042
1056
1043
1057
1044
1058
1045
1059
1046
1060
1047
1061
1048
1062
1049
1063
1064
7410
1051
1065
1052
1066
1053
1067
1054
1068
1055
1069
1056
1070
1057
1071
1058
1072
1059
1073
1060
1074
1061
1075
1062
1076
1063
1077
1064
1078
1079
7500
1066
1080
1067
1081
1068
1082
1069
1083
1070
1084
1071
1085
1072
1086
1073
1087
1074
1088
1075
1089
1076
1090
1077
1091
1078
1092
1079
1093
1094
7590
1081
1095
1082
1096
1083
1097
1084
1098
1085
1099
1086
1100
1087
1101
1088
1102
1089
1103
1090
1104
1091
1105
1092
1106
1093
1107
1094
1108
1109
7680
1096
1110
1097
1111
1098
1112
1099
1113
1100
1114
1101
1115
1102
1116
1103
1117
1104
1118
1105
1119
1106
1120
1107
1121
1108
1122
1109
1123
1124
7770
1111
1125
1112
1126
1113
1127
1114
1128
1115
1129
1116
1130
1117
1131
1118
1132
1119
1133
1120
1134
1121
1135
1122
1136
1123
1137
1124
1138
1139
7860
1126
1140
1127
1141
1128
1142
1129
1143
1130
1144
1131
1145
1132
1146
1133
1147
1134
1148
1135
1149
1136
1150
1137
1151
1138
1152
1139
1153
1154
7950
1141
1155
1142
1156
1143
1157
1144
1158
1145
1159
1146
1160
1147
1161
1148
1162
1149
1163
1150
1164
1151
1165
1152
1166
1153
1167
1154
1168
1169
8040
1156
1170
1157
1171
1158
1172
1159
1173
1160
1174
1161
1175
1162
1176
1163
1177
1164
1178
1165
1179
1166
1180
1167
1181
1168
1182
1169
1183
1184
8130
1171
1185
1172
1186
1173
1187
1174
1188
1175
1189
1176
1190
1177
1191
1178
1192
1179
1193
1180
1194
1181
1195
1182
1196
1183
1197
1184
1198
1199
8220
1186
1187
1188
1189
1190
1191
1192
1193
1194
1195
1196
1197
1198
1199
8310
1201
1290
1202
1291
1203
1292
1204
1293
1205
1294
1206
1295
1207
1296
1208
1297
1209
1298
1210
1299
1211
1300
1212
1301
1213
1302
1214
1303
1215
1304
1216
1305
1217
1306
1218
1307
1219
1308
1220
1309
1221
1310
1222
1311
1223
1312
1224
1313
1225
1314
1226
1315
1227
1316
1228
1317
1229
1318
1230
1319
1231
1320
1232
1321
1233
1322
1234
1323
1235
1324
1236
1325
1237
1326
1238
1327
1239
1328
1240
1329
1241
1330
1242
1331
1243
1332
1244
1333
1245
1334
1246
1335
1247
1336
1248
1337
1249
1338
1250
1339
1251
1340
1252
1341
1253
1342
1254
1343
1255
1344
1256
1345
1257
1346
1258
1347
1259
1348
1260
1349
1261
1350
1262
1351
1263
1352
1264
1353
1265
1354
1266
1355
1267
1356
1268
1357
1269
1358
1270
1359
1271
1360
1272
1361
1273
1362
1274
1363
1275
1364
1276
1365
1277
1366
1278
1367
1279
1368
1280
1369
1281
1370
1282
1371
1283
1372
1284
1373
1285
1374
1286
1375
1287
1376
1288
1377
1289
1378
1379
1291
1380
1292
1381
1293
1382
1294
1383
1295
1384
1296
1385
1297
1386
1298
1387
1299
1388
1300
1389
1301
1390
1302
1391
1303
1392
1304
1393
1305
1394
1306
1395
1307
1396
1308
1397
1309
1398
1310
1399
1311
1400
1312
1401
1313
1402
1314
1403
1315
1404
1316
1405
1317
1406
1318
1407
1319
1408
1320
1409
1321
1410
1322
1411
1323
1412
1324
1413
1325
1414
1326
1415
1327
1416
1328
1417
1329
1418
1330
1419
1331
1420
1332
1421
1333
1422
1334
1423
1335
1424
1336
1425
1337
1426
1338
1427
1339
1428
1340
1429
1341
1430
1342
1431
1343
1432
1344
1433
1345
1434
1346
1435
1347
1436
1348
1437
1349
1438
1350
1439
1351
1440
1352
1441
1353
1442
1354
1443
1355
1444
1356
1445
1357
1446
1358
1447
1359
1448
1360
1449
1361
1450
1362
1451
1363
1452
1364
1453
1365
1454
1366
1455
1367
1456
1368
1457
1369
1458
1370
1459
1371
1460
1372
1461
1373
1462
1374
1463
1375
1464
1376
1465
1377
1466
1378
1467
1379
1468
1469
1381
1470
1382
1471
1383
1472
1384
1473
1385
1474
1386
1475
1387
1476
1388
1477
1389
1478
1390
1479
1391
1480
1392
1481
1393
1482
1394
1483
1395
1484
1396
1485
1397
1486
1398
1487
1399
1488
1400
1489
1401
1490
1402
1491
1403
1492
1404
1493
1405
1494
1406
1495
1407
1496
1408
1497
1409
1498
1410
1499
1411
1500
1412
1501
1413
1502
1414
1503
1415
1504
1416
1505
1417
1506
1418
1507
1419
1508
1420
1509
1421
1510
1422
1511
1423
1512
1424
1513
1425
1514
1426
1515
1427
1516
1428
1517
1429
1518
1430
1519
1431
1520
1432
1521
1433
1522
1434
1523
1435
1524
1436
1525
1437
1526
1438
1527
1439
1528
1440
1529
1441
1530
1442
1531
1443
1532
1444
1533
1445
1534
1446
1535
1447
1536
1448
1537
1449
1538
1450
1539
1451
1540
1452
1541
1453
1542
1454
1543
1455
1544
1456
1545
1457
1546
1458
1547
1459
1548
1460
1549
1461
1550
1462
1551
1463
1552
1464
1553
1465
1554
1466
1555
1467
1556
1468
1557
1469
1558
1559
1471
1560
1472
1561
1473
1562
1474
1563
1475
1564
1476
1565
1477
1566
1478
1567
1479
1568
1480
1569
1481
1570
1482
1571
1483
1572
1484
1573
1485
1574
1486
1575
1487
1576
1488
1577
1489
1578
1490
1579
1491
1580
1492
1581
1493
1582
1494
1583
1495
1584
1496
1585
1497
1586
1498
1587
1499
1588
1500
1589
1501
1590
1502
1591
1503
1592
1504
1593
1505
1594
1506
1595
1507
1596
1508
1597
1509
1598
1510
1599
1511
1600
1512
1601
1513
1602
1514
1603
1515
1604
1516
1605
1517
1606
1518
1607
1519
1608
1520
1609
1521
1610
1522
1611
1523
1612
1524
1613
1525
1614
1526
1615
1527
1616
1528
1617
1529
1618
1530
1619
1531
1620
1532
1621
1533
1622
1534
1623
1535
1624
1536
1625
1537
1626
1538
1627
1539
1628
1540
1629
1541
1630
1542
1631
1543
1632
1544
1633
1545
1634
1546
1635
1547
1636
1548
1637
1549
1638
1550
1639
1551
1640
1552
1641
1553
1642
1554
1643
1555
1644
1556
1645
1557
1646
1558
1647
1559
1648
1649
1561
1650
1562
1651
1563
1652
1564
1653
1565
1654
1566
1655
1567
1656
1568
1657
1569
1658
1570
1659
1571
1660
1572
1661
1573
1662
1574
1663
1575
1664
1576
1665
1577
1666
1578
1667
1579
1668
1580
1669
1581
1670
1582
1671
1583
1672
1584
1673
1585
1674
1586
1675
1587
1676
1588
1677
1589
1678
1590
1679
1591
1680
1592
1681
1593
1682
1594
1683
1595
1684
1596
1685
1597
1686
1598
1687
1599
1688
1600
1689
1601
1690
1602
1691
1603
1692
1604
1693
1605
1694
1606
1695
1607
1696
1608
1697
1609
1698
1610
1699
1611
1700
1612
1701
1613
1702
1614
1703
1615
1704
1616
1705
1617
1706
1618
1707
1619
1708
1620
1709
1621
1710
1622
1711
1623
1712
1624
1713
1625
1714
1626
1715
1627
1716
1628
1717
1629
1718
1630
1719
1631
1720
1632
1721
1633
1722
1634
1723
1635
1724
1636
1725
1637
1726
1638
1727
1639
1728
1640
1729
1641
1730
1642
1731
1643
1732
1644
1733
1645
1734
1646
1735
1647
1736
1648
1737
1649
1738
1739
1651
1740
1652
1741
1653
1742
1654
1743
1655
1744
1656
1745
1657
1746
1658
1747
1659
1748
1660
1749
1661
1750
1662
1751
1663
1752
1664
1753
1665
1754
1666
1755
1667
1756
1668
1757
1669
1758
1670
1759
1671
1760
1672
1761
1673
1762
1674
1763
1675
1764
1676
1765
1677
1766
1678
1767
1679
1768
1680
1769
1681
1770
1682
1771
1683
1772
1684
1773
1685
1774
1686
1775
1687
1776
1688
1777
1689
1778
1690
1779
1691
1780
1692
1781
1693
1782
1694
1783
1695
1784
1696
1785
1697
1786
1698
1787
1699
1788
1700
1789
1701
1790
1702
1791
1703
1792
1704
1793
1705
1794
1706
1795
1707
1796
1708
1797
1709
1798
1710
1799
1711
1800
1712
1801
1713
1802
1714
1803
1715
1804
1716
1805
1717
1806
1718
1807
1719
1808
1720
1809
1721
1810
1722
1811
1723
1812
1724
1813
1725
1814
1726
1815
1727
1816
1728
1817
1729
1818
1730
1819
1731
1820
1732
1821
1733
1822
1734
1823
1735
1824
1736
1825
1737
1826
1738
1827
1739
1828
1829
1741
1830
1742
1831
1743
1832
1744
1833
1745
1834
1746
1835
1747
1836
1748
1837
1749
1838
1750
1839
1751
1840
1752
1841
1753
1842
1754
1843
1755
1844
1756
1845
1757
1846
1758
1847
1759
1848
1760
1849
1761
1850
1762
1851
1763
1852
1764
1853
1765
1854
1766
1855
1767
1856
1768
1857
1769
1858
1770
1859
1771
1860
1772
1861
1773
1862
1774
1863
1775
1864
1776
1865
1777
1866
1778
1867
1779
1868
1780
1869
1781
1870
1782
1871
1783
1872
1784
1873
1785
1874
1786
1875
1787
1876
1788
1877
1789
1878
1790
1879
1791
1880
1792
1881
1793
1882
1794
1883
1795
1884
1796
1885
1797
1886
1798
1887
1799
1888
1800
1889
1801
1890
1802
1891
1803
1892
1804
1893
1805
1894
1806
1895
1807
1896
1808
1897
1809
1898
1810
1899
1811
1900
1812
1901
1813
1902
1814
1903
1815
1904
1816
1905
1817
1906
1818
1907
1819
1908
1820
1909
1821
1910
1822
1911
1823
1912
1824
1913
1825
1914
1826
1915
1827
1916
1828
1917
1829
1918
1919
1831
1920
1832
1921
1833
1922
1834
1923
1835
1924
1836
1925
1837
1926
1838
1927
1839
1928
1840
1929
1841
1930
1842
1931
1843
1932
1844
1933
1845
1934
1846
1935
1847
1936
1848
1937
1849
1938
1850
1939
1851
1940
1852
1941
1853
1942
1854
1943
1855
1944
1856
1945
1857
1946
1858
1947
1859
1948
1860
1949
1861
1950
1862
1951
1863
1952
1864
1953
1865
1954
1866
1955
1867
1956
1868
1957
1869
1958
1870
1959
1871
1960
1872
1961
1873
1962
1874
1963
1875
1964
1876
1965
1877
1966
1878
1967
1879
1968
1880
1969
1881
1970
1882
1971
1883
1972
1884
1973
1885
1974
1886
1975
1887
1976
1888
1977
1889
1978
1890
1979
1891
1980
1892
1981
1893
1982
1894
1983
1895
1984
1896
1985
1897
1986
1898
1987
1899
1988
1900
1989
1901
1990
1902
1991
1903
1992
1904
1993
1905
1994
1906
1995
1907
1996
1908
1997
1909
1998
1910
1999
1911
2000
1912
2001
1913
2002
1914
2003
1915
2004
1916
2005
1917
2006
1918
2007
1919
2008
2009
1921
2010
1922
2011
1923
2012
1924
2013
1925
2014
1926
2015
1927
2016
1928
2017
1929
2018
1930
2019
1931
2020
1932
2021
1933
2022
1934
2023
1935
2024
1936
2025
1937
2026
1938
2027
1939
2028
1940
2029
1941
2030
1942
2031
1943
2032
1944
2033
1945
2034
1946
2035
1947
2036
1948
2037
1949
2038
1950
2039
1951
2040
1952
2041
1953
2042
1954
2043
1955
2044
1956
2045
1957
2046
1958
2047
1959
2048
1960
2049
1961
2050
1962
2051
1963
2052
1964
2053
1965
2054
1966
2055
1967
2056
1968
2057
1969
2058
1970
2059
1971
2060
1972
2061
1973
2062
1974
2063
1975
2064
1976
2065
1977
2066
1978
2067
1979
2068
1980
2069
1981
2070
1982
2071
1983
2072
1984
2073
1985
2074
1986
2075
1987
2076
1988
2077
1989
2078
1990
2079
1991
2080
1992
2081
1993
2082
1994
2083
1995
2084
1996
2085
1997
2086
1998
2087
1999
2088
2000
2089
2001
2090
2002
2091
2003
2092
2004
2093
2005
2094
2006
2095
2007
2096
2008
2097
2009
2098
2099
2011
2100
2012
2101
2013
2102
2014
2103
2015
2104
2016
2105
2017
2106
2018
2107
2019
2108
2020
2109
2021
2110
2022
2111
2023
2112
2024
2113
2025
2114
2026
2115
2027
2116
2028
2117
2029
2118
2030
2119
2031
2120
2032
2121
2033
2122
2034
2123
2035
2124
2036
2125
2037
2126
2038
2127
2039
2128
2040
2129
2041
2130
2042
2131
2043
2132
2044
2133
2045
2134
2046
2135
2047
2136
2048
2137
2049
2138
2050
2139
2051
2140
2052
2141
2053
2142
2054
2143
2055
2144
2056
2145
2057
2146
2058
2147
2059
2148
2060
2149
2061
2150
2062
2151
2063
2152
2064
2153
2065
2154
2066
2155
2067
2156
2068
2157
2069
2158
2070
2159
2071
2160
2072
2161
2073
2162
2074
2163
2075
2164
2076
2165
2077
2166
2078
2167
2079
2168
2080
2169
2081
2170
2082
2171
2083
2172
2084
2173
2085
2174
2086
2175
2087
2176
2088
2177
2089
2178
2090
2179
2091
2180
2092
2181
2093
2182
2094
2183
2095
2184
2096
2185
2097
2186
2098
2187
2099
2188
2189
2101
2190
2102
2191
2103
2192
2104
2193
2105
2194
2106
2195
2107
2196
2108
2197
2109
2198
2110
2199
2111
2200
2112
2201
2113
2202
2114
2203
2115
2204
2116
2205
2117
2206
2118
2207
2119
2208
2120
2209
2121
2210
2122
2211
2123
2212
2124
2213
2125
2214
2126
2215
2127
2216
2128
2217
2129
2218
2130
2219
2131
2220
2132
2221
2133
2222
2134
2223
2135
2224
2136
2225
2137
2226
2138
2227
2139
2228
2140
2229
2141
2230
2142
2231
2143
2232
2144
2233
2145
2234
2146
2235
2147
2236
2148
2237
2149
2238
2150
2239
2151
2240
2152
2241
2153
2242
2154
2243
2155
2244
2156
2245
2157
2246
2158
2247
2159
2248
2160
2249
2161
2250
2162
2251
2163
2252
2164
2253
2165
2254
2166
2255
2167
2256
2168
2257
2169
2258
2170
2259
2171
2260
2172
2261
2173
2262
2174
2263
2175
2264
2176
2265
2177
2266
2178
2267
2179
2268
2180
2269
2181
2270
2182
2271
2183
2272
2184
2273
2185
2274
2186
2275
2187
2276
2188
2277
2189
2278
2279
2191
2280
2192
2281
2193
2282
2194
2283
2195
2284
2196
2285
2197
2286
2198
2287
2199
2288
2200
2289
2201
2290
2202
2291
2203
2292
2204
2293
2205
2294
2206
2295
2207
2296
2208
2297
2209
2298
2210
2299
2211
2300
2212
2301
2213
2302
2214
2303
2215
2304
2216
2305
2217
2306
2218
2307
2219
2308
2220
2309
2221
2310
2222
2311
2223
2312
2224
2313
2225
2314
2226
2315
2227
2316
2228
2317
2229
2318
2230
2319
2231
2320
2232
2321
2233
2322
2234
2323
2235
2324
2236
2325
2237
2326
2238
2327
2239
2328
2240
2329
2241
2330
2242
2331
2243
2332
2244
2333
2245
2334
2246
2335
2247
2336
2248
2337
2249
2338
2250
2339
2251
2340
2252
2341
2253
2342
2254
2343
2255
2344
2256
2345
2257
2346
2258
2347
2259
2348
2260
2349
2261
2350
2262
2351
2263
2352
2264
2353
2265
2354
2266
2355
2267
2356
2268
2357
2269
2358
2270
2359
2271
2360
2272
2361
2273
2362
2274
2363
2275
2364
2276
2365
2277
2366
2278
2367
2279
2368
2369
2281
2370
2282
2371
2283
2372
2284
2373
2285
2374
2286
2375
2287
2376
2288
2377
2289
2378
2290
2379
2291
2380
2292
2381
2293
2382
2294
2383
2295
2384
2296
2385
2297
2386
2298
2387
2299
2388
2300
2389
2301
2390
2302
2391
2303
2392
2304
2393
2305
2394
2306
2395
2307
2396
2308
2397
2309
2398
2310
2399
2311
2400
2312
2401
2313
2402
2314
2403
2315
2404
2316
2405
2317
2406
2318
2407
2319
2408
2320
2409
2321
2410
2322
2411
2323
2412
2324
2413
2325
2414
2326
2415
2327
2416
2328
2417
2329
2418
2330
2419
2331
2420
2332
2421
2333
2422
2334
2423
2335
2424
2336
2425
2337
2426
2338
2427
2339
2428
2340
2429
2341
2430
2342
2431
2343
2432
2344
2433
2345
2434
2346
2435
2347
2436
2348
2437
2349
2438
2350
2439
2351
2440
2352
2441
2353
2442
2354
2443
2355
2444
2356
2445
2357
2446
2358
2447
2359
2448
2360
2449
2361
2450
2362
2451
2363
2452
2364
2453
2365
2454
2366
2455
2367
2456
2368
2457
2369
2458
2459
2371
2460
2372
2461
2373
2462
2374
2463
2375
2464
2376
2465
2377
2466
2378
2467
2379
2468
2380
2469
2381
2470
2382
2471
2383
2472
2384
2473
2385
2474
2386
2475
2387
2476
2388
2477
2389
2478
2390
2479
2391
2480
2392
2481
2393
2482
2394
2483
2395
2484
2396
2485
2397
2486
2398
2487
2399
2488
2400
2489
2401
2490
2402
2491
2403
2492
2404
2493
2405
2494
2406
2495
2407
2496
2408
2497
2409
2498
2410
2499
2411
2500
2412
2501
2413
2502
2414
2503
2415
2504
2416
2505
2417
2506
2418
2507
2419
2508
2420
2509
2421
2510
2422
2511
2423
2512
2424
2513
2425
2514
2426
2515
2427
2516
2428
2517
2429
2518
2430
2519
2431
2520
2432
2521
2433
2522
2434
2523
2435
2524
2436
2525
2437
2526
2438
2527
2439
2528
2440
2529
2441
2530
2442
2531
2443
2532
2444
2533
2445
2534
2446
2535
2447
2536
2448
2537
2449
2538
2450
2539
2451
2540
2452
2541
2453
2542
2454
2543
2455
2544
2456
2545
2457
2546
2458
2547
2459
2548
2549
2461
2550
2462
2551
2463
2552
2464
2553
2465
2554
2466
2555
2467
2556
2468
2557
2469
2558
2470
2559
2471
2560
2472
2561
2473
2562
2474
2563
2475
2564
2476
2565
2477
2566
2478
2567
2479
2568
2480
2569
2481
2570
2482
2571
2483
2572
2484
2573
2485
2574
2486
2575
2487
2576
2488
2577
2489
2578
2490
2579
2491
2580
2492
2581
2493
2582
2494
2583
2495
2584
2496
2585
2497
2586
2498
2587
2499
2588
2500
2589
2501
2590
2502
2591
2503
2592
2504
2593
2505
2594
2506
2595
2507
2596
2508
2597
2509
2598
2510
2599
2511
2600
2512
2601
2513
2602
2514
2603
2515
2604
2516
2605
2517
2606
2518
2607
2519
2608
2520
2609
2521
2610
2522
2611
2523
2612
2524
2613
2525
2614
2526
2615
2527
2616
2528
2617
2529
2618
2530
2619
2531
2620
2532
2621
2533
2622
2534
2623
2535
2624
2536
2625
2537
2626
2538
2627
2539
2628
2540
2629
2541
2630
2542
2631
2543
2632
2544
2633
2545
2634
2546
2635
2547
2636
2548
2637
2549
2638
2639
2551
2640
2552
2641
2553
2642
2554
2643
2555
2644
2556
2645
2557
2646
2558
2647
2559
2648
2560
2649
2561
2650
2562
2651
2563
2652
2564
2653
2565
2654
2566
2655
2567
2656
2568
2657
2569
2658
2570
2659
2571
2660
2572
2661
2573
2662
2574
2663
2575
2664
2576
2665
2577
2666
2578
2667
2579
2668
2580
2669
2581
2670
2582
2671
2583
2672
2584
2673
2585
2674
2586
2675
2587
2676
2588
2677
2589
2678
2590
2679
2591
2680
2592
2681
2593
2682
2594
2683
2595
2684
2596
2685
2597
2686
2598
2687
2599
2688
2600
2689
2601
2690
2602
2691
2603
2692
2604
2693
2605
2694
2606
2695
2607
2696
2608
2697
2609
2698
2610
2699
2611
2700
2612
2701
2613
2702
2614
2703
2615
2704
2616
2705
2617
2706
2618
2707
2619
2708
2620
2709
2621
2710
2622
2711
2623
2712
2624
2713
2625
2714
2626
2715
2627
2716
2628
2717
2629
2718
2630
2719
2631
2720
2632
2721
2633
2722
2634
2723
2635
2724
2636
2725
2637
2726
2638
2727
2639
2728
2729
2641
2730
2642
2731
2643
2732
2644
2733
2645
2734
2646
2735
2647
2736
2648
2737
2649
2738
2650
2739
2651
2740
2652
2741
2653
2742
2654
2743
2655
2744
2656
2745
2657
2746
2658
2747
2659
2748
2660
2749
2661
2750
2662
2751
2663
2752
2664
2753
2665
2754
2666
2755
2667
2756
2668
2757
2669
2758
2670
2759
2671
2760
2672
2761
2673
2762
2674
2763
2675
2764
2676
2765
2677
2766
2678
2767
2679
2768
2680
2769
2681
2770
2682
2771
2683
2772
2684
2773
2685
2774
2686
2775
2687
2776
2688
2777
2689
2778
2690
2779
2691
2780
2692
2781
2693
2782
2694
2783
2695
2784
2696
2785
2697
2786
2698
2787
2699
2788
2700
2789
2701
2790
2702
2791
2703
2792
2704
2793
2705
2794
2706
2795
2707
2796
2708
2797
2709
2798
2710
2799
2711
2800
2712
2801
2713
2802
2714
2803
2715
2804
2716
2805
2717
2806
2718
2807
2719
2808
2720
2809
2721
2810
2722
2811
2723
2812
2724
2813
2725
2814
2726
2815
2727
2816
2728
2817
2729
2818
2819
2731
2820
2732
2821
2733
2822
2734
2823
2735
2824
2736
2825
2737
2826
2738
2827
2739
2828
2740
2829
2741
2830
2742
2831
2743
2832
2744
2833
2745
2834
2746
2835
2747
2836
2748
2837
2749
2838
2750
2839
2751
2840
2752
2841
2753
2842
2754
2843
2755
2844
2756
2845
2757
2846
2758
2847
2759
2848
2760
2849
2761
2850
2762
2851
2763
2852
2764
2853
2765
2854
2766
2855
2767
2856
2768
2857
2769
2858
2770
2859
2771
2860
2772
2861
2773
2862
2774
2863
2775
2864
2776
2865
2777
2866
2778
2867
2779
2868
2780
2869
2781
2870
2782
2871
2783
2872
2784
2873
2785
2874
2786
2875
2787
2876
2788
2877
2789
2878
2790
2879
2791
2880
2792
2881
2793
2882
2794
2883
2795
2884
2796
2885
2797
2886
2798
2887
2799
2888
2800
2889
2801
2890
2802
2891
2803
2892
2804
2893
2805
2894
2806
2895
2807
2896
2808
2897
2809
2898
2810
2899
2811
2900
2812
2901
2813
2902
2814
2903
2815
2904
2816
2905
2817
2906
2818
2907
2819
2908
2909
2821
2910
2822
2911
2823
2912
2824
2913
2825
2914
2826
2915
2827
2916
2828
2917
2829
2918
2830
2919
2831
2920
2832
2921
2833
2922
2834
2923
2835
2924
2836
2925
2837
2926
2838
2927
2839
2928
2840
2929
2841
2930
2842
2931
2843
2932
2844
2933
2845
2934
2846
2935
2847
2936
2848
2937
2849
2938
2850
2939
2851
2940
2852
2941
2853
2942
2854
2943
2855
2944
2856
2945
2857
2946
2858
2947
2859
2948
2860
2949
2861
2950
2862
2951
2863
2952
2864
2953
2865
2954
2866
2955
2867
2956
2868
2957
2869
2958
2870
2959
2871
2960
2872
2961
2873
2962
2874
2963
2875
2964
2876
2965
2877
2966
2878
2967
2879
2968
2880
2969
2881
2970
2882
2971
2883
2972
2884
2973
2885
2974
2886
2975
2887
2976
2888
2977
2889
2978
2890
2979
2891
2980
2892
2981
2893
2982
2894
2983
2895
2984
2896
2985
2897
2986
2898
2987
2899
2988
2900
2989
2901
2990
2902
2991
2903
2992
2904
2993
2905
2994
2906
2995
2907
2996
2908
2997
2909
2998
2999
2911
3000
2912
3001
2913
3002
2914
3003
2915
3004
2916
3005
2917
3006
2918
3007
2919
3008
2920
3009
2921
3010
2922
3011
2923
3012
2924
3013
2925
3014
2926
3015
2927
3016
2928
3017
2929
3018
2930
3019
2931
3020
2932
3021
2933
3022
2934
3023
2935
3024
2936
3025
2937
3026
2938
3027
2939
3028
2940
3029
2941
3030
2942
3031
2943
3032
2944
3033
2945
3034
2946
3035
2947
3036
2948
3037
2949
3038
2950
3039
2951
3040
2952
3041
2953
3042
2954
3043
2955
3044
2956
3045
2957
3046
2958
3047
2959
3048
2960
3049
2961
3050
2962
3051
2963
3052
2964
3053
2965
3054
2966
3055
2967
3056
2968
3057
2969
3058
2970
3059
2971
3060
2972
3061
2973
3062
2974
3063
2975
3064
2976
3065
2977
3066
2978
3067
2979
3068
2980
3069
2981
3070
2982
3071
2983
3072
2984
3073
2985
3074
2986
3075
2987
3076
2988
3077
2989
3078
2990
3079
2991
3080
2992
3081
2993
3082
2994
3083
2995
3084
2996
3085
2997
3086
2998
3087
2999
3088
3089
3001
3090
3002
3091
3003
3092
3004
3093
3005
3094
3006
3095
3007
3096
3008
3097
3009
3098
3010
3099
3011
3100
3012
3101
3013
3102
3014
3103
3015
3104
3016
3105
3017
3106
3018
3107
3019
3108
3020
3109
3021
3110
3022
3111
3023
3112
3024
3113
3025
3114
3026
3115
3027
3116
3028
3117
3029
3118
3030
3119
3031
3120
3032
3121
3033
3122
3034
3123
3035
3124
3036
3125
3037
3126
3038
3127
3039
3128
3040
3129
3041
3130
3042
3131
3043
3132
3044
3133
3045
3134
3046
3135
3047
3136
3048
3137
3049
3138
3050
3139
3051
3140
3052
3141
3053
3142
3054
3143
3055
3144
3056
3145
3057
3146
3058
3147
3059
3148
3060
3149
3061
3150
3062
3151
3063
3152
3064
3153
3065
3154
3066
3155
3067
3156
3068
3157
3069
3158
3070
3159
3071
3160
3072
3161
3073
3162
3074
3163
3075
3164
3076
3165
3077
3166
3078
3167
3079
3168
3080
3169
3081
3170
3082
3171
3083
3172
3084
3173
3085
3174
3086
3175
3087
3176
3088
3177
3089
3178
3179
3091
3180
3092
3181
3093
3182
3094
3183
3095
3184
3096
3185
3097
3186
3098
3187
3099
3188
3100
3189
3101
3190
3102
3191
3103
3192
3104
3193
3105
3194
3106
3195
3107
3196
3108
3197
3109
3198
3110
3199
3111
3200
3112
3201
3113
3202
3114
3203
3115
3204
3116
3205
3117
3206
3118
3207
3119
3208
3120
3209
3121
3210
3122
3211
3123
3212
3124
3213
3125
3214
3126
3215
3127
3216
3128
3217
3129
3218
3130
3219
3131
3220
3132
3221
3133
3222
3134
3223
3135
3224
3136
3225
3137
3226
3138
3227
3139
3228
3140
3229
3141
3230
3142
3231
3143
3232
3144
3233
3145
3234
3146
3235
3147
3236
3148
3237
3149
3238
3150
3239
3151
3240
3152
3241
3153
3242
3154
3243
3155
3244
3156
3245
3157
3246
3158
3247
3159
3248
3160
3249
3161
3250
3162
3251
3163
3252
3164
3253
3165
3254
3166
3255
3167
3256
3168
3257
3169
3258
3170
3259
3171
3260
3172
3261
3173
3262
3174
3263
3175
3264
3176
3265
3177
3266
3178
3267
3179
3268
3269
3181
3270
3182
3271
3183
3272
3184
3273
3185
3274
3186
3275
3187
3276
3188
3277
3189
3278
3190
3279
3191
3280
3192
3281
3193
3282
3194
3283
3195
3284
3196
3285
3197
3286
3198
3287
3199
3288
3200
3289
3201
3290
3202
3291
3203
3292
3204
3293
3205
3294
3206
3295
3207
3296
3208
3297
3209
3298
3210
3299
3211
3300
3212
3301
3213
3302
3214
3303
3215
3304
3216
3305
3217
3306
3218
3307
3219
3308
3220
3309
3221
3310
3222
3311
3223
3312
3224
3313
3225
3314
3226
3315
3227
3316
3228
3317
3229
3318
3230
3319
3231
3320
3232
3321
3233
3322
3234
3323
3235
3324
3236
3325
3237
3326
3238
3327
3239
3328
3240
3329
3241
3330
3242
3331
3243
3332
3244
3333
3245
3334
3246
3335
3247
3336
3248
3337
3249
3338
3250
3339
3251
3340
3252
3341
3253
3342
3254
3343
3255
3344
3256
3345
3257
3346
3258
3347
3259
3348
3260
3349
3261
3350
3262
3351
3263
3352
3264
3353
3265
3354
3266
3355
3267
3356
3268
3357
3269
3358
3359
3271
3360
3272
3361
3273
3362
3274
3363
3275
3364
3276
3365
3277
3366
3278
3367
3279
3368
3280
3369
3281
3370
3282
3371
3283
3372
3284
3373
3285
3374
3286
3375
3287
3376
3288
3377
3289
3378
3290
3379
3291
3380
3292
3381
3293
3382
3294
3383
3295
3384
3296
3385
3297
3386
3298
3387
3299
3388
3300
3389
3301
3390
3302
3391
3303
3392
3304
3393
3305
3394
3306
3395
3307
3396
3308
3397
3309
3398
3310
3399
3311
3400
3312
3401
3313
3402
3314
3403
3315
3404
3316
3405
3317
3406
3318
3407
3319
3408
3320
3409
3321
3410
3322
3411
3323
3412
3324
3413
3325
3414
3326
3415
3327
3416
3328
3417
3329
3418
3330
3419
3331
3420
3332
3421
3333
3422
3334
3423
3335
3424
3336
3425
3337
3426
3338
3427
3339
3428
3340
3429
3341
3430
3342
3431
3343
3432
3344
3433
3345
3434
3346
3435
3347
3436
3348
3437
3349
3438
3350
3439
3351
3440
3352
3441
3353
3442
3354
3443
3355
3444
3356
3445
3357
3446
3358
3447
3359
3448
3449
3361
3450
3362
3451
3363
3452
3364
3453
3365
3454
3366
3455
3367
3456
3368
3457
3369
3458
3370
3459
3371
3460
3372
3461
3373
3462
3374
3463
3375
3464
3376
3465
3377
3466
3378
3467
3379
3468
3380
3469
3381
3470
3382
3471
3383
3472
3384
3473
3385
3474
3386
3475
3387
3476
3388
3477
3389
3478
3390
3479
3391
3480
3392
3481
3393
3482
3394
3483
3395
3484
3396
3485
3397
3486
3398
3487
3399
3488
3400
3489
3401
3490
3402
3491
3403
3492
3404
3493
3405
3494
3406
3495
3407
3496
3408
3497
3409
3498
3410
3499
3411
3500
3412
3501
3413
3502
3414
3503
3415
3504
3416
3505
3417
3506
3418
3507
3419
3508
3420
3509
3421
3510
3422
3511
3423
3512
3424
3513
3425
3514
3426
3515
3427
3516
3428
3517
3429
3518
3430
3519
3431
3520
3432
3521
3433
3522
3434
3523
3435
3524
3436
3525
3437
3526
3438
3527
3439
3528
3440
3529
3441
3530
3442
3531
3443
3532
3444
3533
3445
3534
3446
3535
3447
3536
3448
3537
3449
3538
3539
3451
3540
3452
3541
3453
3542
3454
3543
3455
3544
3456
3545
3457
3546
3458
3547
3459
3548
3460
3549
3461
3550
3462
3551
3463
3552
3464
3553
3465
3554
3466
3555
3467
3556
3468
3557
3469
3558
3470
3559
3471
3560
3472
3561
3473
3562
3474
3563
3475
3564
3476
3565
3477
3566
3478
3567
3479
3568
3480
3569
3481
3570
3482
3571
3483
3572
3484
3573
3485
3574
3486
3575
3487
3576
3488
3577
3489
3578
3490
3579
3491
3580
3492
3581
3493
3582
3494
3583
3495
3584
3496
3585
3497
3586
3498
3587
3499
3588
3500
3589
3501
3590
3502
3591
3503
3592
3504
3593
3505
3594
3506
3595
3507
3596
3508
3597
3509
3598
3510
3599
3511
3600
3512
3601
3513
3602
3514
3603
3515
3604
3516
3605
3517
3606
3518
3607
3519
3608
3520
3609
3521
3610
3522
3611
3523
3612
3524
3613
3525
3614
3526
3615
3527
3616
3528
3617
3529
3618
3530
3619
3531
3620
3532
3621
3533
3622
3534
3623
3535
3624
3536
3625
3537
3626
3538
3627
3539
3628
3629
3541
3630
3542
3631
3543
3632
3544
3633
3545
3634
3546
3635
3547
3636
3548
3637
3549
3638
3550
3639
3551
3640
3552
3641
3553
3642
3554
3643
3555
3644
3556
3645
3557
3646
3558
3647
3559
3648
3560
3649
3561
3650
3562
3651
3563
3652
3564
3653
3565
3654
3566
3655
3567
3656
3568
3657
3569
3658
3570
3659
3571
3660
3572
3661
3573
3662
3574
3663
3575
3664
3576
3665
3577
3666
3578
3667
3579
3668
3580
3669
3581
3670
3582
3671
3583
3672
3584
3673
3585
3674
3586
3675
3587
3676
3588
3677
3589
3678
3590
3679
3591
3680
3592
3681
3593
3682
3594
3683
3595
3684
3596
3685
3597
3686
3598
3687
3599
3688
3600
3689
3601
3690
3602
3691
3603
3692
3604
3693
3605
3694
3606
3695
3607
3696
3608
3697
3609
3698
3610
3699
3611
3700
3612
3701
3613
3702
3614
3703
3615
3704
3616
3705
3617
3706
3618
3707
3619
3708
3620
3709
3621
3710
3622
3711
3623
3712
3624
3713
3625
3714
3626
3715
3627
3716
3628
3717
3629
3718
3719
3631
3720
3632
3721
3633
3722
3634
3723
3635
3724
3636
3725
3637
3726
3638
3727
3639
3728
3640
3729
3641
3730
3642
3731
3643
3732
3644
3733
3645
3734
3646
3735
3647
3736
3648
3737
3649
3738
3650
3739
3651
3740
3652
3741
3653
3742
3654
3743
3655
3744
3656
3745
3657
3746
3658
3747
3659
3748
3660
3749
3661
3750
3662
3751
3663
3752
3664
3753
3665
3754
3666
3755
3667
3756
3668
3757
3669
3758
3670
3759
3671
3760
3672
3761
3673
3762
3674
3763
3675
3764
3676
3765
3677
3766
3678
3767
3679
3768
3680
3769
3681
3770
3682
3771
3683
3772
3684
3773
3685
3774
3686
3775
3687
3776
3688
3777
3689
3778
3690
3779
3691
3780
3692
3781
3693
3782
3694
3783
3695
3784
3696
3785
3697
3786
3698
3787
3699
3788
3700
3789
3701
3790
3702
3791
3703
3792
3704
3793
3705
3794
3706
3795
3707
3796
3708
3797
3709
3798
3710
3799
3711
3800
3712
3801
3713
3802
3714
3803
3715
3804
3716
3805
3717
3806
3718
3807
3719
3808
3809
3721
3810
3722
3811
3723
3812
3724
3813
3725
3814
3726
3815
3727
3816
3728
3817
3729
3818
3730
3819
3731
3820
3732
3821
3733
3822
3734
3823
3735
3824
3736
3825
3737
3826
3738
3827
3739
3828
3740
3829
3741
3830
3742
3831
3743
3832
3744
3833
3745
3834
3746
3835
3747
3836
3748
3837
3749
3838
3750
3839
3751
3840
3752
3841
3753
3842
3754
3843
3755
3844
3756
3845
3757
3846
3758
3847
3759
3848
3760
3849
3761
3850
3762
3851
3763
3852
3764
3853
3765
3854
3766
3855
3767
3856
3768
3857
3769
3858
3770
3859
3771
3860
3772
3861
3773
3862
3774
3863
3775
3864
3776
3865
3777
3866
3778
3867
3779
3868
3780
3869
3781
3870
3782
3871
3783
3872
3784
3873
3785
3874
3786
3875
3787
3876
3788
3877
3789
3878
3790
3879
3791
3880
3792
3881
3793
3882
3794
3883
3795
3884
3796
3885
3797
3886
3798
3887
3799
3888
3800
3889
3801
3890
3802
3891
3803
3892
3804
3893
3805
3894
3806
3895
3807
3896
3808
3897
3809
3898
3899
3811
3900
3812
3901
3813
3902
3814
3903
3815
3904
3816
3905
3817
3906
3818
3907
3819
3908
3820
3909
3821
3910
3822
3911
3823
3912
3824
3913
3825
3914
3826
3915
3827
3916
3828
3917
3829
3918
3830
3919
3831
3920
3832
3921
3833
3922
3834
3923
3835
3924
3836
3925
3837
3926
3838
3927
3839
3928
3840
3929
3841
3930
3842
3931
3843
3932
3844
3933
3845
3934
3846
3935
3847
3936
3848
3937
3849
3938
3850
3939
3851
3940
3852
3941
3853
3942
3854
3943
3855
3944
3856
3945
3857
3946
3858
3947
3859
3948
3860
3949
3861
3950
3862
3951
3863
3952
3864
3953
3865
3954
3866
3955
3867
3956
3868
3957
3869
3958
3870
3959
3871
3960
3872
3961
3873
3962
3874
3963
3875
3964
3876
3965
3877
3966
3878
3967
3879
3968
3880
3969
3881
3970
3882
3971
3883
3972
3884
3973
3885
3974
3886
3975
3887
3976
3888
3977
3889
3978
3890
3979
3891
3980
3892
3981
3893
3982
3894
3983
3895
3984
3896
3985
3897
3986
3898
3987
3899
3988
3989
3901
3990
3902
3991
3903
3992
3904
3993
3905
3994
3906
3995
3907
3996
3908
3997
3909
3998
3910
3999
3911
4000
3912
4001
3913
4002
3914
4003
3915
4004
3916
4005
3917
4006
3918
4007
3919
4008
3920
4009
3921
4010
3922
4011
3923
4012
3924
4013
3925
4014
3926
4015
3927
4016
3928
4017
3929
4018
3930
4019
3931
4020
3932
4021
3933
4022
3934
4023
3935
4024
3936
4025
3937
4026
3938
4027
3939
4028
3940
4029
3941
4030
3942
4031
3943
4032
3944
4033
3945
4034
3946
4035
3947
4036
3948
4037
3949
4038
3950
4039
3951
4040
3952
4041
3953
4042
3954
4043
3955
4044
3956
4045
3957
4046
3958
4047
3959
4048
3960
4049
3961
4050
3962
4051
3963
4052
3964
4053
3965
4054
3966
4055
3967
4056
3968
4057
3969
4058
3970
4059
3971
4060
3972
4061
3973
4062
3974
4063
3975
4064
3976
4065
3977
4066
3978
4067
3979
4068
3980
4069
3981
4070
3982
4071
3983
4072
3984
4073
3985
4074
3986
4075
3987
4076
3988
4077
3989
4078
4079
3991
4080
3992
4081
3993
4082
3994
4083
3995
4084
3996
4085
3997
4086
3998
4087
3999
4088
4000
4089
4001
4090
4002
4091
4003
4092
4004
4093
4005
4094
4006
4095
4007
4096
4008
4097
4009
4098
4010
4099
4011
4100
4012
4101
4013
4102
4014
4103
4015
4104
4016
4105
4017
4106
4018
4107
4019
4108
4020
4109
4021
4110
4022
4111
4023
4112
4024
4113
4025
4114
4026
4115
4027
4116
4028
4117
4029
4118
4030
4119
4031
4120
4032
4121
4033
4122
4034
4123
4035
4124
4036
4125
4037
4126
4038
4127
4039
4128
4040
4129
4041
4130
4042
4131
4043
4132
4044
4133
4045
4134
4046
4135
4047
4136
4048
4137
4049
4138
4050
4139
4051
4140
4052
4141
4053
4142
4054
4143
4055
4144
4056
4145
4057
4146
4058
4147
4059
4148
4060
4149
4061
4150
4062
4151
4063
4152
4064
4153
4065
4154
4066
4155
4067
4156
4068
4157
4069
4158
4070
4159
4071
4160
4072
4161
4073
4162
4074
4163
4075
4164
4076
4165
4077
4166
4078
4167
4079
4168
4169
4081
4170
4082
4171
4083
4172
4084
4173
4085
4174
4086
4175
4087
4176
4088
4177
4089
4178
4090
4179
4091
4180
4092
4181
4093
4182
4094
4183
4095
4184
4096
4185
4097
4186
4098
4187
4099
4188
4100
4189
4101
4190
4102
4191
4103
4192
4104
4193
4105
4194
4106
4195
4107
4196
4108
4197
4109
4198
4110
4199
4111
4200
4112
4201
4113
4202
4114
4203
4115
4204
4116
4205
4117
4206
4118
4207
4119
4208
4120
4209
4121
4210
4122
4211
4123
4212
4124
4213
4125
4214
4126
4215
4127
4216
4128
4217
4129
4218
4130
4219
4131
4220
4132
4221
4133
4222
4134
4223
4135
4224
4136
4225
4137
4226
4138
4227
4139
4228
4140
4229
4141
4230
4142
4231
4143
4232
4144
4233
4145
4234
4146
4235
4147
4236
4148
4237
4149
4238
4150
4239
4151
4240
4152
4241
4153
4242
4154
4243
4155
4244
4156
4245
4157
4246
4158
4247
4159
4248
4160
4249
4161
4250
4162
4251
4163
4252
4164
4253
4165
4254
4166
4255
4167
4256
4168
4257
4169
4258
4259
4171
4260
4172
4261
4173
4262
4174
4263
4175
4264
4176
4265
4177
4266
4178
4267
4179
4268
4180
4269
4181
4270
4182
4271
4183
4272
4184
4273
4185
4274
4186
4275
4187
4276
4188
4277
4189
4278
4190
4279
4191
4280
4192
4281
4193
4282
4194
4283
4195
4284
4196
4285
4197
4286
4198
4287
4199
4288
4200
4289
4201
4290
4202
4291
4203
4292
4204
4293
4205
4294
4206
4295
4207
4296
4208
4297
4209
4298
4210
4299
4211
4300
4212
4301
4213
4302
4214
4303
4215
4304
4216
4305
4217
4306
4218
4307
4219
4308
4220
4309
4221
4310
4222
4311
4223
4312
4224
4313
4225
4314
4226
4315
4227
4316
4228
4317
4229
4318
4230
4319
4231
4320
4232
4321
4233
4322
4234
4323
4235
4324
4236
4325
4237
4326
4238
4327
4239
4328
4240
4329
4241
4330
4242
4331
4243
4332
4244
4333
4245
4334
4246
4335
4247
4336
4248
4337
4249
4338
4250
4339
4251
4340
4252
4341
4253
4342
4254
4343
4255
4344
4256
4345
4257
4346
4258
4347
4259
4348
4349
4261
4350
4262
4351
4263
4352
4264
4353
4265
4354
4266
4355
4267
4356
4268
4357
4269
4358
4270
4359
4271
4360
4272
4361
4273
4362
4274
4363
4275
4364
4276
4365
4277
4366
4278
4367
4279
4368
4280
4369
4281
4370
4282
4371
4283
4372
4284
4373
4285
4374
4286
4375
4287
4376
4288
4377
4289
4378
4290
4379
4291
4380
4292
4381
4293
4382
4294
4383
4295
4384
4296
4385
4297
4386
4298
4387
4299
4388
4300
4389
4301
4390
4302
4391
4303
4392
4304
4393
4305
4394
4306
4395
4307
4396
4308
4397
4309
4398
4310
4399
4311
4400
4312
4401
4313
4402
4314
4403
4315
4404
4316
4405
4317
4406
4318
4407
4319
4408
4320
4409
4321
4410
4322
4411
4323
4412
4324
4413
4325
4414
4326
4415
4327
4416
4328
4417
4329
4418
4330
4419
4331
4420
4332
4421
4333
4422
4334
4423
4335
4424
4336
4425
4337
4426
4338
4427
4339
4428
4340
4429
4341
4430
4342
4431
4343
4432
4344
4433
4345
4434
4346
4435
4347
4436
4348
4437
4349
4438
4439
4351
4440
4352
4441
4353
4442
4354
4443
4355
4444
4356
4445
4357
4446
4358
4447
4359
4448
4360
4449
4361
4450
4362
4451
4363
4452
4364
4453
4365
4454
4366
4455
4367
4456
4368
4457
4369
4458
4370
4459
4371
4460
4372
4461
4373
4462
4374
4463
4375
4464
4376
4465
4377
4466
4378
4467
4379
4468
4380
4469
4381
4470
4382
4471
4383
4472
4384
4473
4385
4474
4386
4475
4387
4476
4388
4477
4389
4478
4390
4479
4391
4480
4392
4481
4393
4482
4394
4483
4395
4484
4396
4485
4397
4486
4398
4487
4399
4488
4400
4489
4401
4490
4402
4491
4403
4492
4404
4493
4405
4494
4406
4495
4407
4496
4408
4497
4409
4498
4410
4499
4411
4500
4412
4501
4413
4502
4414
4503
4415
4504
4416
4505
4417
4506
4418
4507
4419
4508
4420
4509
4421
4510
4422
4511
4423
4512
4424
4513
4425
4514
4426
4515
4427
4516
4428
4517
4429
4518
4430
4519
4431
4520
4432
4521
4433
4522
4434
4523
4435
4524
4436
4525
4437
4526
4438
4527
4439
4528
4529
4441
4530
4442
4531
4443
4532
4444
4533
4445
4534
4446
4535
4447
4536
4448
4537
4449
4538
4450
4539
4451
4540
4452
4541
4453
4542
4454
4543
4455
4544
4456
4545
4457
4546
4458
4547
4459
4548
4460
4549
4461
4550
4462
4551
4463
4552
4464
4553
4465
4554
4466
4555
4467
4556
4468
4557
4469
4558
4470
4559
4471
4560
4472
4561
4473
4562
4474
4563
4475
4564
4476
4565
4477
4566
4478
4567
4479
4568
4480
4569
4481
4570
4482
4571
4483
4572
4484
4573
4485
4574
4486
4575
4487
4576
4488
4577
4489
4578
4490
4579
4491
4580
4492
4581
4493
4582
4494
4583
4495
4584
4496
4585
4497
4586
4498
4587
4499
4588
4500
4589
4501
4590
4502
4591
4503
4592
4504
4593
4505
4594
4506
4595
4507
4596
4508
4597
4509
4598
4510
4599
4511
4600
4512
4601
4513
4602
4514
4603
4515
4604
4516
4605
4517
4606
4518
4607
4519
4608
4520
4609
4521
4610
4522
4611
4523
4612
4524
4613
4525
4614
4526
4615
4527
4616
4528
4617
4529
4618
4619
4531
4620
4532
4621
4533
4622
4534
4623
4535
4624
4536
4625
4537
4626
4538
4627
4539
4628
4540
4629
4541
4630
4542
4631
4543
4632
4544
4633
4545
4634
4546
4635
4547
4636
4548
4637
4549
4638
4550
4639
4551
4640
4552
4641
4553
4642
4554
4643
4555
4644
4556
4645
4557
4646
4558
4647
4559
4648
4560
4649
4561
4650
4562
4651
4563
4652
4564
4653
4565
4654
4566
4655
4567
4656
4568
4657
4569
4658
4570
4659
4571
4660
4572
4661
4573
4662
4574
4663
4575
4664
4576
4665
4577
4666
4578
4667
4579
4668
4580
4669
4581
4670
4582
4671
4583
4672
4584
4673
4585
4674
4586
4675
4587
4676
4588
4677
4589
4678
4590
4679
4591
4680
4592
4681
4593
4682
4594
4683
4595
4684
4596
4685
4597
4686
4598
4687
4599
4688
4600
4689
4601
4690
4602
4691
4603
4692
4604
4693
4605
4694
4606
4695
4607
4696
4608
4697
4609
4698
4610
4699
4611
4700
4612
4701
4613
4702
4614
4703
4615
4704
4616
4705
4617
4706
4618
4707
4619
4708
4709
4621
4710
4622
4711
4623
4712
4624
4713
4625
4714
4626
4715
4627
4716
4628
4717
4629
4718
4630
4719
4631
4720
4632
4721
4633
4722
4634
4723
4635
4724
4636
4725
4637
4726
4638
4727
4639
4728
4640
4729
4641
4730
4642
4731
4643
4732
4644
4733
4645
4734
4646
4735
4647
4736
4648
4737
4649
4738
4650
4739
4651
4740
4652
4741
4653
4742
4654
4743
4655
4744
4656
4745
4657
4746
4658
4747
4659
4748
4660
4749
4661
4750
4662
4751
4663
4752
4664
4753
4665
4754
4666
4755
4667
4756
4668
4757
4669
4758
4670
4759
4671
4760
4672
4761
4673
4762
4674
4763
4675
4764
4676
4765
4677
4766
4678
4767
4679
4768
4680
4769
4681
4770
4682
4771
4683
4772
4684
4773
4685
4774
4686
4775
4687
4776
4688
4777
4689
4778
4690
4779
4691
4780
4692
4781
4693
4782
4694
4783
4695
4784
4696
4785
4697
4786
4698
4787
4699
4788
4700
4789
4701
4790
4702
4791
4703
4792
4704
4793
4705
4794
4706
4795
4707
4796
4708
4797
4709
4798
4799
4711
4800
4712
4801
4713
4802
4714
4803
4715
4804
4716
4805
4717
4806
4718
4807
4719
4808
4720
4809
4721
4810
4722
4811
4723
4812
4724
4813
4725
4814
4726
4815
4727
4816
4728
4817
4729
4818
4730
4819
4731
4820
4732
4821
4733
4822
4734
4823
4735
4824
4736
4825
4737
4826
4738
4827
4739
4828
4740
4829
4741
4830
4742
4831
4743
4832
4744
4833
4745
4834
4746
4835
4747
4836
4748
4837
4749
4838
4750
4839
4751
4840
4752
4841
4753
4842
4754
4843
4755
4844
4756
4845
4757
4846
4758
4847
4759
4848
4760
4849
4761
4850
4762
4851
4763
4852
4764
4853
4765
4854
4766
4855
4767
4856
4768
4857
4769
4858
4770
4859
4771
4860
4772
4861
4773
4862
4774
4863
4775
4864
4776
4865
4777
4866
4778
4867
4779
4868
4780
4869
4781
4870
4782
4871
4783
4872
4784
4873
4785
4874
4786
4875
4787
4876
4788
4877
4789
4878
4790
4879
4791
4880
4792
4881
4793
4882
4794
4883
4795
4884
4796
4885
4797
4886
4798
4887
4799
4888
4889
4801
4890
4802
4891
4803
4892
4804
4893
4805
4894
4806
4895
4807
4896
4808
4897
4809
4898
4810
4899
4811
4900
4812
4901
4813
4902
4814
4903
4815
4904
4816
4905
4817
4906
4818
4907
4819
4908
4820
4909
4821
4910
4822
4911
4823
4912
4824
4913
4825
4914
4826
4915
4827
4916
4828
4917
4829
4918
4830
4919
4831
4920
4832
4921
4833
4922
4834
4923
4835
4924
4836
4925
4837
4926
4838
4927
4839
4928
4840
4929
4841
4930
4842
4931
4843
4932
4844
4933
4845
4934
4846
4935
4847
4936
4848
4937
4849
4938
4850
4939
4851
4940
4852
4941
4853
4942
4854
4943
4855
4944
4856
4945
4857
4946
4858
4947
4859
4948
4860
4949
4861
4950
4862
4951
4863
4952
4864
4953
4865
4954
4866
4955
4867
4956
4868
4957
4869
4958
4870
4959
4871
4960
4872
4961
4873
4962
4874
4963
4875
4964
4876
4965
4877
4966
4878
4967
4879
4968
4880
4969
4881
4970
4882
4971
4883
4972
4884
4973
4885
4974
4886
4975
4887
4976
4888
4977
4889
4978
4979
4891
4980
4892
4981
4893
4982
4894
4983
4895
4984
4896
4985
4897
4986
4898
4987
4899
4988
4900
4989
4901
4990
4902
4991
4903
4992
4904
4993
4905
4994
4906
4995
4907
4996
4908
4997
4909
4998
4910
4999
4911
5000
4912
5001
4913
5002
4914
5003
4915
5004
4916
5005
4917
5006
4918
5007
4919
5008
4920
5009
4921
5010
4922
5011
4923
5012
4924
5013
4925
5014
4926
5015
4927
5016
4928
5017
4929
5018
4930
5019
4931
5020
4932
5021
4933
5022
4934
5023
4935
5024
4936
5025
4937
5026
4938
5027
4939
5028
4940
5029
4941
5030
4942
5031
4943
5032
4944
5033
4945
5034
4946
5035
4947
5036
4948
5037
4949
5038
4950
5039
4951
5040
4952
5041
4953
5042
4954
5043
4955
5044
4956
5045
4957
5046
4958
5047
4959
5048
4960
5049
4961
5050
4962
5051
4963
5052
4964
5053
4965
5054
4966
5055
4967
5056
4968
5057
4969
5058
4970
5059
4971
5060
4972
5061
4973
5062
4974
5063
4975
5064
4976
5065
4977
5066
4978
5067
4979
5068
5069
4981
5070
4982
5071
4983
5072
4984
5073
4985
5074
4986
5075
4987
5076
4988
5077
4989
5078
4990
5079
4991
5080
4992
5081
4993
5082
4994
5083
4995
5084
4996
5085
4997
5086
4998
5087
4999
5088
5000
5089
5001
5090
5002
5091
5003
5092
5004
5093
5005
5094
5006
5095
5007
5096
5008
5097
5009
5098
5010
5099
5011
5100
5012
5101
5013
5102
5014
5103
5015
5104
5016
5105
5017
5106
5018
5107
5019
5108
5020
5109
5021
5110
5022
5111
5023
5112
5024
5113
5025
5114
5026
5115
5027
5116
5028
5117
5029
5118
5030
5119
5031
5120
5032
5121
5033
5122
5034
5123
5035
5124
5036
5125
5037
5126
5038
5127
5039
5128
5040
5129
5041
5130
5042
5131
5043
5132
5044
5133
5045
5134
5046
5135
5047
5136
5048
5137
5049
5138
5050
5139
5051
5140
5052
5141
5053
5142
5054
5143
5055
5144
5056
5145
5057
5146
5058
5147
5059
5148
5060
5149
5061
5150
5062
5151
5063
5152
5064
5153
5065
5154
5066
5155
5067
5156
5068
5157
5069
5158
5159
5071
5160
5072
5161
5073
5162
5074
5163
5075
5164
5076
5165
5077
5166
5078
5167
5079
5168
5080
5169
5081
5170
5082
5171
5083
5172
5084
5173
5085
5174
5086
5175
5087
5176
5088
5177
5089
5178
5090
5179
5091
5180
5092
5181
5093
5182
5094
5183
5095
5184
5096
5185
5097
5186
5098
5187
5099
5188
5100
5189
5101
5190
5102
5191
5103
5192
5104
5193
5105
5194
5106
5195
5107
5196
5108
5197
5109
5198
5110
5199
5111
5200
5112
5201
5113
5202
5114
5203
5115
5204
5116
5205
5117
5206
5118
5207
5119
5208
5120
5209
5121
5210
5122
5211
5123
5212
5124
5213
5125
5214
5126
5215
5127
5216
5128
5217
5129
5218
5130
5219
5131
5220
5132
5221
5133
5222
5134
5223
5135
5224
5136
5225
5137
5226
5138
5227
5139
5228
5140
5229
5141
5230
5142
5231
5143
5232
5144
5233
5145
5234
5146
5235
5147
5236
5148
5237
5149
5238
5150
5239
5151
5240
5152
5241
5153
5242
5154
5243
5155
5244
5156
5245
5157
5246
5158
5247
5159
5248
5249
5161
5250
5162
5251
5163
5252
5164
5253
5165
5254
5166
5255
5167
5256
5168
5257
5169
5258
5170
5259
5171
5260
5172
5261
5173
5262
5174
5263
5175
5264
5176
5265
5177
5266
5178
5267
5179
5268
5180
5269
5181
5270
5182
5271
5183
5272
5184
5273
5185
5274
5186
5275
5187
5276
5188
5277
5189
5278
5190
5279
5191
5280
5192
5281
5193
5282
5194
5283
5195
5284
5196
5285
5197
5286
5198
5287
5199
5288
5200
5289
5201
5290
5202
5291
5203
5292
5204
5293
5205
5294
5206
5295
5207
5296
5208
5297
5209
5298
5210
5299
5211
5300
5212
5301
5213
5302
5214
5303
5215
5304
5216
5305
5217
5306
5218
5307
5219
5308
5220
5309
5221
5310
5222
5311
5223
5312
5224
5313
5225
5314
5226
5315
5227
5316
5228
5317
5229
5318
5230
5319
5231
5320
5232
5321
5233
5322
5234
5323
5235
5324
5236
5325
5237
5326
5238
5327
5239
5328
5240
5329
5241
5330
5242
5331
5243
5332
5244
5333
5245
5334
5246
5335
5247
5336
5248
5337
5249
5338
5339
5251
5340
5252
5341
5253
5342
5254
5343
5255
5344
5256
5345
5257
5346
5258
5347
5259
5348
5260
5349
5261
5350
5262
5351
5263
5352
5264
5353
5265
5354
5266
5355
5267
5356
5268
5357
5269
5358
5270
5359
5271
5360
5272
5361
5273
5362
5274
5363
5275
5364
5276
5365
5277
5366
5278
5367
5279
5368
5280
5369
5281
5370
5282
5371
5283
5372
5284
5373
5285
5374
5286
5375
5287
5376
5288
5377
5289
5378
5290
5379
5291
5380
5292
5381
5293
5382
5294
5383
5295
5384
5296
5385
5297
5386
5298
5387
5299
5388
5300
5389
5301
5390
5302
5391
5303
5392
5304
5393
5305
5394
5306
5395
5307
5396
5308
5397
5309
5398
5310
5399
5311
5400
5312
5401
5313
5402
5314
5403
5315
5404
5316
5405
5317
5406
5318
5407
5319
5408
5320
5409
5321
5410
5322
5411
5323
5412
5324
5413
5325
5414
5326
5415
5327
5416
5328
5417
5329
5418
5330
5419
5331
5420
5332
5421
5333
5422
5334
5423
5335
5424
5336
5425
5337
5426
5338
5427
5339
5428
5429
5341
5430
5342
5431
5343
5432
5344
5433
5345
5434
5346
5435
5347
5436
5348
5437
5349
5438
5350
5439
5351
5440
5352
5441
5353
5442
5354
5443
5355
5444
5356
5445
5357
5446
5358
5447
5359
5448
5360
5449
5361
5450
5362
5451
5363
5452
5364
5453
5365
5454
5366
5455
5367
5456
5368
5457
5369
5458
5370
5459
5371
5460
5372
5461
5373
5462
5374
5463
5375
5464
5376
5465
5377
5466
5378
5467
5379
5468
5380
5469
5381
5470
5382
5471
5383
5472
5384
5473
5385
5474
5386
5475
5387
5476
5388
5477
5389
5478
5390
5479
5391
5480
5392
5481
5393
5482
5394
5483
5395
5484
5396
5485
5397
5486
5398
5487
5399
5488
5400
5489
5401
5490
5402
5491
5403
5492
5404
5493
5405
5494
5406
5495
5407
5496
5408
5497
5409
5498
5410
5499
5411
5500
5412
5501
5413
5502
5414
5503
5415
5504
5416
5505
5417
5506
5418
5507
5419
5508
5420
5509
5421
5510
5422
5511
5423
5512
5424
5513
5425
5514
5426
5515
5427
5516
5428
5517
5429
5518
5519
5431
5520
5432
5521
5433
5522
5434
5523
5435
5524
5436
5525
5437
5526
5438
5527
5439
5528
5440
5529
5441
5530
5442
5531
5443
5532
5444
5533
5445
5534
5446
5535
5447
5536
5448
5537
5449
5538
5450
5539
5451
5540
5452
5541
5453
5542
5454
5543
5455
5544
5456
5545
5457
5546
5458
5547
5459
5548
5460
5549
5461
5550
5462
5551
5463
5552
5464
5553
5465
5554
5466
5555
5467
5556
5468
5557
5469
5558
5470
5559
5471
5560
5472
5561
5473
5562
5474
5563
5475
5564
5476
5565
5477
5566
5478
5567
5479
5568
5480
5569
5481
5570
5482
5571
5483
5572
5484
5573
5485
5574
5486
5575
5487
5576
5488
5577
5489
5578
5490
5579
5491
5580
5492
5581
5493
5582
5494
5583
5495
5584
5496
5585
5497
5586
5498
5587
5499
5588
5500
5589
5501
5590
5502
5591
5503
5592
5504
5593
5505
5594
5506
5595
5507
5596
5508
5597
5509
5598
5510
5599
5511
5600
5512
5601
5513
5602
5514
5603
5515
5604
5516
5605
5517
5606
5518
5607
5519
5608
5609
5521
5610
5522
5611
5523
5612
5524
5613
5525
5614
5526
5615
5527
5616
5528
5617
5529
5618
5530
5619
5531
5620
5532
5621
5533
5622
5534
5623
5535
5624
5536
5625
5537
5626
5538
5627
5539
5628
5540
5629
5541
5630
5542
5631
5543
5632
5544
5633
5545
5634
5546
5635
5547
5636
5548
5637
5549
5638
5550
5639
5551
5640
5552
5641
5553
5642
5554
5643
5555
5644
5556
5645
5557
5646
5558
5647
5559
5648
5560
5649
5561
5650
5562
5651
5563
5652
5564
5653
5565
5654
5566
5655
5567
5656
5568
5657
5569
5658
5570
5659
5571
5660
5572
5661
5573
5662
5574
5663
5575
5664
5576
5665
5577
5666
5578
5667
5579
5668
5580
5669
5581
5670
5582
5671
5583
5672
5584
5673
5585
5674
5586
5675
5587
5676
5588
5677
5589
5678
5590
5679
5591
5680
5592
5681
5593
5682
5594
5683
5595
5684
5596
5685
5597
5686
5598
5687
5599
5688
5600
5689
5601
5690
5602
5691
5603
5692
5604
5693
5605
5694
5606
5695
5607
5696
5608
5697
5609
5698
5699
5611
5700
5612
5701
5613
5702
5614
5703
5615
5704
5616
5705
5617
5706
5618
5707
5619
5708
5620
5709
5621
5710
5622
5711
5623
5712
5624
5713
5625
5714
5626
5715
5627
5716
5628
5717
5629
5718
5630
5719
5631
5720
5632
5721
5633
5722
5634
5723
5635
5724
5636
5725
5637
5726
5638
5727
5639
5728
5640
5729
5641
5730
5642
5731
5643
5732
5644
5733
5645
5734
5646
5735
5647
5736
5648
5737
5649
5738
5650
5739
5651
5740
5652
5741
5653
5742
5654
5743
5655
5744
5656
5745
5657
5746
5658
5747
5659
5748
5660
5749
5661
5750
5662
5751
5663
5752
5664
5753
5665
5754
5666
5755
5667
5756
5668
5757
5669
5758
5670
5759
5671
5760
5672
5761
5673
5762
5674
5763
5675
5764
5676
5765
5677
5766
5678
5767
5679
5768
5680
5769
5681
5770
5682
5771
5683
5772
5684
5773
5685
5774
5686
5775
5687
5776
5688
5777
5689
5778
5690
5779
5691
5780
5692
5781
5693
5782
5694
5783
5695
5784
5696
5785
5697
5786
5698
5787
5699
5788
5789
5701
5790
5702
5791
5703
5792
5704
5793
5705
5794
5706
5795
5707
5796
5708
5797
5709
5798
5710
5799
5711
5800
5712
5801
5713
5802
5714
5803
5715
5804
5716
5805
5717
5806
5718
5807
5719
5808
5720
5809
5721
5810
5722
5811
5723
5812
5724
5813
5725
5814
5726
5815
5727
5816
5728
5817
5729
5818
5730
5819
5731
5820
5732
5821
5733
5822
5734
5823
5735
5824
5736
5825
5737
5826
5738
5827
5739
5828
5740
5829
5741
5830
5742
5831
5743
5832
5744
5833
5745
5834
5746
5835
5747
5836
5748
5837
5749
5838
5750
5839
5751
5840
5752
5841
5753
5842
5754
5843
5755
5844
5756
5845
5757
5846
5758
5847
5759
5848
5760
5849
5761
5850
5762
5851
5763
5852
5764
5853
5765
5854
5766
5855
5767
5856
5768
5857
5769
5858
5770
5859
5771
5860
5772
5861
5773
5862
5774
5863
5775
5864
5776
5865
5777
5866
5778
5867
5779
5868
5780
5869
5781
5870
5782
5871
5783
5872
5784
5873
5785
5874
5786
5875
5787
5876
5788
5877
5789
5878
5879
5791
5880
5792
5881
5793
5882
5794
5883
5795
5884
5796
5885
5797
5886
5798
5887
5799
5888
5800
5889
5801
5890
5802
5891
5803
5892
5804
5893
5805
5894
5806
5895
5807
5896
5808
5897
5809
5898
5810
5899
5811
5900
5812
5901
5813
5902
5814
5903
5815
5904
5816
5905
5817
5906
5818
5907
5819
5908
5820
5909
5821
5910
5822
5911
5823
5912
5824
5913
5825
5914
5826
5915
5827
5916
5828
5917
5829
5918
5830
5919
5831
5920
5832
5921
5833
5922
5834
5923
5835
5924
5836
5925
5837
5926
5838
5927
5839
5928
5840
5929
5841
5930
5842
5931
5843
5932
5844
5933
5845
5934
5846
5935
5847
5936
5848
5937
5849
5938
5850
5939
5851
5940
5852
5941
5853
5942
5854
5943
5855
5944
5856
5945
5857
5946
5858
5947
5859
5948
5860
5949
5861
5950
5862
5951
5863
5952
5864
5953
5865
5954
5866
5955
5867
5956
5868
5957
5869
5958
5870
5959
5871
5960
5872
5961
5873
5962
5874
5963
5875
5964
5876
5965
5877
5966
5878
5967
5879
5968
5969
5881
5970
5882
5971
5883
5972
5884
5973
5885
5974
5886
5975
5887
5976
5888
5977
5889
5978
5890
5979
5891
5980
5892
5981
5893
5982
5894
5983
5895
5984
5896
5985
5897
5986
5898
5987
5899
5988
5900
5989
5901
5990
5902
5991
5903
5992
5904
5993
5905
5994
5906
5995
5907
5996
5908
5997
5909
5998
5910
5999
5911
6000
5912
6001
5913
6002
5914
6003
5915
6004
5916
6005
5917
6006
5918
6007
5919
6008
5920
6009
5921
6010
5922
6011
5923
6012
5924
6013
5925
6014
5926
6015
5927
6016
5928
6017
5929
6018
5930
6019
5931
6020
5932
6021
5933
6022
5934
6023
5935
6024
5936
6025
5937
6026
5938
6027
5939
6028
5940
6029
5941
6030
5942
6031
5943
6032
5944
6033
5945
6034
5946
6035
5947
6036
5948
6037
5949
6038
5950
6039
5951
6040
5952
6041
5953
6042
5954
6043
5955
6044
5956
6045
5957
6046
5958
6047
5959
6048
5960
6049
5961
6050
5962
6051
5963
6052
5964
6053
5965
6054
5966
6055
5967
6056
5968
6057
5969
6058
6059
5971
6060
5972
6061
5973
6062
5974
6063
5975
6064
5976
6065
5977
6066
5978
6067
5979
6068
5980
6069
5981
6070
5982
6071
5983
6072
5984
6073
5985
6074
5986
6075
5987
6076
5988
6077
5989
6078
5990
6079
5991
6080
5992
6081
5993
6082
5994
6083
5995
6084
5996
6085
5997
6086
5998
6087
5999
6088
6000
6089
6001
6090
6002
6091
6003
6092
6004
6093
6005
6094
6006
6095
6007
6096
6008
6097
6009
6098
6010
6099
6011
6100
6012
6101
6013
6102
6014
6103
6015
6104
6016
6105
6017
6106
6018
6107
6019
6108
6020
6109
6021
6110
6022
6111
6023
6112
6024
6113
6025
6114
6026
6115
6027
6116
6028
6117
6029
6118
6030
6119
6031
6120
6032
6121
6033
6122
6034
6123
6035
6124
6036
6125
6037
6126
6038
6127
6039
6128
6040
6129
6041
6130
6042
6131
6043
6132
6044
6133
6045
6134
6046
6135
6047
6136
6048
6137
6049
6138
6050
6139
6051
6140
6052
6141
6053
6142
6054
6143
6055
6144
6056
6145
6057
6146
6058
6147
6059
6148
6149
6061
6150
6062
6151
6063
6152
6064
6153
6065
6154
6066
6155
6067
6156
6068
6157
6069
6158
6070
6159
6071
6160
6072
6161
6073
6162
6074
6163
6075
6164
6076
6165
6077
6166
6078
6167
6079
6168
6080
6169
6081
6170
6082
6171
6083
6172
6084
6173
6085
6174
6086
6175
6087
6176
6088
6177
6089
6178
6090
6179
6091
6180
6092
6181
6093
6182
6094
6183
6095
6184
6096
6185
6097
6186
6098
6187
6099
6188
6100
6189
6101
6190
6102
6191
6103
6192
6104
6193
6105
6194
6106
6195
6107
6196
6108
6197
6109
6198
6110
6199
6111
6200
6112
6201
6113
6202
6114
6203
6115
6204
6116
6205
6117
6206
6118
6207
6119
6208
6120
6209
6121
6210
6122
6211
6123
6212
6124
6213
6125
6214
6126
6215
6127
6216
6128
6217
6129
6218
6130
6219
6131
6220
6132
6221
6133
6222
6134
6223
6135
6224
6136
6225
6137
6226
6138
6227
6139
6228
6140
6229
6141
6230
6142
6231
6143
6232
6144
6233
6145
6234
6146
6235
6147
6236
6148
6237
6149
6238
6239
6151
6240
6152
6241
6153
6242
6154
6243
6155
6244
6156
6245
6157
6246
6158
6247
6159
6248
6160
6249
6161
6250
6162
6251
6163
6252
6164
6253
6165
6254
6166
6255
6167
6256
6168
6257
6169
6258
6170
6259
6171
6260
6172
6261
6173
6262
6174
6263
6175
6264
6176
6265
6177
6266
6178
6267
6179
6268
6180
6269
6181
6270
6182
6271
6183
6272
6184
6273
6185
6274
6186
6275
6187
6276
6188
6277
6189
6278
6190
6279
6191
6280
6192
6281
6193
6282
6194
6283
6195
6284
6196
6285
6197
6286
6198
6287
6199
6288
6200
6289
6201
6290
6202
6291
6203
6292
6204
6293
6205
6294
6206
6295
6207
6296
6208
6297
6209
6298
6210
6299
6211
6300
6212
6301
6213
6302
6214
6303
6215
6304
6216
6305
6217
6306
6218
6307
6219
6308
6220
6309
6221
6310
6222
6311
6223
6312
6224
6313
6225
6314
6226
6315
6227
6316
6228
6317
6229
6318
6230
6319
6231
6320
6232
6321
6233
6322
6234
6323
6235
6324
6236
6325
6237
6326
6238
6327
6239
6328
6329
6241
6330
6242
6331
6243
6332
6244
6333
6245
6334
6246
6335
6247
6336
6248
6337
6249
6338
6250
6339
6251
6340
6252
6341
6253
6342
6254
6343
6255
6344
6256
6345
6257
6346
6258
6347
6259
6348
6260
6349
6261
6350
6262
6351
6263
6352
6264
6353
6265
6354
6266
6355
6267
6356
6268
6357
6269
6358
6270
6359
6271
6360
6272
6361
6273
6362
6274
6363
6275
6364
6276
6365
6277
6366
6278
6367
6279
6368
6280
6369
6281
6370
6282
6371
6283
6372
6284
6373
6285
6374
6286
6375
6287
6376
6288
6377
6289
6378
6290
6379
6291
6380
6292
6381
6293
6382
6294
6383
6295
6384
6296
6385
6297
6386
6298
6387
6299
6388
6300
6389
6301
6390
6302
6391
6303
6392
6304
6393
6305
6394
6306
6395
6307
6396
6308
6397
6309
6398
6310
6399
6311
6400
6312
6401
6313
6402
6314
6403
6315
6404
6316
6405
6317
6406
6318
6407
6319
6408
6320
6409
6321
6410
6322
6411
6323
6412
6324
6413
6325
6414
6326
6415
6327
6416
6328
6417
6329
6418
6419
6331
6420
6332
6421
6333
6422
6334
6423
6335
6424
6336
6425
6337
6426
6338
6427
6339
6428
6340
6429
6341
6430
6342
6431
6343
6432
6344
6433
6345
6434
6346
6435
6347
6436
6348
6437
6349
6438
6350
6439
6351
6440
6352
6441
6353
6442
6354
6443
6355
6444
6356
6445
6357
6446
6358
6447
6359
6448
6360
6449
6361
6450
6362
6451
6363
6452
6364
6453
6365
6454
6366
6455
6367
6456
6368
6457
6369
6458
6370
6459
6371
6460
6372
6461
6373
6462
6374
6463
6375
6464
6376
6465
6377
6466
6378
6467
6379
6468
6380
6469
6381
6470
6382
6471
6383
6472
6384
6473
6385
6474
6386
6475
6387
6476
6388
6477
6389
6478
6390
6479
6391
6480
6392
6481
6393
6482
6394
6483
6395
6484
6396
6485
6397
6486
6398
6487
6399
6488
6400
6489
6401
6490
6402
6491
6403
6492
6404
6493
6405
6494
6406
6495
6407
6496
6408
6497
6409
6498
6410
6499
6411
6500
6412
6501
6413
6502
6414
6503
6415
6504
6416
6505
6417
6506
6418
6507
6419
6508
6509
6421
6510
6422
6511
6423
6512
6424
6513
6425
6514
6426
6515
6427
6516
6428
6517
6429
6518
6430
6519
6431
6520
6432
6521
6433
6522
6434
6523
6435
6524
6436
6525
6437
6526
6438
6527
6439
6528
6440
6529
6441
6530
6442
6531
6443
6532
6444
6533
6445
6534
6446
6535
6447
6536
6448
6537
6449
6538
6450
6539
6451
6540
6452
6541
6453
6542
6454
6543
6455
6544
6456
6545
6457
6546
6458
6547
6459
6548
6460
6549
6461
6550
6462
6551
6463
6552
6464
6553
6465
6554
6466
6555
6467
6556
6468
6557
6469
6558
6470
6559
6471
6560
6472
6561
6473
6562
6474
6563
6475
6564
6476
6565
6477
6566
6478
6567
6479
6568
6480
6569
6481
6570
6482
6571
6483
6572
6484
6573
6485
6574
6486
6575
6487
6576
6488
6577
6489
6578
6490
6579
6491
6580
6492
6581
6493
6582
6494
6583
6495
6584
6496
6585
6497
6586
6498
6587
6499
6588
6500
6589
6501
6590
6502
6591
6503
6592
6504
6593
6505
6594
6506
6595
6507
6596
6508
6597
6509
6598
6599
6511
6600
6512
6601
6513
6602
6514
6603
6515
6604
6516
6605
6517
6606
6518
6607
6519
6608
6520
6609
6521
6610
6522
6611
6523
6612
6524
6613
6525
6614
6526
6615
6527
6616
6528
6617
6529
6618
6530
6619
6531
6620
6532
6621
6533
6622
6534
6623
6535
6624
6536
6625
6537
6626
6538
6627
6539
6628
6540
6629
6541
6630
6542
6631
6543
6632
6544
6633
6545
6634
6546
6635
6547
6636
6548
6637
6549
6638
6550
6639
6551
6640
6552
6641
6553
6642
6554
6643
6555
6644
6556
6645
6557
6646
6558
6647
6559
6648
6560
6649
6561
6650
6562
6651
6563
6652
6564
6653
6565
6654
6566
6655
6567
6656
6568
6657
6569
6658
6570
6659
6571
6660
6572
6661
6573
6662
6574
6663
6575
6664
6576
6665
6577
6666
6578
6667
6579
6668
6580
6669
6581
6670
6582
6671
6583
6672
6584
6673
6585
6674
6586
6675
6587
6676
6588
6677
6589
6678
6590
6679
6591
6680
6592
6681
6593
6682
6594
6683
6595
6684
6596
6685
6597
6686
6598
6687
6599
6688
6689
6601
6690
6602
6691
6603
6692
6604
6693
6605
6694
6606
6695
6607
6696
6608
6697
6609
6698
6610
6699
6611
6700
6612
6701
6613
6702
6614
6703
6615
6704
6616
6705
6617
6706
6618
6707
6619
6708
6620
6709
6621
6710
6622
6711
6623
6712
6624
6713
6625
6714
6626
6715
6627
6716
6628
6717
6629
6718
6630
6719
6631
6720
6632
6721
6633
6722
6634
6723
6635
6724
6636
6725
6637
6726
6638
6727
6639
6728
6640
6729
6641
6730
6642
6731
6643
6732
6644
6733
6645
6734
6646
6735
6647
6736
6648
6737
6649
6738
6650
6739
6651
6740
6652
6741
6653
6742
6654
6743
6655
6744
6656
6745
6657
6746
6658
6747
6659
6748
6660
6749
6661
6750
6662
6751
6663
6752
6664
6753
6665
6754
6666
6755
6667
6756
6668
6757
6669
6758
6670
6759
6671
6760
6672
6761
6673
6762
6674
6763
6675
6764
6676
6765
6677
6766
6678
6767
6679
6768
6680
6769
6681
6770
6682
6771
6683
6772
6684
6773
6685
6774
6686
6775
6687
6776
6688
6777
6689
6778
6779
6691
6780
6692
6781
6693
6782
6694
6783
6695
6784
6696
6785
6697
6786
6698
6787
6699
6788
6700
6789
6701
6790
6702
6791
6703
6792
6704
6793
6705
6794
6706
6795
6707
6796
6708
6797
6709
6798
6710
6799
6711
6800
6712
6801
6713
6802
6714
6803
6715
6804
6716
6805
6717
6806
6718
6807
6719
6808
6720
6809
6721
6810
6722
6811
6723
6812
6724
6813
6725
6814
6726
6815
6727
6816
6728
6817
6729
6818
6730
6819
6731
6820
6732
6821
6733
6822
6734
6823
6735
6824
6736
6825
6737
6826
6738
6827
6739
6828
6740
6829
6741
6830
6742
6831
6743
6832
6744
6833
6745
6834
6746
6835
6747
6836
6748
6837
6749
6838
6750
6839
6751
6840
6752
6841
6753
6842
6754
6843
6755
6844
6756
6845
6757
6846
6758
6847
6759
6848
6760
6849
6761
6850
6762
6851
6763
6852
6764
6853
6765
6854
6766
6855
6767
6856
6768
6857
6769
6858
6770
6859
6771
6860
6772
6861
6773
6862
6774
6863
6775
6864
6776
6865
6777
6866
6778
6867
6779
6868
6869
6781
6870
6782
6871
6783
6872
6784
6873
6785
6874
6786
6875
6787
6876
6788
6877
6789
6878
6790
6879
6791
6880
6792
6881
6793
6882
6794
6883
6795
6884
6796
6885
6797
6886
6798
6887
6799
6888
6800
6889
6801
6890
6802
6891
6803
6892
6804
6893
6805
6894
6806
6895
6807
6896
6808
6897
6809
6898
6810
6899
6811
6900
6812
6901
6813
6902
6814
6903
6815
6904
6816
6905
6817
6906
6818
6907
6819
6908
6820
6909
6821
6910
6822
6911
6823
6912
6824
6913
6825
6914
6826
6915
6827
6916
6828
6917
6829
6918
6830
6919
6831
6920
6832
6921
6833
6922
6834
6923
6835
6924
6836
6925
6837
6926
6838
6927
6839
6928
6840
6929
6841
6930
6842
6931
6843
6932
6844
6933
6845
6934
6846
6935
6847
6936
6848
6937
6849
6938
6850
6939
6851
6940
6852
6941
6853
6942
6854
6943
6855
6944
6856
6945
6857
6946
6858
6947
6859
6948
6860
6949
6861
6950
6862
6951
6863
6952
6864
6953
6865
6954
6866
6955
6867
6956
6868
6957
6869
6958
6959
6871
6960
6872
6961
6873
6962
6874
6963
6875
6964
6876
6965
6877
6966
6878
6967
6879
6968
6880
6969
6881
6970
6882
6971
6883
6972
6884
6973
6885
6974
6886
6975
6887
6976
6888
6977
6889
6978
6890
6979
6891
6980
6892
6981
6893
6982
6894
6983
6895
6984
6896
6985
6897
6986
6898
6987
6899
6988
6900
6989
6901
6990
6902
6991
6903
6992
6904
6993
6905
6994
6906
6995
6907
6996
6908
6997
6909
6998
6910
6999
6911
7000
6912
7001
6913
7002
6914
7003
6915
7004
6916
7005
6917
7006
6918
7007
6919
7008
6920
7009
6921
7010
6922
7011
6923
7012
6924
7013
6925
7014
6926
7015
6927
7016
6928
7017
6929
7018
6930
7019
6931
7020
6932
7021
6933
7022
6934
7023
6935
7024
6936
7025
6937
7026
6938
7027
6939
7028
6940
7029
6941
7030
6942
7031
6943
7032
6944
7033
6945
7034
6946
7035
6947
7036
6948
7037
6949
7038
6950
7039
6951
7040
6952
7041
6953
7042
6954
7043
6955
7044
6956
7045
6957
7046
6958
7047
6959
7048
7049
6961
7050
6962
7051
6963
7052
6964
7053
6965
7054
6966
7055
6967
7056
6968
7057
6969
7058
6970
7059
6971
7060
6972
7061
6973
7062
6974
7063
6975
7064
6976
7065
6977
7066
6978
7067
6979
7068
6980
7069
6981
7070
6982
7071
6983
7072
6984
7073
6985
7074
6986
7075
6987
7076
6988
7077
6989
7078
6990
7079
6991
7080
6992
7081
6993
7082
6994
7083
6995
7084
6996
7085
6997
7086
6998
7087
6999
7088
7000
7089
7001
7090
7002
7091
7003
7092
7004
7093
7005
7094
7006
7095
7007
7096
7008
7097
7009
7098
7010
7099
7011
7100
7012
7101
7013
7102
7014
7103
7015
7104
7016
7105
7017
7106
7018
7107
7019
7108
7020
7109
7021
7110
7022
7111
7023
7112
7024
7113
7025
7114
7026
7115
7027
7116
7028
7117
7029
7118
7030
7119
7031
7120
7032
7121
7033
7122
7034
7123
7035
7124
7036
7125
7037
7126
7038
7127
7039
7128
7040
7129
7041
7130
7042
7131
7043
7132
7044
7133
7045
7134
7046
7135
7047
7136
7048
7137
7049
7138
7139
7051
7140
7052
7141
7053
7142
7054
7143
7055
7144
7056
7145
7057
7146
7058
7147
7059
7148
7060
7149
7061
7150
7062
7151
7063
7152
7064
7153
7065
7154
7066
7155
7067
7156
7068
7157
7069
7158
7070
7159
7071
7160
7072
7161
7073
7162
7074
7163
7075
7164
7076
7165
7077
7166
7078
7167
7079
7168
7080
7169
7081
7170
7082
7171
7083
7172
7084
7173
7085
7174
7086
7175
7087
7176
7088
7177
7089
7178
7090
7179
7091
7180
7092
7181
7093
7182
7094
7183
7095
7184
7096
7185
7097
7186
7098
7187
7099
7188
7100
7189
7101
7190
7102
7191
7103
7192
7104
7193
7105
7194
7106
7195
7107
7196
7108
7197
7109
7198
7110
7199
7111
7200
7112
7201
7113
7202
7114
7203
7115
7204
7116
7205
7117
7206
7118
7207
7119
7208
7120
7209
7121
7210
7122
7211
7123
7212
7124
7213
7125
7214
7126
7215
7127
7216
7128
7217
7129
7218
7130
7219
7131
7220
7132
7221
7133
7222
7134
7223
7135
7224
7136
7225
7137
7226
7138
7227
7139
7228
7229
7141
7230
7142
7231
7143
7232
7144
7233
7145
7234
7146
7235
7147
7236
7148
7237
7149
7238
7150
7239
7151
7240
7152
7241
7153
7242
7154
7243
7155
7244
7156
7245
7157
7246
7158
7247
7159
7248
7160
7249
7161
7250
7162
7251
7163
7252
7164
7253
7165
7254
7166
7255
7167
7256
7168
7257
7169
7258
7170
7259
7171
7260
7172
7261
7173
7262
7174
7263
7175
7264
7176
7265
7177
7266
7178
7267
7179
7268
7180
7269
7181
7270
7182
7271
7183
7272
7184
7273
7185
7274
7186
7275
7187
7276
7188
7277
7189
7278
7190
7279
7191
7280
7192
7281
7193
7282
7194
7283
7195
7284
7196
7285
7197
7286
7198
7287
7199
7288
7200
7289
7201
7290
7202
7291
7203
7292
7204
7293
7205
7294
7206
7295
7207
7296
7208
7297
7209
7298
7210
7299
7211
7300
7212
7301
7213
7302
7214
7303
7215
7304
7216
7305
7217
7306
7218
7307
7219
7308
7220
7309
7221
7310
7222
7311
7223
7312
7224
7313
7225
7314
7226
7315
7227
7316
7228
7317
7229
7318
7319
7231
7320
7232
7321
7233
7322
7234
7323
7235
7324
7236
7325
7237
7326
7238
7327
7239
7328
7240
7329
7241
7330
7242
7331
7243
7332
7244
7333
7245
7334
7246
7335
7247
7336
7248
7337
7249
7338
7250
7339
7251
7340
7252
7341
7253
7342
7254
7343
7255
7344
7256
7345
7257
7346
7258
7347
7259
7348
7260
7349
7261
7350
7262
7351
7263
7352
7264
7353
7265
7354
7266
7355
7267
7356
7268
7357
7269
7358
7270
7359
7271
7360
7272
7361
7273
7362
7274
7363
7275
7364
7276
7365
7277
7366
7278
7367
7279
7368
7280
7369
7281
7370
7282
7371
7283
7372
7284
7373
7285
7374
7286
7375
7287
7376
7288
7377
7289
7378
7290
7379
7291
7380
7292
7381
7293
7382
7294
7383
7295
7384
7296
7385
7297
7386
7298
7387
7299
7388
7300
7389
7301
7390
7302
7391
7303
7392
7304
7393
7305
7394
7306
7395
7307
7396
7308
7397
7309
7398
7310
7399
7311
7400
7312
7401
7313
7402
7314
7403
7315
7404
7316
7405
7317
7406
7318
7407
7319
7408
7409
7321
7410
7322
7411
7323
7412
7324
7413
7325
7414
7326
7415
7327
7416
7328
7417
7329
7418
7330
7419
7331
7420
7332
7421
7333
7422
7334
7423
7335
7424
7336
7425
7337
7426
7338
7427
7339
7428
7340
7429
7341
7430
7342
7431
7343
7432
7344
7433
7345
7434
7346
7435
7347
7436
7348
7437
7349
7438
7350
7439
7351
7440
7352
7441
7353
7442
7354
7443
7355
7444
7356
7445
7357
7446
7358
7447
7359
7448
7360
7449
7361
7450
7362
7451
7363
7452
7364
7453
7365
7454
7366
7455
7367
7456
7368
7457
7369
7458
7370
7459
7371
7460
7372
7461
7373
7462
7374
7463
7375
7464
7376
7465
7377
7466
7378
7467
7379
7468
7380
7469
7381
7470
7382
7471
7383
7472
7384
7473
7385
7474
7386
7475
7387
7476
7388
7477
7389
7478
7390
7479
7391
7480
7392
7481
7393
7482
7394
7483
7395
7484
7396
7485
7397
7486
7398
7487
7399
7488
7400
7489
7401
7490
7402
7491
7403
7492
7404
7493
7405
7494
7406
7495
7407
7496
7408
7497
7409
7498
7499
7411
7500
7412
7501
7413
7502
7414
7503
7415
7504
7416
7505
7417
7506
7418
7507
7419
7508
7420
7509
7421
7510
7422
7511
7423
7512
7424
7513
7425
7514
7426
7515
7427
7516
7428
7517
7429
7518
7430
7519
7431
7520
7432
7521
7433
7522
7434
7523
7435
7524
7436
7525
7437
7526
7438
7527
7439
7528
7440
7529
7441
7530
7442
7531
7443
7532
7444
7533
7445
7534
7446
7535
7447
7536
7448
7537
7449
7538
7450
7539
7451
7540
7452
7541
7453
7542
7454
7543
7455
7544
7456
7545
7457
7546
7458
7547
7459
7548
7460
7549
7461
7550
7462
7551
7463
7552
7464
7553
7465
7554
7466
7555
7467
7556
7468
7557
7469
7558
7470
7559
7471
7560
7472
7561
7473
7562
7474
7563
7475
7564
7476
7565
7477
7566
7478
7567
7479
7568
7480
7569
7481
7570
7482
7571
7483
7572
7484
7573
7485
7574
7486
7575
7487
7576
7488
7577
7489
7578
7490
7579
7491
7580
7492
7581
7493
7582
7494
7583
7495
7584
7496
7585
7497
7586
7498
7587
7499
7588
7589
7501
7590
7502
7591
7503
7592
7504
7593
7505
7594
7506
7595
7507
7596
7508
7597
7509
7598
7510
7599
7511
7600
7512
7601
7513
7602
7514
7603
7515
7604
7516
7605
7517
7606
7518
7607
7519
7608
7520
7609
7521
7610
7522
7611
7523
7612
7524
7613
7525
7614
7526
7615
7527
7616
7528
7617
7529
7618
7530
7619
7531
7620
7532
7621
7533
7622
7534
7623
7535
7624
7536
7625
7537
7626
7538
7627
7539
7628
7540
7629
7541
7630
7542
7631
7543
7632
7544
7633
7545
7634
7546
7635
7547
7636
7548
7637
7549
7638
7550
7639
7551
7640
7552
7641
7553
7642
7554
7643
7555
7644
7556
7645
7557
7646
7558
7647
7559
7648
7560
7649
7561
7650
7562
7651
7563
7652
7564
7653
7565
7654
7566
7655
7567
7656
7568
7657
7569
7658
7570
7659
7571
7660
7572
7661
7573
7662
7574
7663
7575
7664
7576
7665
7577
7666
7578
7667
7579
7668
7580
7669
7581
7670
7582
7671
7583
7672
7584
7673
7585
7674
7586
7675
7587
7676
7588
7677
7589
7678
7679
7591
7680
7592
7681
7593
7682
7594
7683
7595
7684
7596
7685
7597
7686
7598
7687
7599
7688
7600
7689
7601
7690
7602
7691
7603
7692
7604
7693
7605
7694
7606
7695
7607
7696
7608
7697
7609
7698
7610
7699
7611
7700
7612
7701
7613
7702
7614
7703
7615
7704
7616
7705
7617
7706
7618
7707
7619
7708
7620
7709
7621
7710
7622
7711
7623
7712
7624
7713
7625
7714
7626
7715
7627
7716
7628
7717
7629
7718
7630
7719
7631
7720
7632
7721
7633
7722
7634
7723
7635
7724
7636
7725
7637
7726
7638
7727
7639
7728
7640
7729
7641
7730
7642
7731
7643
7732
7644
7733
7645
7734
7646
7735
7647
7736
7648
7737
7649
7738
7650
7739
7651
7740
7652
7741
7653
7742
7654
7743
7655
7744
7656
7745
7657
7746
7658
7747
7659
7748
7660
7749
7661
7750
7662
7751
7663
7752
7664
7753
7665
7754
7666
7755
7667
7756
7668
7757
7669
7758
7670
7759
7671
7760
7672
7761
7673
7762
7674
7763
7675
7764
7676
7765
7677
7766
7678
7767
7679
7768
7769
7681
7770
7682
7771
7683
7772
7684
7773
7685
7774
7686
7775
7687
7776
7688
7777
7689
7778
7690
7779
7691
7780
7692
7781
7693
7782
7694
7783
7695
7784
7696
7785
7697
7786
7698
7787
7699
7788
7700
7789
7701
7790
7702
7791
7703
7792
7704
7793
7705
7794
7706
7795
7707
7796
7708
7797
7709
7798
7710
7799
7711
7800
7712
7801
7713
7802
7714
7803
7715
7804
7716
7805
7717
7806
7718
7807
7719
7808
7720
7809
7721
7810
7722
7811
7723
7812
7724
7813
7725
7814
7726
7815
7727
7816
7728
7817
7729
7818
7730
7819
7731
7820
7732
7821
7733
7822
7734
7823
7735
7824
7736
7825
7737
7826
7738
7827
7739
7828
7740
7829
7741
7830
7742
7831
7743
7832
7744
7833
7745
7834
7746
7835
7747
7836
7748
7837
7749
7838
7750
7839
7751
7840
7752
7841
7753
7842
7754
7843
7755
7844
7756
7845
7757
7846
7758
7847
7759
7848
7760
7849
7761
7850
7762
7851
7763
7852
7764
7853
7765
7854
7766
7855
7767
7856
7768
7857
7769
7858
7859
7771
7860
7772
7861
7773
7862
7774
7863
7775
7864
7776
7865
7777
7866
7778
7867
7779
7868
7780
7869
7781
7870
7782
7871
7783
7872
7784
7873
7785
7874
7786
7875
7787
7876
7788
7877
7789
7878
7790
7879
7791
7880
7792
7881
7793
7882
7794
7883
7795
7884
7796
7885
7797
7886
7798
7887
7799
7888
7800
7889
7801
7890
7802
7891
7803
7892
7804
7893
7805
7894
7806
7895
7807
7896
7808
7897
7809
7898
7810
7899
7811
7900
7812
7901
7813
7902
7814
7903
7815
7904
7816
7905
7817
7906
7818
7907
7819
7908
7820
7909
7821
7910
7822
7911
7823
7912
7824
7913
7825
7914
7826
7915
7827
7916
7828
7917
7829
7918
7830
7919
7831
7920
7832
7921
7833
7922
7834
7923
7835
7924
7836
7925
7837
7926
7838
7927
7839
7928
7840
7929
7841
7930
7842
7931
7843
7932
7844
7933
7845
7934
7846
7935
7847
7936
7848
7937
7849
7938
7850
7939
7851
7940
7852
7941
7853
7942
7854
7943
7855
7944
7856
7945
7857
7946
7858
7947
7859
7948
7949
7861
7950
7862
7951
7863
7952
7864
7953
7865
7954
7866
7955
7867
7956
7868
7957
7869
7958
7870
7959
7871
7960
7872
7961
7873
7962
7874
7963
7875
7964
7876
7965
7877
7966
7878
7967
7879
7968
7880
7969
7881
7970
7882
7971
7883
7972
7884
7973
7885
7974
7886
7975
7887
7976
7888
7977
7889
7978
7890
7979
7891
7980
7892
7981
7893
7982
7894
7983
7895
7984
7896
7985
7897
7986
7898
7987
7899
7988
7900
7989
7901
7990
7902
7991
7903
7992
7904
7993
7905
7994
7906
7995
7907
7996
7908
7997
7909
7998
7910
7999
7911
8000
7912
8001
7913
8002
7914
8003
7915
8004
7916
8005
7917
8006
7918
8007
7919
8008
7920
8009
7921
8010
7922
8011
7923
8012
7924
8013
7925
8014
7926
8015
7927
8016
7928
8017
7929
8018
7930
8019
7931
8020
7932
8021
7933
8022
7934
8023
7935
8024
7936
8025
7937
8026
7938
8027
7939
8028
7940
8029
7941
8030
7942
8031
7943
8032
7944
8033
7945
8034
7946
8035
7947
8036
7948
8037
7949
8038
8039
7951
8040
7952
8041
7953
8042
7954
8043
7955
8044
7956
8045
7957
8046
7958
8047
7959
8048
7960
8049
7961
8050
7962
8051
7963
8052
7964
8053
7965
8054
7966
8055
7967
8056
7968
8057
7969
8058
7970
8059
7971
8060
7972
8061
7973
8062
7974
8063
7975
8064
7976
8065
7977
8066
7978
8067
7979
8068
7980
8069
7981
8070
7982
8071
7983
8072
7984
8073
7985
8074
7986
8075
7987
8076
7988
8077
7989
8078
7990
8079
7991
8080
7992
8081
7993
8082
7994
8083
7995
8084
7996
8085
7997
8086
7998
8087
7999
8088
8000
8089
8001
8090
8002
8091
8003
8092
8004
8093
8005
8094
8006
8095
8007
8096
8008
8097
8009
8098
8010
8099
8011
8100
8012
8101
8013
8102
8014
8103
8015
8104
8016
8105
8017
8106
8018
8107
8019
8108
8020
8109
8021
8110
8022
8111
8023
8112
8024
8113
8025
8114
8026
8115
8027
8116
8028
8117
8029
8118
8030
8119
8031
8120
8032
8121
8033
8122
8034
8123
8035
8124
8036
8125
8037
8126
8038
8127
8039
8128
8129
8041
8130
8042
8131
8043
8132
8044
8133
8045
8134
8046
8135
8047
8136
8048
8137
8049
8138
8050
8139
8051
8140
8052
8141
8053
8142
8054
8143
8055
8144
8056
8145
8057
8146
8058
8147
8059
8148
8060
8149
8061
8150
8062
8151
8063
8152
8064
8153
8065
8154
8066
8155
8067
8156
8068
8157
8069
8158
8070
8159
8071
8160
8072
8161
8073
8162
8074
8163
8075
8164
8076
8165
8077
8166
8078
8167
8079
8168
8080
8169
8081
8170
8082
8171
8083
8172
8084
8173
8085
8174
8086
8175
8087
8176
8088
8177
8089
8178
8090
8179
8091
8180
8092
8181
8093
8182
8094
8183
8095
8184
8096
8185
8097
8186
8098
8187
8099
8188
8100
8189
8101
8190
8102
8191
8103
8192
8104
8193
8105
8194
8106
8195
8107
8196
8108
8197
8109
8198
8110
8199
8111
8200
8112
8201
8113
8202
8114
8203
8115
8204
8116
8205
8117
8206
8118
8207
8119
8208
8120
8209
8121
8210
8122
8211
8123
8212
8124
8213
8125
8214
8126
8215
8127
8216
8128
8217
8129
8218
8219
8131
8220
8132
8221
8133
8222
8134
8223
8135
8224
8136
8225
8137
8226
8138
8227
8139
8228
8140
8229
8141
8230
8142
8231
8143
8232
8144
8233
8145
8234
8146
8235
8147
8236
8148
8237
8149
8238
8150
8239
8151
8240
8152
8241
8153
8242
8154
8243
8155
8244
8156
8245
8157
8246
8158
8247
8159
8248
8160
8249
8161
8250
8162
8251
8163
8252
8164
8253
8165
8254
8166
8255
8167
8256
8168
8257
8169
8258
8170
8259
8171
8260
8172
8261
8173
8262
8174
8263
8175
8264
8176
8265
8177
8266
8178
8267
8179
8268
8180
8269
8181
8270
8182
8271
8183
8272
8184
8273
8185
8274
8186
8275
8187
8276
8188
8277
8189
8278
8190
8279
8191
8280
8192
8281
8193
8282
8194
8283
8195
8284
8196
8285
8197
8286
8198
8287
8199
8288
8200
8289
8201
8290
8202
8291
8203
8292
8204
8293
8205
8294
8206
8295
8207
8296
8208
8297
8209
8298
8210
8299
8211
8300
8212
8301
8213
8302
8214
8303
8215
8304
8216
8305
8217
8306
8218
8307
8219
8308
8309
8221
8310
8222
8311
8223
8312
8224
8313
8225
8314
8226
8315
8227
8316
8228
8317
8229
8318
8230
8319
8231
8320
8232
8321
8233
8322
8234
8323
8235
8324
8236
8325
8237
8326
8238
8327
8239
8328
8240
8329
8241
8330
8242
8331
8243
8332
8244
8333
8245
8334
8246
8335
8247
8336
8248
8337
8249
8338
8250
8339
8251
8340
8252
8341
8253
8342
8254
8343
8255
8344
8256
8345
8257
8346
8258
8347
8259
8348
8260
8349
8261
8350
8262
8351
8263
8352
8264
8353
8265
8354
8266
8355
8267
8356
8268
8357
8269
8358
8270
8359
8271
8360
8272
8361
8273
8362
8274
8363
8275
8364
8276
8365
8277
8366
8278
8367
8279
8368
8280
8369
8281
8370
8282
8371
8283
8372
8284
8373
8285
8374
8286
8375
8287
8376
8288
8377
8289
8378
8290
8379
8291
8380
8292
8381
8293
8382
8294
8383
8295
8384
8296
8385
8297
8386
8298
8387
8299
8388
8300
8389
8301
8390
8302
8391
8303
8392
8304
8393
8305
8394
8306
8395
8307
8396
8308
8397
8309
8398
8399
8311
8312
8313
8314
8315
8316
8317
8318
8319
8320
8321
8322
8323
8324
8325
8326
8327
8328
8329
8330
8331
8332
8333
8334
8335
8336
8337
8338
8339
8340
8341
8342
8343
8344
8345
8346
8347
8348
8349
8350
8351
8352
8353
8354
8355
8356
8357
8358
8359
8360
8361
8362
8363
8364
8365
8366
8367
8368
8369
8370
8371
8372
8373
8374
8375
8376
8377
8378
8379
8380
8381
8382
8383
8384
8385
8386
8387
8388
8389
8390
8391
8392
8393
8394
8395
8396
8397
8398
8399
)


// ************************************************************************* //
