/*--------------------------------*- C++ -*----------------------------------*\
| =========                 |                                                 |
| \\      /  F ield         | OpenFOAM: The Open Source CFD Toolbox           |
|  \\    /   O peration     | Version:  2312                                  |
|   \\  /    A nd           | Website:  www.openfoam.com                      |
|    \\/     M anipulation  |                                                 |
\*---------------------------------------------------------------------------*/
FoamFile
{
    version     2.0;
    format      ascii;
    arch        "LSB;label=32;scalar=64";
    class       surfaceScalarField;
    location    "5100";
    object      phi;
}
// * * * * * * * * * * * * * * * * * * * * * * * * * * * * * * * * * * * * * //

dimensions      [0 3 -1 0 0 0 0];

oriented        oriented;

internalField   nonuniform List<scalar> 
3120
(
0.00015625
-9.82032e-15
0.00015625
-8.32586e-15
0.00015625
-4.91661e-15
0.00015625
-9.81691e-15
0.00015625
-1.4358e-13
0.00015625
2.31144e-13
0.00015625
3.4776e-13
0.00015625
-7.32514e-13
0.00015625
-1.61556e-15
0.00015625
7.12356e-13
0.00015625
-7.12303e-13
0.00015625
-1.2004e-15
0.00015625
7.4701e-13
0.00015625
-7.36634e-16
0.00015625
-7.48449e-13
0.00015625
-3.9221e-16
0.00015625
7.10144e-13
0.00015625
-7.15926e-13
0.00015625
-2.36973e-16
0.00015625
7.15414e-13
0.00015625
-7.10643e-13
0.00015625
-6.09999e-17
0.00015625
7.47984e-13
0.00015625
2.41499e-16
0.00015625
-7.47354e-13
0.00015625
1.06665e-15
0.00015625
7.12584e-13
0.00015625
-7.10975e-13
0.00015625
6.71887e-16
0.00015625
7.49258e-13
0.00015625
1.93727e-15
0.00015625
-7.45214e-13
0.00015625
3.67191e-15
0.00015625
7.15423e-13
0.00015625
-7.08793e-13
0.00015625
9.70519e-15
0.00015625
7.29188e-13
0.00015625
-6.94688e-13
0.00015625
8.29446e-15
7.33591e-13
0.000453125
-2.2997e-14
0.000453125
-2.01503e-14
0.000453125
-2.40932e-14
0.000453125
-3.09868e-13
0.000453125
5.14971e-13
0.000453125
3.51051e-13
0.000453125
-1.20177e-12
0.000453125
1.02446e-12
0.000453125
-2.65453e-14
0.000453125
-1.7948e-12
0.000453125
1.79054e-12
0.000453125
4.16396e-14
0.000453125
-2.89541e-13
0.000453125
-3.03516e-15
0.000453125
2.83342e-13
0.000453125
-4.84478e-14
0.000453125
-1.79897e-12
0.000453125
1.78679e-12
0.000453125
-8.49337e-16
0.000453125
-1.78847e-12
0.000453125
1.79733e-12
0.000453125
4.69135e-14
0.000453125
-2.84809e-13
0.000453125
1.75332e-15
0.000453125
2.88767e-13
0.000453125
-4.15795e-14
0.000453125
-1.78906e-12
0.000453125
1.79524e-12
0.000453125
4.80784e-14
0.000453125
-2.81691e-13
0.000453125
6.32584e-15
0.000453125
2.94594e-13
0.000453125
-3.46707e-14
0.000453125
-1.78165e-12
0.000453125
1.80931e-12
0.000453125
2.96166e-14
0.000453125
-1.74558e-12
0.000453125
1.86026e-12
0.000453125
1.48827e-13
-1.18627e-13
0.000734375
-3.38406e-14
0.000734375
-4.07606e-14
0.000734375
-4.82268e-13
0.000734375
7.39082e-13
0.000734375
5.94026e-13
0.000734375
-1.76497e-12
0.000734375
8.10344e-13
0.000734375
6.7512e-13
0.000734375
-1.15644e-12
0.000734375
1.35745e-13
0.000734375
-1.29705e-13
0.000734375
2.27505e-12
0.000734375
-2.44841e-12
0.000734375
-6.71127e-15
0.000734375
2.43458e-12
0.000734375
-2.2902e-12
0.000734375
1.15398e-13
0.000734375
-1.67545e-13
0.000734375
-1.7067e-15
0.000734375
1.64231e-13
0.000734375
-1.18562e-13
0.000734375
2.28712e-12
0.000734375
-2.4373e-12
0.000734375
4.65085e-15
0.000734375
2.44731e-12
0.000734375
-2.27451e-12
0.000734375
1.29515e-13
0.000734375
-1.16442e-13
0.000734375
2.288e-12
0.000734375
-2.43268e-12
0.000734375
1.19108e-14
0.000734375
2.45655e-12
0.000734375
-2.26417e-12
0.000734375
1.46403e-13
0.000734375
-1.30654e-13
0.000734375
4.15127e-14
0.000734375
2.12457e-13
0.000734375
-7.18638e-14
0.000734375
2.31036e-12
-2.48465e-12
0.001
-5.11677e-14
0.001
-6.48139e-13
0.001
9.39541e-13
0.001
8.07439e-13
0.001
-2.28245e-12
0.001
9.98398e-13
0.001
8.63911e-13
0.001
-2.20508e-12
0.001
1.05517e-12
0.001
1.60419e-12
0.001
-1.11622e-13
0.001
-3.35273e-12
0.001
3.19849e-12
0.001
-1.14543e-14
0.001
-3.22202e-12
0.001
3.33059e-12
0.001
7.43382e-14
0.001
-3.13579e-12
0.001
-2.65965e-15
0.001
3.13051e-12
0.001
-7.94675e-14
0.001
-3.33534e-12
0.001
3.21794e-12
0.001
8.48963e-15
0.001
-3.19982e-12
0.001
3.35064e-12
0.001
1.27449e-13
0.001
-1.06091e-13
0.001
-3.32856e-12
0.001
3.22353e-12
0.001
1.78562e-14
0.001
-3.18799e-12
0.001
3.37003e-12
0.001
1.19896e-13
0.001
-3.08372e-12
0.001
5.52535e-14
0.001
3.19104e-12
0.001
-2.5275e-14
0.001
-3.31049e-12
3.16844e-12
0.00125
-7.94969e-13
0.00125
1.1249e-12
0.00125
1.00362e-12
0.00125
-2.77526e-12
0.00125
1.18526e-12
0.00125
1.05272e-12
0.00125
-2.71461e-12
0.00125
1.24703e-12
0.00125
1.13676e-12
0.00125
1.01569e-12
0.00125
-1.95938e-12
0.00125
5.45685e-14
0.00125
-2.07716e-13
0.00125
-1.68798e-14
0.00125
1.7638e-13
0.00125
-9.88801e-14
0.00125
7.39026e-14
0.00125
2.31691e-13
0.00125
-3.73357e-15
0.00125
-2.39206e-13
0.00125
-8.11939e-14
0.00125
9.23319e-14
0.00125
-1.81869e-13
0.00125
1.28709e-14
0.00125
2.03074e-13
0.00125
-4.2837e-14
0.00125
3.80177e-12
0.00125
-3.77151e-12
0.00125
7.42609e-14
0.00125
-1.69636e-13
0.00125
2.35925e-14
0.00125
2.22725e-13
0.00125
-4.60845e-14
0.00125
1.33775e-13
0.00125
2.99074e-13
0.00125
7.12076e-14
0.00125
-1.57144e-13
0.00125
8.2739e-15
0.00125
1.98954e-13
-3.52831e-14
0.00148437
2.15927e-12
0.00148437
1.19164e-12
0.00148437
-3.23808e-12
0.00148437
1.35827e-12
0.00148437
1.23419e-12
0.00148437
-3.18335e-12
0.00148437
1.412e-12
0.00148437
1.31446e-12
0.00148437
1.21365e-12
0.00148437
-3.21891e-12
0.00148437
1.36593e-12
0.00148437
2.17634e-12
0.00148437
-4.50289e-12
0.00148437
-1.96657e-14
0.00148437
4.45003e-12
0.00148437
-4.39525e-12
0.00148437
6.01557e-14
0.00148437
4.54076e-12
0.00148437
-5.06053e-15
0.00148437
-4.55068e-12
0.00148437
-6.9572e-14
0.00148437
4.38669e-12
0.00148437
-4.45715e-12
0.00148437
1.18847e-14
0.00148437
4.51001e-12
0.00148437
-1.16593e-14
0.00148437
-4.57241e-12
0.00148437
4.61175e-12
0.00148437
5.22358e-14
0.00148437
-4.46708e-12
0.00148437
3.45097e-14
0.00148437
4.50798e-12
0.00148437
-4.33037e-12
0.00148437
1.32075e-13
0.00148437
4.61932e-12
0.00148437
7.85486e-14
0.00148437
-4.46585e-12
0.00148437
8.33442e-15
0.00148437
4.43937e-12
-4.45977e-12
0.00170312
-2.06757e-13
0.00170312
-2.67916e-12
0.00170312
1.52154e-12
0.00170312
1.40205e-12
0.00170312
-3.61784e-12
0.00170312
1.56709e-12
0.00170312
1.47681e-12
0.00170312
1.38699e-12
0.00170312
-3.64578e-12
0.00170312
1.53732e-12
0.00170312
1.42093e-12
0.00170312
-3.60889e-12
0.00170312
2.6344e-12
0.00170312
-3.45777e-14
0.00170312
-5.16357e-12
0.00170312
5.19852e-12
0.00170312
7.38467e-14
0.00170312
-1.45622e-13
0.00170312
-6.45729e-15
0.00170312
1.33067e-13
0.00170312
-8.55944e-14
0.00170312
-5.20916e-12
0.00170312
5.15218e-12
0.00170312
3.68644e-14
0.00170312
-1.69709e-13
0.00170312
-1.70475e-14
0.00170312
1.41795e-13
0.00170312
-9.37796e-14
0.00170312
6.61796e-14
0.00170312
2.21424e-13
0.00170312
1.84662e-14
0.00170312
-5.09242e-12
0.00170312
5.27421e-12
0.00170312
1.5648e-13
0.00170312
-5.68041e-14
0.00170312
8.67201e-14
0.00170312
2.26859e-13
0.00170312
1.52673e-15
0.00170312
-5.14551e-12
5.16329e-12
0.00190625
-5.67491e-12
0.00190625
-5.57237e-14
0.00190625
2.66058e-12
0.00190625
-4.01775e-12
0.00190625
1.70977e-12
0.00190625
1.62741e-12
0.00190625
1.54537e-12
0.00190625
-4.04325e-12
0.00190625
1.68836e-12
0.00190625
1.58071e-12
0.00190625
-4.00086e-12
0.00190625
1.73415e-12
0.00190625
1.62429e-12
0.00190625
-2.79016e-12
0.00190625
1.0849e-13
0.00190625
-7.91542e-14
0.00190625
5.55998e-12
0.00190625
-5.62108e-12
0.00190625
-7.81684e-15
0.00190625
5.60569e-12
0.00190625
-5.57443e-12
0.00190625
6.40654e-14
0.00190625
-1.11345e-13
0.00190625
5.53253e-12
0.00190625
-5.63855e-12
0.00190625
-1.43293e-14
0.00190625
5.60991e-12
0.00190625
-5.55417e-12
0.00190625
7.13701e-14
0.00190625
5.69793e-12
0.00190625
-5.46964e-12
0.00190625
1.78745e-13
0.00190625
8.34883e-15
0.00190625
5.652e-12
0.00190625
-5.52276e-12
0.00190625
9.60914e-14
0.00190625
5.71493e-12
0.00190625
-5.45789e-12
0.00190625
2.04525e-13
5.19591e-14
0.00209375
6.14547e-12
0.00209375
-6.91505e-14
0.00209375
-6.26111e-12
0.00209375
3.04902e-12
0.00209375
1.76957e-12
0.00209375
1.69101e-12
0.00209375
-4.41015e-12
0.00209375
1.8249e-12
0.00209375
1.72773e-12
0.00209375
-4.36737e-12
0.00209375
1.86884e-12
0.00209375
1.77352e-12
0.00209375
-4.31766e-12
0.00209375
1.91197e-12
0.00209375
3.09727e-12
0.00209375
-6.69448e-14
0.00209375
-6.26624e-12
0.00209375
6.19288e-12
0.00209375
-9.30962e-15
0.00209375
-6.21119e-12
0.00209375
6.24695e-12
0.00209375
5.86629e-14
0.00209375
-9.93019e-14
0.00209375
-6.28371e-12
0.00209375
6.18142e-12
0.00209375
-1.156e-14
0.00209375
-6.20424e-12
0.00209375
6.26668e-12
0.00209375
7.52197e-14
0.00209375
-6.11552e-12
0.00209375
6.35288e-12
0.00209375
1.72638e-13
0.00209375
1.90704e-14
0.00209375
-6.16495e-12
0.00209375
6.29705e-12
0.00209375
9.80135e-14
0.00209375
-6.10346e-12
0.00209375
6.35491e-12
0.00209375
1.3784e-13
-6.05108e-12
0.00226562
-1.7998e-13
0.00226562
-6.7304e-14
0.00226562
4.42312e-14
0.00226562
-1.12572e-13
0.00226562
3.1287e-12
0.00226562
-4.74177e-12
0.00226562
1.94815e-12
0.00226562
1.8615e-12
0.00226562
-4.70296e-12
0.00226562
1.99176e-12
0.00226562
1.9058e-12
0.00226562
-4.65681e-12
0.00226562
2.03641e-12
0.00226562
1.96861e-12
0.00226562
1.89521e-12
0.00226562
-3.32636e-12
0.00226562
4.53067e-14
0.00226562
-1.30384e-13
0.00226562
-1.09305e-14
0.00226562
1.07195e-13
0.00226562
-5.91271e-14
0.00226562
6.55731e-12
0.00226562
-6.59373e-12
0.00226562
2.59782e-14
0.00226562
-1.34689e-13
0.00226562
-9.23298e-15
0.00226562
1.20707e-13
0.00226562
-5.27552e-14
0.00226562
7.81641e-14
0.00226562
2.05872e-13
0.00226562
4.82841e-14
0.00226562
6.67148e-12
0.00226562
-6.47562e-12
0.00226562
1.4471e-13
0.00226562
-1.86547e-14
0.00226562
1.00679e-13
0.00226562
2.20791e-13
0.00226562
3.41039e-14
0.00226562
1.49357e-13
2.56584e-13
0.00242187
-7.07983e-12
0.00242187
-7.34903e-14
0.00242187
6.96124e-12
0.00242187
-1.02058e-13
0.00242187
-7.17763e-12
0.00242187
3.44914e-12
0.00242187
1.9857e-12
0.00242187
-5.00732e-12
0.00242187
2.10214e-12
0.00242187
2.02554e-12
0.00242187
-4.96283e-12
0.00242187
2.14461e-12
0.00242187
2.08296e-12
0.00242187
2.02215e-12
0.00242187
-4.97498e-12
0.00242187
2.126e-12
0.00242187
3.47913e-12
0.00242187
-7.04135e-12
0.00242187
-1.416e-14
0.00242187
7.02218e-12
0.00242187
-3.70816e-14
0.00242187
-7.12053e-12
0.00242187
7.08662e-12
0.00242187
5.89916e-15
0.00242187
-7.0485e-12
0.00242187
-3.99842e-15
0.00242187
7.02497e-12
0.00242187
-6.95291e-12
0.00242187
7.71484e-14
0.00242187
7.12362e-12
0.00242187
7.19594e-14
0.00242187
-7.00545e-12
0.00242187
7.20542e-12
0.00242187
1.25819e-13
0.00242187
-6.93022e-12
0.00242187
1.09852e-13
0.00242187
7.1315e-12
0.00242187
-6.8572e-12
0.00242187
1.56672e-13
7.17975e-12
0.0025625
7.37779e-12
0.0025625
-6.27446e-14
0.0025625
-1.93807e-13
0.0025625
-1.03569e-13
0.0025625
-1.01442e-14
0.0025625
-1.48806e-13
0.0025625
-3.81258e-12
0.0025625
2.20275e-12
0.0025625
2.13279e-12
0.0025625
-5.23676e-12
0.0025625
2.24069e-12
0.0025625
2.18631e-12
0.0025625
2.13279e-12
0.0025625
-5.24639e-12
0.0025625
2.22925e-12
0.0025625
2.15996e-12
0.0025625
-5.21716e-12
0.0025625
3.76313e-12
0.0025625
-9.60857e-15
0.0025625
-1.33218e-13
0.0025625
-4.23624e-14
0.0025625
5.55885e-14
0.0025625
-8.83893e-14
0.0025625
1.17384e-14
0.0025625
1.08445e-13
0.0025625
-1.41831e-14
0.0025625
-7.43972e-12
0.0025625
7.51467e-12
0.0025625
9.01705e-14
0.0025625
-3.07262e-14
0.0025625
6.84253e-14
0.0025625
1.71894e-13
0.0025625
3.17167e-14
0.0025625
1.33617e-13
0.0025625
2.3021e-13
0.0025625
1.06053e-13
0.0025625
-7.3214e-12
0.0025625
7.63329e-12
0.0025625
2.19154e-13
1.27387e-13
0.0026875
-1.60605e-13
0.0026875
7.59729e-12
0.0026875
-7.83448e-12
0.0026875
-1.0007e-13
0.0026875
7.63449e-12
0.0026875
-7.79516e-12
0.0026875
-5.24899e-14
0.0026875
3.76334e-12
0.0026875
-5.47645e-12
0.0026875
2.32457e-12
0.0026875
2.27774e-12
0.0026875
2.23136e-12
0.0026875
-5.48492e-12
0.0026875
2.31618e-12
0.0026875
2.25533e-12
0.0026875
-5.45478e-12
0.0026875
2.34697e-12
0.0026875
2.29395e-12
0.0026875
3.81523e-12
0.0026875
-7.78318e-12
0.0026875
-4.18538e-14
0.0026875
7.69512e-12
0.0026875
-7.72819e-12
0.0026875
1.20494e-14
0.0026875
7.75312e-12
0.0026875
-7.67151e-12
0.0026875
8.53571e-14
0.0026875
-8.6872e-15
0.0026875
7.74888e-12
0.0026875
-7.67414e-12
0.0026875
6.93646e-14
0.0026875
7.8127e-12
0.0026875
-7.60693e-12
0.0026875
1.35353e-13
0.0026875
7.87671e-12
0.0026875
-7.54939e-12
0.0026875
2.04117e-13
0.0026875
1.03905e-13
0.0026875
7.84838e-12
-7.60137e-12
0.00279687
-1.51333e-13
0.00279687
-8.19673e-12
0.00279687
7.96434e-12
0.00279687
-9.61506e-14
0.00279687
-8.15703e-12
0.00279687
8.0041e-12
0.00279687
-5.81159e-14
0.00279687
-8.11167e-12
0.00279687
3.99132e-12
0.00279687
2.35893e-12
0.00279687
2.31787e-12
0.00279687
-5.69119e-12
0.00279687
2.39089e-12
0.00279687
2.33908e-12
0.00279687
-5.66434e-12
0.00279687
2.4183e-12
0.00279687
2.37642e-12
0.00279687
2.33655e-12
0.00279687
-5.67701e-12
0.00279687
4.02896e-12
0.00279687
-4.6497e-14
0.00279687
-8.09951e-12
0.00279687
8.06604e-12
0.00279687
1.16697e-14
0.00279687
-8.04179e-12
0.00279687
8.12537e-12
0.00279687
7.70243e-14
0.00279687
7.23569e-17
0.00279687
-8.04769e-12
0.00279687
8.12091e-12
0.00279687
6.97318e-14
0.00279687
-7.98174e-12
0.00279687
8.1883e-12
0.00279687
1.36096e-13
0.00279687
-7.91673e-12
0.00279687
8.24935e-12
0.00279687
1.97691e-13
0.00279687
1.1404e-13
0.00279687
-7.94798e-12
8.18744e-12
0.00289062
-8.35369e-12
0.00289062
-7.39378e-14
0.00289062
-1.5484e-13
0.00289062
-9.23983e-14
0.00289062
-2.88771e-14
0.00289062
-1.17411e-13
0.00289062
-5.39079e-14
0.00289062
6.74539e-15
0.00289062
-7.00916e-14
0.00289062
4.038e-12
0.00289062
-5.86385e-12
0.00289062
2.45359e-12
0.00289062
2.41081e-12
0.00289062
-5.84206e-12
0.00289062
2.47785e-12
0.00289062
2.44308e-12
0.00289062
2.40958e-12
0.00289062
-5.84948e-12
0.00289062
2.46985e-12
0.00289062
2.42455e-12
0.00289062
-4.15698e-12
0.00289062
2.11019e-14
0.00289062
-5.88854e-14
0.00289062
1.08215e-14
0.00289062
8.06823e-14
0.00289062
6.26659e-15
0.00289062
8.29512e-12
0.00289062
-8.21871e-12
0.00289062
7.08233e-14
0.00289062
-2.35655e-15
0.00289062
6.93861e-14
0.00289062
1.42534e-13
0.00289062
6.34474e-14
0.00289062
1.36051e-13
0.00289062
2.07024e-13
0.00289062
1.32724e-13
0.00289062
8.42097e-12
0.00289062
-8.09325e-12
0.00289062
2.00838e-13
1.36751e-13
0.00296875
8.42639e-12
0.00296875
-7.79311e-14
0.00296875
-8.5675e-12
0.00296875
-8.62807e-14
0.00296875
8.39018e-12
0.00296875
-8.52808e-12
0.00296875
-5.16532e-14
0.00296875
8.42948e-12
0.00296875
-6.14045e-14
0.00296875
-8.55968e-12
0.00296875
4.19183e-12
0.00296875
2.47161e-12
0.00296875
-5.98754e-12
0.00296875
2.52531e-12
0.00296875
2.49736e-12
0.00296875
2.47076e-12
0.00296875
-5.99318e-12
0.00296875
2.51789e-12
0.00296875
2.4842e-12
0.00296875
-5.97215e-12
0.00296875
2.54111e-12
0.00296875
4.21933e-12
0.00296875
-8.47682e-12
0.00296875
9.08797e-15
0.00296875
8.49832e-12
0.00296875
1.79477e-14
0.00296875
-8.47573e-12
0.00296875
8.55082e-12
0.00296875
5.77038e-14
0.00296875
-8.42167e-12
0.00296875
6.9592e-14
0.00296875
8.55605e-12
0.00296875
-8.35231e-12
0.00296875
1.33834e-13
0.00296875
8.62439e-12
0.00296875
1.43951e-13
0.00296875
-8.35079e-12
0.00296875
8.67262e-12
0.00296875
1.66375e-13
-8.31353e-12
0.00303125
-9.87924e-14
0.00303125
-6.58845e-14
0.00303125
-3.43521e-14
0.00303125
-8.18323e-14
0.00303125
-8.72416e-12
0.00303125
8.59681e-12
0.00303125
-4.53475e-14
0.00303125
-9.26892e-14
0.00303125
-6.03017e-14
0.00303125
-2.66839e-14
0.00303125
-7.88282e-14
0.00303125
-4.38019e-12
0.00303125
2.56151e-12
0.00303125
2.53974e-12
0.00303125
2.51985e-12
0.00303125
-6.10505e-12
0.00303125
2.55402e-12
0.00303125
2.52883e-12
0.00303125
-6.08945e-12
0.00303125
2.57433e-12
0.00303125
2.55449e-12
0.00303125
-6.06066e-12
0.00303125
4.34317e-12
0.00303125
8.72308e-15
0.00303125
-2.81356e-14
0.00303125
1.42238e-14
0.00303125
5.95219e-14
0.00303125
1.39596e-14
0.00303125
5.95204e-14
0.00303125
1.02807e-13
0.00303125
6.61932e-14
0.00303125
-8.5655e-12
0.00303125
8.76588e-12
0.00303125
1.33911e-13
0.00303125
9.6668e-14
0.00303125
1.39245e-13
0.00303125
1.85161e-13
0.00303125
1.42119e-13
0.00303125
2.09556e-13
1.74719e-11
0.00307812
-8.79621e-12
0.00307812
-5.65611e-14
0.00307812
8.68651e-12
0.00307812
-8.79346e-12
0.00307812
-4.25132e-14
0.00307812
-7.27113e-14
0.00307812
8.67841e-12
0.00307812
-8.8011e-12
0.00307812
-5.72381e-14
0.00307812
8.68671e-12
0.00307812
-8.79168e-12
0.00307812
-4.41353e-14
0.00307812
4.31504e-12
0.00307812
2.55735e-12
0.00307812
-6.1845e-12
0.00307812
2.57808e-12
0.00307812
2.56112e-12
0.00307812
-6.17454e-12
0.00307812
2.59284e-12
0.00307812
2.58091e-12
0.00307812
-6.14935e-12
0.00307812
2.62385e-12
0.00307812
2.61586e-12
0.00307812
4.3662e-12
0.00307812
-8.74213e-12
0.00307812
1.31583e-14
0.00307812
8.76885e-12
0.00307812
-8.69693e-12
0.00307812
5.87848e-14
0.00307812
8.81418e-12
0.00307812
-8.65409e-12
0.00307812
1.07947e-13
0.00307812
8.82981e-14
0.00307812
8.84955e-12
0.00307812
-8.62039e-12
0.00307812
1.32386e-13
0.00307812
8.88292e-12
0.00307812
-8.59334e-12
0.00307812
1.75752e-11
-3.49028e-11
0.00310937
8.7742e-12
0.00310937
-4.59732e-14
0.00310937
-8.86699e-12
0.00310937
8.77912e-12
0.00310937
-4.396e-14
0.00310937
-5.79963e-14
0.00310937
-8.88087e-12
0.00310937
8.76592e-12
0.00310937
-5.36703e-14
0.00310937
-8.87324e-12
0.00310937
8.77376e-12
0.00310937
-4.80063e-14
0.00310937
-6.42882e-14
0.00310937
-4.47139e-12
0.00310937
2.59027e-12
0.00310937
2.58174e-12
0.00310937
-6.22751e-12
0.00310937
2.59898e-12
0.00310937
2.59517e-12
0.00310937
-6.20835e-12
0.00310937
2.62438e-12
0.00310937
2.62478e-12
0.00310937
2.62759e-12
0.00310937
-6.17797e-12
0.00310937
4.41983e-12
0.00310937
1.28284e-14
0.00310937
-8.7945e-12
0.00310937
8.86523e-12
0.00310937
5.84132e-14
0.00310937
-8.74886e-12
0.00310937
8.90969e-12
0.00310937
9.79879e-14
0.00310937
9.46036e-14
0.00310937
-8.71817e-12
0.00310937
8.93869e-12
0.00310937
1.29671e-13
0.00310937
-8.68491e-12
0.00310937
2.65791e-11
0.00310937
-4.39173e-11
4.42638e-11
0.003125
-3.60951e-14
0.003125
-3.60941e-14
0.003125
-3.49655e-14
0.003125
-3.78774e-14
0.003125
8.79887e-12
0.003125
-8.88674e-12
0.003125
-4.97385e-14
0.003125
-5.20235e-14
0.003125
-4.97296e-14
0.003125
-4.74026e-14
0.003125
-4.95925e-14
0.003125
8.78775e-12
0.003125
-8.89676e-12
0.003125
-6.07059e-14
0.003125
4.35736e-12
0.003125
-6.24845e-12
0.003125
2.59352e-12
0.003125
2.59728e-12
0.003125
-6.23569e-12
0.003125
2.61244e-12
0.003125
2.61922e-12
0.003125
2.62841e-12
0.003125
-6.20388e-12
0.003125
2.64483e-12
0.003125
2.65518e-12
0.003125
-4.40432e-12
0.003125
2.88182e-14
0.003125
4.30497e-14
0.003125
5.89071e-14
0.003125
7.44022e-14
0.003125
8.43655e-14
0.003125
8.93266e-12
0.003125
-8.74251e-12
0.003125
1.04528e-13
0.003125
1.13621e-13
0.003125
1.15953e-13
0.003125
1.78122e-11
0.003125
-4.40696e-11
0.003125
5.31898e-11
-4.40538e-11
0.003125
-8.84606e-12
0.003125
-2.50616e-14
0.003125
8.79091e-12
0.003125
-2.62611e-14
0.003125
-8.8453e-12
0.003125
8.77184e-12
0.003125
-4.70181e-14
0.003125
-8.86368e-12
0.003125
-4.54641e-14
0.003125
8.77273e-12
0.003125
-4.39456e-14
0.003125
-8.86279e-12
0.003125
8.75474e-12
0.003125
-6.30398e-14
0.003125
-8.87911e-12
0.003125
4.34086e-12
0.003125
2.58688e-12
0.003125
-6.23045e-12
0.003125
2.58813e-12
0.003125
2.60081e-12
0.003125
2.61623e-12
0.003125
-6.20027e-12
0.003125
2.61979e-12
0.003125
2.64032e-12
0.003125
-6.16949e-12
0.003125
2.6554e-12
0.003125
4.43978e-12
0.003125
-8.77535e-12
0.003125
6.13277e-14
0.003125
8.8931e-12
0.003125
8.91985e-14
0.003125
-8.71846e-12
0.003125
8.9089e-12
0.003125
1.01881e-13
0.003125
-8.72063e-12
0.003125
1.77797e-11
0.003125
-3.51718e-11
0.003125
4.42182e-11
0.003125
-4.39579e-11
5.30359e-11
0.00310937
8.72712e-12
0.00310937
-2.22469e-14
0.00310937
9.1246e-15
0.00310937
-1.87546e-14
0.00310937
-4.62585e-14
0.00310937
-1.2897e-14
0.00310937
-4.04545e-14
0.00310937
-6.6387e-14
0.00310937
-4.0951e-14
0.00310937
-1.55799e-14
0.00310937
-4.18103e-14
0.00310937
-6.97848e-14
0.00310937
-3.66669e-14
0.00310937
-6.38181e-14
0.00310937
-9.02317e-14
0.00310937
-5.49281e-14
0.00310937
-4.43931e-12
0.00310937
2.55088e-12
0.00310937
2.57061e-12
0.00310937
2.59127e-12
0.00310937
-6.1659e-12
0.00310937
2.58096e-12
0.00310937
2.61032e-12
0.00310937
-6.13903e-12
0.00310937
2.61492e-12
0.00310937
2.64997e-12
0.00310937
-6.09518e-12
0.00310937
4.40699e-12
0.00310937
6.09855e-14
0.00310937
1.05996e-13
0.00310937
9.24648e-14
0.00310937
7.61806e-14
0.00310937
1.22346e-13
0.00310937
8.30902e-14
0.00310937
1.76386e-11
0.00310937
-4.36872e-11
0.00310937
4.38887e-11
0.00310937
-3.48767e-11
0.00310937
4.3927e-11
-4.35447e-11
0.00307812
1.84391e-14
0.00307812
8.66016e-12
0.00307812
-8.65882e-12
0.00307812
-1.11475e-14
0.00307812
8.63677e-12
0.00307812
-8.68158e-12
0.00307812
-3.19316e-14
0.00307812
8.60587e-12
0.00307812
-3.6176e-14
0.00307812
-8.6785e-12
0.00307812
-4.13771e-14
0.00307812
8.60734e-12
0.00307812
-8.71206e-12
0.00307812
-6.49337e-14
0.00307812
8.58295e-12
0.00307812
-8.73387e-12
0.00307812
-8.20817e-14
0.00307812
4.26207e-12
0.00307812
2.55272e-12
0.00307812
-6.09955e-12
0.00307812
2.5286e-12
0.00307812
2.56597e-12
0.00307812
-6.07932e-12
0.00307812
2.55853e-12
0.00307812
2.60401e-12
0.00307812
-6.03455e-12
0.00307812
2.6101e-12
0.00307812
2.64909e-12
0.00307812
4.40642e-12
0.00307812
-8.55905e-12
0.00307812
9.81178e-14
0.00307812
8.76218e-12
0.00307812
-8.57289e-12
0.00307812
1.7469e-11
0.00307812
-3.45186e-11
0.00307812
4.32851e-11
0.00307812
-4.31003e-11
0.00307812
4.33653e-11
0.00307812
-3.44417e-11
4.32871e-11
0.00303125
3.11537e-14
0.00303125
-8.45609e-12
0.00303125
8.46962e-12
0.00303125
-3.17042e-15
0.00303125
-8.47623e-12
0.00303125
8.44875e-12
0.00303125
-3.62155e-14
0.00303125
2.49594e-14
0.00303125
-3.12679e-14
0.00303125
-8.7932e-14
0.00303125
-2.78846e-14
0.00303125
-8.5144e-12
0.00303125
8.40872e-12
0.00303125
-6.61879e-14
0.00303125
-8.54027e-12
0.00303125
8.38514e-12
0.00303125
-9.69175e-14
0.00303125
-3.26478e-14
0.00303125
-4.29643e-12
0.00303125
2.46175e-12
0.00303125
2.50858e-12
0.00303125
-5.99012e-12
0.00303125
2.48639e-12
0.00303125
2.54154e-12
0.00303125
-5.94675e-12
0.00303125
2.54046e-12
0.00303125
2.59003e-12
0.00303125
2.63942e-12
0.00303125
-5.85322e-12
0.00303125
4.30702e-12
0.00303125
1.18711e-13
0.00303125
-8.37883e-12
0.00303125
2.56645e-11
0.00303125
-4.24084e-11
0.00303125
4.25549e-11
0.00303125
-3.38435e-11
0.00303125
4.25522e-11
0.00303125
-4.22713e-11
0.00303125
4.26932e-11
-3.36273e-11
0.00296875
-8.3199e-12
0.00296875
-2.27796e-14
0.00296875
5.94148e-14
0.00296875
4.56708e-15
0.00296875
-5.10997e-14
0.00296875
2.85168e-14
0.00296875
8.31864e-12
0.00296875
-8.32072e-12
0.00296875
-2.63316e-14
0.00296875
8.26755e-12
0.00296875
-8.3734e-12
0.00296875
-8.57335e-14
0.00296875
-8.91897e-15
0.00296875
-6.74825e-14
0.00296875
-1.25425e-13
0.00296875
-4.63797e-14
0.00296875
8.24523e-12
0.00296875
-8.38925e-12
0.00296875
-8.99955e-14
0.00296875
4.10552e-12
0.00296875
-5.87262e-12
0.00296875
2.39984e-12
0.00296875
2.46254e-12
0.00296875
-5.83249e-12
0.00296875
2.45224e-12
0.00296875
2.51257e-12
0.00296875
2.57417e-12
0.00296875
-5.72037e-12
0.00296875
2.55492e-12
0.00296875
2.62431e-12
0.00296875
-4.0719e-12
0.00296875
1.68003e-11
0.00296875
-4.13646e-11
0.00296875
4.9845e-11
0.00296875
-4.13399e-11
0.00296875
4.16201e-11
0.00296875
-3.30052e-11
0.00296875
4.15724e-11
0.00296875
-4.13134e-11
4.15278e-11
0.00289062
8.00287e-12
0.00289062
-1.19401e-14
0.00289062
-8.04499e-12
0.00289062
1.07311e-14
0.00289062
8.06546e-12
0.00289062
2.90605e-14
0.00289062
-7.99886e-12
0.00289062
8.01003e-12
0.00289062
-2.1339e-14
0.00289062
-8.05347e-12
0.00289062
7.95318e-12
0.00289062
-7.82294e-14
0.00289062
-8.11891e-12
0.00289062
-6.89221e-14
0.00289062
7.98175e-12
0.00289062
-5.69587e-14
0.00289062
-8.08481e-12
0.00289062
7.92708e-12
0.00289062
-9.66107e-14
0.00289062
-8.12098e-12
0.00289062
3.91997e-12
0.00289062
2.36558e-12
0.00289062
-5.69062e-12
0.00289062
2.34493e-12
0.00289062
2.41473e-12
0.00289062
2.48787e-12
0.00289062
-5.56324e-12
0.00289062
2.47041e-12
0.00289062
2.55641e-12
0.00289062
-5.54388e-12
0.00289062
1.87759e-11
0.00289062
-3.61706e-11
0.00289062
4.03454e-11
0.00289062
-4.00343e-11
0.00289062
4.84682e-11
0.00289062
-4.00524e-11
0.00289062
4.04827e-11
0.00289062
-3.19491e-11
0.00289062
4.0499e-11
-3.98022e-11
0.00279687
6.81962e-14
0.00279687
-1.06248e-14
0.00279687
-8.65573e-14
0.00279687
1.53519e-14
0.00279687
1.16624e-13
0.00279687
3.66131e-14
0.00279687
-5.08684e-14
0.00279687
7.33072e-14
0.00279687
-1.62826e-14
0.00279687
-1.07046e-13
0.00279687
1.39667e-14
0.00279687
-7.82898e-14
0.00279687
-1.64547e-13
0.00279687
-7.02448e-14
0.00279687
2.4627e-14
0.00279687
-5.99576e-14
0.00279687
-1.49596e-13
0.00279687
-2.41847e-14
0.00279687
-1.08337e-13
0.00279687
-1.87338e-13
0.00279687
-5.40018e-14
0.00279687
-3.95521e-12
0.00279687
2.21655e-12
0.00279687
2.29712e-12
0.00279687
2.379e-12
0.00279687
-5.3855e-12
0.00279687
2.36219e-12
0.00279687
2.46731e-12
0.00279687
-5.34663e-12
0.00279687
1.81469e-11
0.00279687
-3.64099e-11
0.00279687
4.12737e-11
0.00279687
-3.47429e-11
0.00279687
3.90104e-11
0.00279687
-3.84919e-11
0.00279687
4.6836e-11
0.00279687
-3.85414e-11
0.00279687
3.91098e-11
0.00279687
-3.08e-11
3.88724e-11
0.0026875
-7.46431e-12
0.0026875
-1.93334e-15
0.0026875
7.43232e-12
0.0026875
1.90107e-14
0.0026875
-7.39496e-12
0.0026875
3.69123e-14
0.0026875
7.49076e-12
0.0026875
-7.45741e-12
0.0026875
-1.11744e-14
0.0026875
7.4336e-12
0.0026875
-7.51886e-12
0.0026875
-7.17299e-14
0.0026875
7.35189e-12
0.0026875
-7.12369e-14
0.0026875
-7.49408e-12
0.0026875
-6.96576e-14
0.0026875
7.37923e-12
0.0026875
-7.57035e-12
0.0026875
-1.20715e-13
0.0026875
7.33343e-12
0.0026875
-7.60122e-12
0.0026875
-1.34816e-13
0.0026875
3.66135e-12
0.0026875
2.24459e-12
0.0026875
-5.18775e-12
0.0026875
2.22715e-12
0.0026875
2.3512e-12
0.0026875
-5.13111e-12
0.0026875
1.74079e-11
0.0026875
-3.48538e-11
0.0026875
3.95359e-11
0.0026875
-3.46852e-11
0.0026875
3.96438e-11
0.0026875
-3.31287e-11
0.0026875
3.74716e-11
0.0026875
-3.67053e-11
0.0026875
4.49851e-11
0.0026875
-3.6716e-11
0.0026875
3.76653e-11
-2.88529e-11
0.0025625
7.01544e-12
0.0025625
-1.93061e-14
0.0025625
1.28164e-13
0.0025625
2.02804e-14
0.0025625
-8.7657e-14
0.0025625
6.0932e-14
0.0025625
-6.97807e-12
0.0025625
7.01708e-12
0.0025625
-5.72615e-15
0.0025625
-7.03048e-12
0.0025625
6.95886e-12
0.0025625
-8.91112e-14
0.0025625
4.84251e-14
0.0025625
-7.17382e-14
0.0025625
-1.92112e-13
0.0025625
-5.46671e-14
0.0025625
-7.10236e-12
0.0025625
6.88792e-12
0.0025625
-1.34537e-13
0.0025625
-7.15209e-12
0.0025625
6.85278e-12
0.0025625
-1.68542e-13
0.0025625
-1.56304e-15
0.0025625
-3.54212e-12
0.0025625
2.06043e-12
0.0025625
2.20539e-12
0.0025625
-4.9027e-12
0.0025625
1.65508e-11
0.0025625
-3.31034e-11
0.0025625
3.75564e-11
0.0025625
-3.28911e-11
0.0025625
3.76934e-11
0.0025625
-3.27747e-11
0.0025625
3.77893e-11
0.0025625
-3.13075e-11
0.0025625
3.57312e-11
0.0025625
-3.46592e-11
0.0025625
4.28905e-11
0.0025625
-3.43749e-11
-3.51457e-11
0.00242187
1.01489e-13
0.00242187
6.73444e-12
0.00242187
-6.6426e-12
0.00242187
1.95709e-14
0.00242187
6.68202e-12
0.00242187
-6.69304e-12
0.00242187
-4.88405e-14
0.00242187
1.15187e-13
0.00242187
3.5738e-16
0.00242187
-1.17273e-13
0.00242187
3.91649e-14
0.00242187
6.67195e-12
0.00242187
-6.71764e-12
0.00242187
-7.17227e-14
0.00242187
6.5739e-12
0.00242187
-6.81682e-12
0.00242187
-1.85703e-13
0.00242187
-3.08897e-14
0.00242187
-1.49471e-13
0.00242187
-2.63271e-13
0.00242187
-9.33885e-14
0.00242187
6.56422e-12
0.00242187
-6.78609e-12
0.00242187
-9.59523e-14
0.00242187
3.37399e-12
0.00242187
-4.66949e-12
0.00242187
1.55699e-11
0.00242187
-3.11663e-11
0.00242187
3.53266e-11
0.00242187
-3.09003e-11
0.00242187
3.55049e-11
0.00242187
-3.07509e-11
0.00242187
3.56193e-11
0.00242187
-3.06634e-11
0.00242187
3.56943e-11
0.00242187
-2.92953e-11
0.00242187
3.36958e-11
0.00242187
-3.22906e-11
0.00242187
-2.70673e-11
3.26717e-11
0.00226562
1.00374e-13
0.00226562
-6.06346e-12
0.00226562
6.14434e-12
0.00226562
1.96046e-14
0.00226562
-6.10521e-12
0.00226562
6.09709e-12
0.00226562
-2.79109e-14
0.00226562
-6.17677e-12
0.00226562
7.16067e-15
0.00226562
6.18768e-12
0.00226562
2.92053e-14
0.00226562
-6.11008e-12
0.00226562
6.07434e-12
0.00226562
-7.06934e-14
0.00226562
-6.21643e-12
0.00226562
5.96588e-12
0.00226562
-1.76941e-13
0.00226562
-6.34009e-12
0.00226562
-1.65163e-13
0.00226562
6.01437e-12
0.00226562
-1.34276e-13
0.00226562
-6.25054e-12
0.00226562
5.97257e-12
0.00226562
-1.03148e-13
0.00226562
-6.24969e-12
0.00226562
1.57145e-11
0.00226562
-2.90559e-11
0.00226562
3.28369e-11
0.00226562
-2.87207e-11
0.00226562
3.30719e-11
0.00226562
-2.85227e-11
0.00226562
3.32196e-11
0.00226562
-2.8417e-11
0.00226562
3.32953e-11
0.00226562
-2.83595e-11
0.00226562
3.32928e-11
0.00226562
-2.69112e-11
0.00226562
-3.14004e-11
0.00226562
3.07592e-11
-2.45705e-11
0.00209375
-5.7425e-12
0.00209375
-5.79968e-14
0.00209375
1.46986e-13
0.00209375
1.99367e-14
0.00209375
-1.14552e-13
0.00209375
1.13828e-13
0.00209375
-2.54591e-14
0.00209375
-1.57728e-13
0.00209375
1.51256e-14
0.00209375
1.83538e-13
0.00209375
3.91293e-14
0.00209375
-1.17864e-13
0.00209375
8.94791e-14
0.00209375
-6.84917e-14
0.00209375
-2.27589e-13
0.00209375
-2.3344e-14
0.00209375
-1.85342e-13
0.00209375
-3.37613e-13
0.00209375
-1.80476e-13
0.00209375
-1.95456e-14
0.00209375
-1.59705e-13
0.00209375
-2.97299e-13
0.00209375
-3.97794e-14
0.00209375
-2.09496e-13
0.00209375
1.14392e-11
0.00209375
-2.84408e-11
0.00209375
3.1229e-11
0.00209375
-2.63734e-11
0.00209375
3.03832e-11
0.00209375
-2.60961e-11
0.00209375
3.0587e-11
0.00209375
-2.59558e-11
0.00209375
3.06754e-11
0.00209375
-2.59044e-11
0.00209375
3.06404e-11
0.00209375
-2.56949e-11
0.00209375
-2.72968e-11
0.00209375
3.06594e-11
0.00209375
-2.88294e-11
2.76798e-11
0.00190625
4.9824e-12
0.00190625
-5.32787e-14
0.00190625
-5.12492e-12
0.00190625
1.0588e-14
0.00190625
5.17873e-12
0.00190625
-5.17341e-12
0.00190625
-1.1518e-14
0.00190625
5.1111e-12
0.00190625
2.46522e-14
0.00190625
-5.06821e-12
0.00190625
3.80706e-14
0.00190625
5.17837e-12
0.00190625
-5.19872e-12
0.00190625
-6.50919e-14
0.00190625
5.0673e-12
0.00190625
-5.31351e-12
0.00190625
-1.79426e-13
0.00190625
4.91691e-12
0.00190625
-1.93709e-13
0.00190625
-5.30259e-12
0.00190625
-1.99448e-13
0.00190625
4.96713e-12
0.00190625
-5.45238e-12
0.00190625
1.03937e-11
0.00190625
-2.07416e-11
0.00190625
2.54074e-11
0.00190625
-2.53705e-11
0.00190625
2.84598e-11
0.00190625
-2.34942e-11
0.00190625
2.77145e-11
0.00190625
-2.3279e-11
0.00190625
2.78389e-11
0.00190625
-2.32171e-11
0.00190625
2.77903e-11
0.00190625
-2.3012e-11
0.00190625
-2.4759e-11
0.00190625
2.66221e-11
0.00190625
-2.4378e-11
0.00190625
2.78598e-11
-2.55016e-11
0.00170312
7.00254e-14
0.00170312
-7.7087e-14
0.00170312
-2.17575e-13
0.00170312
3.44759e-14
0.00170312
-4.43653e-12
0.00170312
4.44597e-12
0.00170312
-3.28716e-14
0.00170312
2.03487e-13
0.00170312
3.61575e-14
0.00170312
-1.4104e-13
0.00170312
7.25882e-14
0.00170312
-4.43322e-12
0.00170312
4.41288e-12
0.00170312
-6.03307e-14
0.00170312
-4.53495e-12
0.00170312
4.30704e-12
0.00170312
-2.04523e-13
0.00170312
-5.77283e-16
0.00170312
-2.02744e-13
0.00170312
-4.06152e-13
0.00170312
-1.90859e-13
0.00170312
-4.77452e-12
0.00170312
1.35891e-11
0.00170312
-2.30554e-11
0.00170312
2.24291e-11
0.00170312
-1.80644e-11
0.00170312
2.26832e-11
0.00170312
-2.20709e-11
0.00170312
2.55037e-11
0.00170312
-2.04036e-11
0.00170312
2.47842e-11
0.00170312
-2.02983e-11
0.00170312
2.47337e-11
0.00170312
-2.00994e-11
0.00170312
-2.20066e-11
0.00170312
2.34009e-11
0.00170312
-2.16864e-11
0.00170312
2.3473e-11
0.00170312
-2.16656e-11
2.41155e-11
0.00148437
-4.042e-12
0.00148437
-9.53664e-14
0.00148437
3.85054e-12
0.00148437
-4.03373e-12
0.00148437
-1.14258e-13
0.00148437
1.26883e-13
0.00148437
4.03816e-12
0.00148437
-3.86458e-12
0.00148437
5.05254e-14
0.00148437
3.9498e-12
0.00148437
-3.98614e-12
0.00148437
-1.16322e-13
0.00148437
1.23823e-13
0.00148437
-5.42575e-14
0.00148437
-2.34348e-13
0.00148437
1.20496e-15
0.00148437
3.86827e-12
0.00148437
-4.07114e-12
0.00148437
-2.04404e-13
0.00148437
3.67207e-12
0.00148437
-4.37283e-12
0.00148437
7.732e-12
0.00148437
-1.98069e-11
0.00148437
2.28943e-11
0.00148437
-1.96024e-11
0.00148437
1.94582e-11
0.00148437
-1.52024e-11
0.00148437
1.9828e-11
0.00148437
-1.84863e-11
0.00148437
2.23017e-11
0.00148437
-1.71532e-11
0.00148437
2.1478e-11
0.00148437
-1.6937e-11
0.00148437
-1.9e-11
0.00148437
1.9998e-11
0.00148437
-1.86945e-11
0.00148437
2.00874e-11
0.00148437
-1.85009e-11
0.00148437
2.03888e-11
-1.79986e-11
0.00125
2.97298e-12
0.00125
-1.16909e-13
0.00125
-3.20456e-12
0.00125
3.00539e-12
0.00125
-1.27003e-13
0.00125
1.41084e-13
0.00125
-2.99944e-12
0.00125
3.19134e-12
0.00125
6.99192e-14
0.00125
-3.07974e-12
0.00125
3.05175e-12
0.00125
-9.64594e-14
0.00125
-3.25441e-12
0.00125
-4.70883e-14
0.00125
3.1572e-12
0.00125
-7.57124e-15
0.00125
-3.15376e-12
0.00125
2.99466e-12
0.00125
-1.78917e-13
0.00125
-3.46958e-12
0.00125
9.53967e-12
0.00125
-1.66732e-11
0.00125
1.54703e-11
0.00125
-1.61623e-11
0.00125
1.89525e-11
0.00125
-1.59411e-11
0.00125
1.63484e-11
0.00125
-1.20612e-11
0.00125
1.68573e-11
0.00125
-1.4702e-11
0.00125
1.8691e-11
0.00125
-1.35356e-11
0.00125
-1.57379e-11
0.00125
1.6401e-11
0.00125
-1.54811e-11
0.00125
1.64118e-11
0.00125
-1.53852e-11
0.00125
1.65016e-11
0.00125
-1.53993e-11
1.62227e-11
0.001
2.00333e-14
0.001
-1.44292e-13
0.001
-2.73741e-13
0.001
3.38875e-14
0.001
2.5327e-12
0.001
-2.51916e-12
0.001
-2.75439e-14
0.001
2.63098e-13
0.001
9.74995e-14
0.001
-1.29701e-13
0.001
1.14174e-13
0.001
-1.16893e-13
0.001
-2.84649e-13
0.001
-3.82214e-14
0.001
2.02456e-13
0.001
1.88476e-14
0.001
-2.05697e-13
0.001
1.20602e-13
0.001
-2.50249e-13
0.001
4.94712e-12
0.001
-1.28201e-11
0.001
1.42236e-11
0.001
-1.28301e-11
0.001
1.19421e-11
0.001
-1.23444e-11
0.001
1.48032e-11
0.001
-1.20012e-11
0.001
1.31547e-11
0.001
-8.55688e-12
0.001
1.35104e-11
0.001
-1.05766e-11
0.001
-1.17055e-11
0.001
1.26262e-11
0.001
-1.19869e-11
0.001
1.25792e-11
0.001
-1.19426e-11
0.001
1.26814e-11
0.001
-1.17619e-11
0.001
1.30256e-11
-1.1163e-11
0.000734375
-1.95956e-12
0.000734375
-1.62455e-13
0.000734375
1.63539e-12
0.000734375
3.07534e-16
0.000734375
-1.60256e-12
0.000734375
1.61367e-12
0.000734375
6.51629e-15
0.000734375
-1.64081e-12
0.000734375
1.27182e-13
0.000734375
1.8447e-12
0.000734375
-1.85083e-12
0.000734375
-1.3575e-13
0.000734375
1.62604e-12
0.000734375
-2.59775e-14
0.000734375
-1.68776e-12
0.000734375
2.68407e-14
0.000734375
1.77279e-12
0.000734375
-1.87215e-12
0.000734375
3.7599e-12
0.000734375
-7.21254e-12
0.000734375
7.91223e-12
0.000734375
-8.73927e-12
0.000734375
9.71769e-12
0.000734375
-8.84274e-12
0.000734375
8.2206e-12
0.000734375
-8.27438e-12
0.000734375
1.0395e-11
0.000734375
-7.65702e-12
0.000734375
9.9742e-12
0.000734375
-4.77225e-12
0.000734375
-9.10236e-12
0.000734375
8.17376e-12
0.000734375
-7.84572e-12
0.000734375
8.57623e-12
0.000734375
-8.25792e-12
0.000734375
8.58176e-12
0.000734375
-8.20411e-12
0.000734375
8.65163e-12
0.000734375
-8.20882e-12
8.38345e-12
0.000453125
5.68764e-13
0.000453125
-2.31898e-13
0.000453125
2.30408e-13
0.000453125
3.1538e-15
0.000453125
-2.35251e-13
0.000453125
2.40545e-13
0.000453125
7.81981e-16
0.000453125
-2.31609e-13
0.000453125
2.16346e-13
0.000453125
-6.55026e-13
0.000453125
6.54096e-13
0.000453125
-2.18262e-13
0.000453125
2.27067e-13
0.000453125
-9.99148e-15
0.000453125
-2.52497e-13
0.000453125
1.03251e-13
0.000453125
-8.9608e-13
0.000453125
3.08378e-12
0.000453125
-4.71966e-12
0.000453125
4.23375e-12
0.000453125
-3.72559e-12
0.000453125
3.96722e-12
0.000453125
-4.43182e-12
0.000453125
4.94255e-12
0.000453125
-4.61067e-12
0.000453125
4.31383e-12
0.000453125
-4.10655e-12
0.000453125
5.82157e-12
0.000453125
-2.25594e-12
0.000453125
-4.54319e-12
0.000453125
5.03676e-12
0.000453125
-4.65207e-12
0.000453125
4.21555e-12
0.000453125
-4.03195e-12
0.000453125
4.34757e-12
0.000453125
-4.25874e-12
0.000453125
4.43752e-12
0.000453125
-4.09537e-12
0.000453125
4.83296e-12
-3.40596e-12
0.00015625
0.00015625
0.00015625
0.00015625
0.00015625
0.00015625
0.00015625
0.00015625
0.00015625
0.00015625
0.00015625
0.00015625
0.00015625
0.00015625
0.00015625
0.00015625
0.00015625
0.00015625
0.00015625
0.00015625
0.00015625
0.00015625
0.00015625
0.00015625
0.00015625
0.00015625
0.00015625
0.00015625
0.00015625
0.00015625
0.00015625
0.00015625
0.00015625
0.00015625
0.00015625
0.00015625
0.00015625
0.00015625
0.00015625
)
;

boundaryField
{
    inlet
    {
        type            calculated;
        value           nonuniform List<scalar> 
40
(
-0.00015625
-0.000453125
-0.000734375
-0.001
-0.00125
-0.00148437
-0.00170312
-0.00190625
-0.00209375
-0.00226562
-0.00242187
-0.0025625
-0.0026875
-0.00279687
-0.00289062
-0.00296875
-0.00303125
-0.00307812
-0.00310937
-0.003125
-0.003125
-0.00310937
-0.00307812
-0.00303125
-0.00296875
-0.00289062
-0.00279687
-0.0026875
-0.0025625
-0.00242187
-0.00226562
-0.00209375
-0.00190625
-0.00170312
-0.00148437
-0.00125
-0.001
-0.000734375
-0.000453125
-0.00015625
)
;
    }
    outlet
    {
        type            calculated;
        value           nonuniform List<scalar> 
40
(
0.00015625
0.000453125
0.000734375
0.001
0.00125
0.00148437
0.00170312
0.00190625
0.00209375
0.00226562
0.00242187
0.0025625
0.0026875
0.00279687
0.00289062
0.00296875
0.00303125
0.00307812
0.00310937
0.003125
0.003125
0.00310937
0.00307812
0.00303125
0.00296875
0.00289062
0.00279687
0.0026875
0.0025625
0.00242187
0.00226562
0.00209375
0.00190625
0.00170312
0.00148437
0.00125
0.001
0.000734375
0.000453125
0.00015625
)
;
    }
    walls
    {
        type            calculated;
        value           uniform 0;
    }
    movingwall
    {
        type            calculated;
        value           uniform 0;
    }
    frontAndBack
    {
        type            empty;
        value           nonuniform List<scalar> 0();
    }
}


// ************************************************************************* //
