/*--------------------------------*- C++ -*----------------------------------*\
| =========                 |                                                 |
| \\      /  F ield         | OpenFOAM: The Open Source CFD Toolbox           |
|  \\    /   O peration     | Version:  2312                                  |
|   \\  /    A nd           | Website:  www.openfoam.com                      |
|    \\/     M anipulation  |                                                 |
\*---------------------------------------------------------------------------*/
FoamFile
{
    version     2.0;
    format      ascii;
    arch        "LSB;label=32;scalar=64";
    class       volVectorField;
    location    "5100";
    object      U;
}
// * * * * * * * * * * * * * * * * * * * * * * * * * * * * * * * * * * * * * //

dimensions      [0 1 -1 0 0 0 0];

internalField   nonuniform List<vector> 
1600
(
(0.0441942 0.0441942 0)
(0.0441942 0.0441942 -1.80249e-19)
(0.0441942 0.0441942 5.33631e-19)
(0.0441942 0.0441942 -5.19401e-19)
(0.0441942 0.0441942 4.74338e-21)
(0.0441942 0.0441942 2.37169e-21)
(0.0441942 0.0441942 0)
(0.0441942 0.0441942 0)
(0.0441942 0.0441942 0)
(0.0441942 0.0441942 0)
(0.0441942 0.0441942 0)
(0.0441942 0.0441942 0)
(0.0441942 0.0441942 0)
(0.0441942 0.0441942 0)
(0.0441942 0.0441942 0)
(0.0441942 0.0441942 0)
(0.0441942 0.0441942 0)
(0.0441942 0.0441942 0)
(0.0441942 0.0441942 0)
(0.0441942 0.0441942 0)
(0.0441942 0.0441942 0)
(0.0441942 0.0441942 0)
(0.0441942 0.0441942 0)
(0.0441942 0.0441942 0)
(0.0441942 0.0441942 0)
(0.0441942 0.0441942 0)
(0.0441942 0.0441942 0)
(0.0441942 0.0441942 0)
(0.0441942 0.0441942 0)
(0.0441942 0.0441942 0)
(0.0441942 0.0441942 0)
(0.0441942 0.0441942 0)
(0.0441942 0.0441942 0)
(0.0441942 0.0441942 0)
(0.0441942 0.0441942 0)
(0.0441942 0.0441942 0)
(0.0441942 0.0441942 0)
(0.0441942 0.0441942 0)
(0.0441942 0.0441942 -7.11508e-21)
(0.0441942 0.0441942 0)
(0.128163 0.128163 3.12202e-19)
(0.128163 0.128163 0)
(0.128163 0.128163 -4.44692e-19)
(0.128163 0.128163 2.16417e-19)
(0.128163 0.128163 2.10488e-19)
(0.128163 0.128163 4.06152e-19)
(0.128163 0.128163 -2.01594e-19)
(0.128163 0.128163 0)
(0.128163 0.128163 0)
(0.128163 0.128163 0)
(0.128163 0.128163 0)
(0.128163 0.128163 0)
(0.128163 0.128163 0)
(0.128163 0.128163 0)
(0.128163 0.128163 0)
(0.128163 0.128163 0)
(0.128163 0.128163 0)
(0.128163 0.128163 0)
(0.128163 0.128163 0)
(0.128163 0.128163 0)
(0.128163 0.128163 0)
(0.128163 0.128163 0)
(0.128163 0.128163 0)
(0.128163 0.128163 0)
(0.128163 0.128163 0)
(0.128163 0.128163 0)
(0.128163 0.128163 0)
(0.128163 0.128163 0)
(0.128163 0.128163 0)
(0.128163 0.128163 0)
(0.128163 0.128163 0)
(0.128163 0.128163 0)
(0.128163 0.128163 0)
(0.128163 0.128163 0)
(0.128163 0.128163 0)
(0.128163 0.128163 0)
(0.128163 0.128163 -1.77877e-20)
(0.128163 0.128163 2.96462e-21)
(0.128163 0.128163 8.89385e-21)
(0.128163 0.128163 0)
(0.207713 0.207713 -9.32523e-19)
(0.207713 0.207713 5.92923e-21)
(0.207713 0.207713 4.47657e-19)
(0.207713 0.207713 0)
(0.207713 0.207713 -4.18011e-19)
(0.207713 0.207713 2.96462e-21)
(0.207713 0.207713 1.95665e-19)
(0.207713 0.207713 -3.88365e-19)
(0.207713 0.207713 0)
(0.207713 0.207713 0)
(0.207713 0.207713 0)
(0.207713 0.207713 0)
(0.207713 0.207713 0)
(0.207713 0.207713 0)
(0.207713 0.207713 0)
(0.207713 0.207713 0)
(0.207713 0.207713 0)
(0.207713 0.207713 0)
(0.207713 0.207713 0)
(0.207713 0.207713 0)
(0.207713 0.207713 0)
(0.207713 0.207713 0)
(0.207713 0.207713 0)
(0.207713 0.207713 0)
(0.207713 0.207713 0)
(0.207713 0.207713 0)
(0.207713 0.207713 0)
(0.207713 0.207713 0)
(0.207713 0.207713 0)
(0.207713 0.207713 0)
(0.207713 0.207713 0)
(0.207713 0.207713 0)
(0.207713 0.207713 0)
(0.207713 0.207713 0)
(0.207713 0.207713 0)
(0.207713 0.207713 2.66815e-20)
(0.207713 0.207713 0)
(0.207713 0.207713 1.48231e-20)
(0.207713 0.207713 0)
(0.207713 0.207713 0)
(0.282843 0.282843 9.32399e-19)
(0.282843 0.282843 -2.3124e-19)
(0.282843 0.282843 0)
(0.282843 0.282843 0)
(0.282843 0.282843 2.07523e-19)
(0.282843 0.282843 2.01594e-19)
(0.282843 0.282843 1.98629e-19)
(0.282843 0.282843 -1.42415e-28)
(0.282843 0.282843 -1.86771e-19)
(0.282843 0.282843 0)
(0.282843 0.282843 0)
(0.282843 0.282843 0)
(0.282843 0.282843 0)
(0.282843 0.282843 0)
(0.282843 0.282843 0)
(0.282843 0.282843 0)
(0.282843 0.282843 0)
(0.282843 0.282843 0)
(0.282843 0.282843 0)
(0.282843 0.282843 0)
(0.282843 0.282843 0)
(0.282843 0.282843 0)
(0.282843 0.282843 0)
(0.282843 0.282843 0)
(0.282843 0.282843 0)
(0.282843 0.282843 0)
(0.282843 0.282843 0)
(0.282843 0.282843 0)
(0.282843 0.282843 0)
(0.282843 0.282843 0)
(0.282843 0.282843 0)
(0.282843 0.282843 0)
(0.282843 0.282843 0)
(0.282843 0.282843 0)
(0.282843 0.282843 0)
(0.282843 0.282843 -2.66815e-20)
(0.282843 0.282843 0)
(0.282843 0.282843 0)
(0.282843 0.282843 -5.92923e-21)
(0.282843 0.282843 7.90432e-21)
(0.353553 0.353553 -3.13425e-29)
(0.353553 0.353553 -2.25311e-19)
(0.353553 0.353553 4.47657e-19)
(0.353553 0.353553 -2.16417e-19)
(0.353553 0.353553 0)
(0.353553 0.353553 -2.04558e-19)
(0.353553 0.353553 -2.96462e-21)
(0.353553 0.353553 1.89735e-19)
(0.353553 0.353553 3.70577e-19)
(0.353553 0.353553 -3.64648e-19)
(0.353553 0.353553 0)
(0.353553 0.353553 0)
(0.353553 0.353553 0)
(0.353553 0.353553 0)
(0.353553 0.353553 0)
(0.353553 0.353553 0)
(0.353553 0.353553 0)
(0.353553 0.353553 0)
(0.353553 0.353553 0)
(0.353553 0.353553 0)
(0.353553 0.353553 0)
(0.353553 0.353553 0)
(0.353553 0.353553 0)
(0.353553 0.353553 0)
(0.353553 0.353553 0)
(0.353553 0.353553 0)
(0.353553 0.353553 0)
(0.353553 0.353553 0)
(0.353553 0.353553 0)
(0.353553 0.353553 0)
(0.353553 0.353553 0)
(0.353553 0.353553 0)
(0.353553 0.353553 0)
(0.353553 0.353553 3.854e-20)
(0.353553 0.353553 0)
(0.353553 0.353553 0)
(0.353553 0.353553 0)
(0.353553 0.353553 1.48231e-20)
(0.353553 0.353553 5.92923e-21)
(0.353553 0.353553 -7.90399e-21)
(0.419845 0.419845 -3.94989e-21)
(0.419845 0.419845 -4.59515e-19)
(0.419845 0.419845 -2.96462e-21)
(0.419845 0.419845 -2.16417e-19)
(0.419845 0.419845 2.13452e-19)
(0.419845 0.419845 0)
(0.419845 0.419845 0)
(0.419845 0.419845 -3.82435e-19)
(0.419845 0.419845 1.89735e-19)
(0.419845 0.419845 -1.26811e-28)
(0.419845 0.419845 -1.74912e-19)
(0.419845 0.419845 0)
(0.419845 0.419845 0)
(0.419845 0.419845 0)
(0.419845 0.419845 0)
(0.419845 0.419845 0)
(0.419845 0.419845 0)
(0.419845 0.419845 0)
(0.419845 0.419845 0)
(0.419845 0.419845 0)
(0.419845 0.419845 0)
(0.419845 0.419845 0)
(0.419845 0.419845 0)
(0.419845 0.419845 0)
(0.419845 0.419845 0)
(0.419845 0.419845 0)
(0.419845 0.419845 0)
(0.419845 0.419845 0)
(0.419845 0.419845 0)
(0.419845 0.419845 0)
(0.419845 0.419845 0)
(0.419845 0.419845 0)
(0.419845 0.419845 0)
(0.419845 0.419845 -7.708e-20)
(0.419845 0.419845 0)
(0.419845 0.419845 0)
(0.419845 0.419845 0)
(0.419845 0.419845 -2.96462e-21)
(0.419845 0.419845 -1.18585e-20)
(0.419845 0.419845 0)
(0.481716 0.481716 0)
(0.481716 0.481716 2.28275e-19)
(0.481716 0.481716 -2.22346e-19)
(0.481716 0.481716 0)
(0.481716 0.481716 -2.96462e-21)
(0.481716 0.481716 -2.07523e-19)
(0.481716 0.481716 0)
(0.481716 0.481716 0)
(0.481716 0.481716 1.83806e-19)
(0.481716 0.481716 -2.96462e-21)
(0.481716 0.481716 3.4686e-19)
(0.481716 0.481716 -1.71948e-19)
(0.481716 0.481716 0)
(0.481716 0.481716 0)
(0.481716 0.481716 0)
(0.481716 0.481716 0)
(0.481716 0.481716 0)
(0.481716 0.481716 0)
(0.481716 0.481716 0)
(0.481716 0.481716 0)
(0.481716 0.481716 0)
(0.481716 0.481716 0)
(0.481716 0.481716 0)
(0.481716 0.481716 0)
(0.481716 0.481716 0)
(0.481716 0.481716 0)
(0.481716 0.481716 0)
(0.481716 0.481716 0)
(0.481716 0.481716 0)
(0.481716 0.481716 0)
(0.481716 0.481716 0)
(0.481716 0.481716 0)
(0.481716 0.481716 -4.44692e-20)
(0.481716 0.481716 3.854e-20)
(0.481716 0.481716 0)
(0.481716 0.481716 2.66815e-20)
(0.481716 0.481716 1.77877e-20)
(0.481716 0.481716 -1.77877e-20)
(0.481716 0.481716 0)
(0.481716 0.481716 0)
(0.539169 0.539169 0)
(0.539169 0.539169 0)
(0.539169 0.539169 4.41728e-19)
(0.539169 0.539169 -2.19382e-19)
(0.539169 0.539169 2.10488e-19)
(0.539169 0.539169 0)
(0.539169 0.539169 0)
(0.539169 0.539169 1.927e-19)
(0.539169 0.539169 0)
(0.539169 0.539169 3.58718e-19)
(0.539169 0.539169 -1.80842e-19)
(0.539169 0.539169 -5.92923e-21)
(0.539169 0.539169 -3.29072e-19)
(0.539169 0.539169 0)
(0.539169 0.539169 0)
(0.539169 0.539169 0)
(0.539169 0.539169 0)
(0.539169 0.539169 0)
(0.539169 0.539169 0)
(0.539169 0.539169 0)
(0.539169 0.539169 0)
(0.539169 0.539169 0)
(0.539169 0.539169 0)
(0.539169 0.539169 0)
(0.539169 0.539169 0)
(0.539169 0.539169 0)
(0.539169 0.539169 0)
(0.539169 0.539169 0)
(0.539169 0.539169 0)
(0.539169 0.539169 0)
(0.539169 0.539169 0)
(0.539169 0.539169 -5.03985e-20)
(0.539169 0.539169 4.44692e-20)
(0.539169 0.539169 0)
(0.539169 0.539169 0)
(0.539169 0.539169 -2.96462e-21)
(0.539169 0.539169 -2.37169e-20)
(0.539169 0.539169 0)
(0.539169 0.539169 0)
(0.539169 0.539169 0)
(0.592202 0.592202 0)
(0.592202 0.592202 0)
(0.592202 0.592202 0)
(0.592202 0.592202 2.13452e-19)
(0.592202 0.592202 -4.2394e-19)
(0.592202 0.592202 0)
(0.592202 0.592202 -1.98629e-19)
(0.592202 0.592202 -1.927e-19)
(0.592202 0.592202 0)
(0.592202 0.592202 -1.80842e-19)
(0.592202 0.592202 1.74912e-19)
(0.592202 0.592202 0)
(0.592202 0.592202 -1.04923e-28)
(0.592202 0.592202 -1.57125e-19)
(0.592202 0.592202 0)
(0.592202 0.592202 0)
(0.592202 0.592202 0)
(0.592202 0.592202 0)
(0.592202 0.592202 0)
(0.592202 0.592202 0)
(0.592202 0.592202 0)
(0.592202 0.592202 0)
(0.592202 0.592202 0)
(0.592202 0.592202 0)
(0.592202 0.592202 0)
(0.592202 0.592202 0)
(0.592202 0.592202 0)
(0.592202 0.592202 0)
(0.592202 0.592202 0)
(0.592202 0.592202 0)
(0.592202 0.592202 -5.63277e-20)
(0.592202 0.592202 5.03985e-20)
(0.592202 0.592202 0)
(0.592202 0.592202 0)
(0.592202 0.592202 2.96462e-20)
(0.592202 0.592202 -2.96462e-20)
(0.592202 0.592202 0)
(0.592202 0.592202 0)
(0.592202 0.592202 0)
(0.592202 0.592202 0)
(0.640816 0.640816 0)
(0.640816 0.640816 0)
(0.640816 0.640816 0)
(0.640816 0.640816 0)
(0.640816 0.640816 4.18011e-19)
(0.640816 0.640816 -5.92923e-21)
(0.640816 0.640816 -2.96462e-21)
(0.640816 0.640816 -3.82435e-19)
(0.640816 0.640816 5.92923e-21)
(0.640816 0.640816 1.83806e-19)
(0.640816 0.640816 0)
(0.640816 0.640816 1.66018e-19)
(0.640816 0.640816 -2.96462e-21)
(0.640816 0.640816 3.11285e-19)
(0.640816 0.640816 -3.05355e-19)
(0.640816 0.640816 0)
(0.640816 0.640816 0)
(0.640816 0.640816 0)
(0.640816 0.640816 0)
(0.640816 0.640816 0)
(0.640816 0.640816 0)
(0.640816 0.640816 0)
(0.640816 0.640816 0)
(0.640816 0.640816 0)
(0.640816 0.640816 0)
(0.640816 0.640816 0)
(0.640816 0.640816 0)
(0.640816 0.640816 0)
(0.640816 0.640816 0)
(0.640816 0.640816 -6.22569e-20)
(0.640816 0.640816 5.63277e-20)
(0.640816 0.640816 0)
(0.640816 0.640816 0)
(0.640816 0.640816 3.55754e-20)
(0.640816 0.640816 -3.55754e-20)
(0.640816 0.640816 0)
(0.640816 0.640816 0)
(0.640816 0.640816 -1.48231e-20)
(0.640816 0.640816 5.92923e-21)
(0.640816 0.640816 -7.90266e-21)
(0.68501 0.68501 0)
(0.68501 0.68501 0)
(0.68501 0.68501 0)
(0.68501 0.68501 0)
(0.68501 0.68501 0)
(0.68501 0.68501 2.01594e-19)
(0.68501 0.68501 -4.00223e-19)
(0.68501 0.68501 1.89735e-19)
(0.68501 0.68501 -1.89735e-19)
(0.68501 0.68501 0)
(0.68501 0.68501 1.74912e-19)
(0.68501 0.68501 0)
(0.68501 0.68501 0)
(0.68501 0.68501 0)
(0.68501 0.68501 -8.69078e-29)
(0.68501 0.68501 -1.45266e-19)
(0.68501 0.68501 0)
(0.68501 0.68501 0)
(0.68501 0.68501 0)
(0.68501 0.68501 0)
(0.68501 0.68501 0)
(0.68501 0.68501 0)
(0.68501 0.68501 0)
(0.68501 0.68501 0)
(0.68501 0.68501 0)
(0.68501 0.68501 0)
(0.68501 0.68501 0)
(0.68501 0.68501 0)
(0.68501 0.68501 -6.81862e-20)
(0.68501 0.68501 6.22569e-20)
(0.68501 0.68501 0)
(0.68501 0.68501 0)
(0.68501 0.68501 4.15046e-20)
(0.68501 0.68501 -4.15046e-20)
(0.68501 0.68501 0)
(0.68501 0.68501 0)
(0.68501 0.68501 -2.07523e-20)
(0.68501 0.68501 2.66815e-20)
(0.68501 0.68501 -1.18585e-20)
(0.68501 0.68501 0)
(0.724784 0.724784 0)
(0.724784 0.724784 0)
(0.724784 0.724784 0)
(0.724784 0.724784 0)
(0.724784 0.724784 0)
(0.724784 0.724784 0)
(0.724784 0.724784 1.98629e-19)
(0.724784 0.724784 5.66495e-29)
(0.724784 0.724784 0)
(0.724784 0.724784 -1.80842e-19)
(0.724784 0.724784 -1.74912e-19)
(0.724784 0.724784 0)
(0.724784 0.724784 0)
(0.724784 0.724784 1.5416e-19)
(0.724784 0.724784 -2.96462e-21)
(0.724784 0.724784 2.87568e-19)
(0.724784 0.724784 -2.96462e-21)
(0.724784 0.724784 1.33408e-19)
(0.724784 0.724784 0)
(0.724784 0.724784 0)
(0.724784 0.724784 0)
(0.724784 0.724784 0)
(0.724784 0.724784 0)
(0.724784 0.724784 0)
(0.724784 0.724784 0)
(0.724784 0.724784 0)
(0.724784 0.724784 0)
(0.724784 0.724784 -7.41154e-20)
(0.724784 0.724784 6.81862e-20)
(0.724784 0.724784 0)
(0.724784 0.724784 0)
(0.724784 0.724784 4.74338e-20)
(0.724784 0.724784 -4.74338e-20)
(0.724784 0.724784 0)
(0.724784 0.724784 0)
(0.724784 0.724784 -2.66815e-20)
(0.724784 0.724784 2.96462e-21)
(0.724784 0.724784 1.77877e-20)
(0.724784 0.724784 0)
(0.724784 0.724784 0)
(0.76014 0.76014 0)
(0.76014 0.76014 0)
(0.76014 0.76014 0)
(0.76014 0.76014 0)
(0.76014 0.76014 0)
(0.76014 0.76014 0)
(0.76014 0.76014 0)
(0.76014 0.76014 3.82435e-19)
(0.76014 0.76014 -5.92923e-21)
(0.76014 0.76014 -2.96462e-21)
(0.76014 0.76014 0)
(0.76014 0.76014 0)
(0.76014 0.76014 1.63054e-19)
(0.76014 0.76014 0)
(0.76014 0.76014 0)
(0.76014 0.76014 0)
(0.76014 0.76014 -1.39337e-19)
(0.76014 0.76014 -2.66815e-19)
(0.76014 0.76014 1.27478e-19)
(0.76014 0.76014 0)
(0.76014 0.76014 0)
(0.76014 0.76014 0)
(0.76014 0.76014 0)
(0.76014 0.76014 0)
(0.76014 0.76014 0)
(0.76014 0.76014 0)
(0.76014 0.76014 -8.00446e-20)
(0.76014 0.76014 7.41154e-20)
(0.76014 0.76014 0)
(0.76014 0.76014 0)
(0.76014 0.76014 5.33631e-20)
(0.76014 0.76014 -5.33631e-20)
(0.76014 0.76014 0)
(0.76014 0.76014 0)
(0.76014 0.76014 -3.26108e-20)
(0.76014 0.76014 5.03985e-20)
(0.76014 0.76014 -2.37169e-20)
(0.76014 0.76014 0)
(0.76014 0.76014 0)
(0.76014 0.76014 -3.95105e-21)
(0.791076 0.791076 0)
(0.791076 0.791076 0)
(0.791076 0.791076 0)
(0.791076 0.791076 0)
(0.791076 0.791076 0)
(0.791076 0.791076 0)
(0.791076 0.791076 0)
(0.791076 0.791076 0)
(0.791076 0.791076 1.83806e-19)
(0.791076 0.791076 -3.64648e-19)
(0.791076 0.791076 0)
(0.791076 0.791076 -1.68983e-19)
(0.791076 0.791076 -1.63054e-19)
(0.791076 0.791076 1.5416e-19)
(0.791076 0.791076 -1.5416e-19)
(0.791076 0.791076 0)
(0.791076 0.791076 -1.39337e-19)
(0.791076 0.791076 1.33408e-19)
(0.791076 0.791076 4.034e-29)
(0.791076 0.791076 1.21549e-19)
(0.791076 0.791076 0)
(0.791076 0.791076 0)
(0.791076 0.791076 0)
(0.791076 0.791076 0)
(0.791076 0.791076 0)
(0.791076 0.791076 -8.59738e-20)
(0.791076 0.791076 8.00446e-20)
(0.791076 0.791076 0)
(0.791076 0.791076 0)
(0.791076 0.791076 5.92923e-20)
(0.791076 0.791076 -5.92923e-20)
(0.791076 0.791076 0)
(0.791076 0.791076 0)
(0.791076 0.791076 -3.854e-20)
(0.791076 0.791076 2.96462e-21)
(0.791076 0.791076 2.96462e-20)
(0.791076 0.791076 0)
(0.791076 0.791076 0)
(0.791076 0.791076 -8.89385e-21)
(0.791076 0.791076 3.95098e-21)
(0.817592 0.817592 0)
(0.817592 0.817592 0)
(0.817592 0.817592 0)
(0.817592 0.817592 0)
(0.817592 0.817592 0)
(0.817592 0.817592 0)
(0.817592 0.817592 0)
(0.817592 0.817592 0)
(0.817592 0.817592 0)
(0.817592 0.817592 3.58718e-19)
(0.817592 0.817592 -5.92923e-21)
(0.817592 0.817592 -2.96462e-21)
(0.817592 0.817592 0)
(0.817592 0.817592 0)
(0.817592 0.817592 1.48231e-19)
(0.817592 0.817592 -2.90532e-19)
(0.817592 0.817592 2.81638e-19)
(0.817592 0.817592 0)
(0.817592 0.817592 -1.27478e-19)
(0.817592 0.817592 -2.43098e-19)
(0.817592 0.817592 0)
(0.817592 0.817592 0)
(0.817592 0.817592 0)
(0.817592 0.817592 9.78323e-20)
(0.817592 0.817592 -9.19031e-20)
(0.817592 0.817592 8.59738e-20)
(0.817592 0.817592 0)
(0.817592 0.817592 0)
(0.817592 0.817592 6.52215e-20)
(0.817592 0.817592 -6.52215e-20)
(0.817592 0.817592 0)
(0.817592 0.817592 0)
(0.817592 0.817592 -4.44692e-20)
(0.817592 0.817592 7.41154e-20)
(0.817592 0.817592 -3.55754e-20)
(0.817592 0.817592 0)
(0.817592 0.817592 0)
(0.817592 0.817592 -1.48231e-20)
(0.817592 0.817592 8.89385e-21)
(0.817592 0.817592 0)
(0.839689 0.839689 0)
(0.839689 0.839689 0)
(0.839689 0.839689 0)
(0.839689 0.839689 0)
(0.839689 0.839689 0)
(0.839689 0.839689 0)
(0.839689 0.839689 0)
(0.839689 0.839689 0)
(0.839689 0.839689 0)
(0.839689 0.839689 0)
(0.839689 0.839689 1.71948e-19)
(0.839689 0.839689 -3.40931e-19)
(0.839689 0.839689 0)
(0.839689 0.839689 0)
(0.839689 0.839689 1.51195e-19)
(0.839689 0.839689 1.42302e-19)
(0.839689 0.839689 -1.42302e-19)
(0.839689 0.839689 0)
(0.839689 0.839689 -1.27478e-19)
(0.839689 0.839689 2.96462e-21)
(0.839689 0.839689 5.92923e-21)
(0.839689 0.839689 1.12655e-19)
(0.839689 0.839689 0)
(0.839689 0.839689 -1.95665e-19)
(0.839689 0.839689 9.19031e-20)
(0.839689 0.839689 0)
(0.839689 0.839689 0)
(0.839689 0.839689 7.11508e-20)
(0.839689 0.839689 -7.11508e-20)
(0.839689 0.839689 0)
(0.839689 0.839689 0)
(0.839689 0.839689 -5.03985e-20)
(0.839689 0.839689 8.59738e-20)
(0.839689 0.839689 -4.15046e-20)
(0.839689 0.839689 0)
(0.839689 0.839689 0)
(0.839689 0.839689 -2.07523e-20)
(0.839689 0.839689 1.48231e-20)
(0.839689 0.839689 0)
(0.839689 0.839689 0)
(0.857367 0.857367 0)
(0.857367 0.857367 0)
(0.857367 0.857367 0)
(0.857367 0.857367 0)
(0.857367 0.857367 0)
(0.857367 0.857367 0)
(0.857367 0.857367 0)
(0.857367 0.857367 0)
(0.857367 0.857367 0)
(0.857367 0.857367 0)
(0.857367 0.857367 0)
(0.857367 0.857367 2.96462e-21)
(0.857367 0.857367 1.66018e-19)
(0.857367 0.857367 1.5416e-19)
(0.857367 0.857367 -3.05355e-19)
(0.857367 0.857367 0)
(0.857367 0.857367 1.36372e-19)
(0.857367 0.857367 -2.66815e-19)
(0.857367 0.857367 2.57922e-19)
(0.857367 0.857367 0)
(0.857367 0.857367 1.12655e-19)
(0.857367 0.857367 -2.22346e-19)
(0.857367 0.857367 1.03762e-19)
(0.857367 0.857367 9.78323e-20)
(0.857367 0.857367 0)
(0.857367 0.857367 8.59738e-20)
(0.857367 0.857367 7.708e-20)
(0.857367 0.857367 -7.708e-20)
(0.857367 0.857367 0)
(0.857367 0.857367 0)
(0.857367 0.857367 -5.63277e-20)
(0.857367 0.857367 2.96462e-21)
(0.857367 0.857367 4.74338e-20)
(0.857367 0.857367 0)
(0.857367 0.857367 0)
(0.857367 0.857367 2.66815e-20)
(0.857367 0.857367 2.07523e-20)
(0.857367 0.857367 0)
(0.857367 0.857367 0)
(0.857367 0.857367 0)
(0.870625 0.870625 0)
(0.870625 0.870625 0)
(0.870625 0.870625 0)
(0.870625 0.870625 0)
(0.870625 0.870625 0)
(0.870625 0.870625 0)
(0.870625 0.870625 0)
(0.870625 0.870625 0)
(0.870625 0.870625 0)
(0.870625 0.870625 0)
(0.870625 0.870625 0)
(0.870625 0.870625 -1.66018e-19)
(0.870625 0.870625 3.26108e-19)
(0.870625 0.870625 -1.60089e-19)
(0.870625 0.870625 0)
(0.870625 0.870625 0)
(0.870625 0.870625 1.39337e-19)
(0.870625 0.870625 0)
(0.870625 0.870625 -1.27478e-19)
(0.870625 0.870625 2.40134e-19)
(0.870625 0.870625 -5.92923e-21)
(0.870625 0.870625 -5.92923e-21)
(0.870625 0.870625 -3.11285e-19)
(0.870625 0.870625 1.00797e-19)
(0.870625 0.870625 0)
(0.870625 0.870625 -2.96462e-21)
(0.870625 0.870625 -8.30092e-20)
(0.870625 0.870625 0)
(0.870625 0.870625 0)
(0.870625 0.870625 -6.22569e-20)
(0.870625 0.870625 1.09691e-19)
(0.870625 0.870625 -5.33631e-20)
(0.870625 0.870625 0)
(0.870625 0.870625 0)
(0.870625 0.870625 -3.26108e-20)
(0.870625 0.870625 -2.66815e-20)
(0.870625 0.870625 0)
(0.870625 0.870625 0)
(0.870625 0.870625 0)
(0.870625 0.870625 -3.95079e-21)
(0.879464 0.879464 0)
(0.879464 0.879464 0)
(0.879464 0.879464 0)
(0.879464 0.879464 0)
(0.879464 0.879464 0)
(0.879464 0.879464 0)
(0.879464 0.879464 0)
(0.879464 0.879464 0)
(0.879464 0.879464 0)
(0.879464 0.879464 0)
(0.879464 0.879464 0)
(0.879464 0.879464 0)
(0.879464 0.879464 -1.60089e-19)
(0.879464 0.879464 5.92923e-21)
(0.879464 0.879464 1.5416e-19)
(0.879464 0.879464 1.42302e-19)
(0.879464 0.879464 -2.81638e-19)
(0.879464 0.879464 0)
(0.879464 0.879464 1.27478e-19)
(0.879464 0.879464 1.67675e-29)
(0.879464 0.879464 1.12655e-19)
(0.879464 0.879464 -2.96462e-21)
(0.879464 0.879464 1.00797e-19)
(0.879464 0.879464 -1.98629e-19)
(0.879464 0.879464 8.89385e-20)
(0.879464 0.879464 -8.89385e-20)
(0.879464 0.879464 0)
(0.879464 0.879464 0)
(0.879464 0.879464 -6.81862e-20)
(0.879464 0.879464 2.96462e-21)
(0.879464 0.879464 5.92923e-20)
(0.879464 0.879464 0)
(0.879464 0.879464 0)
(0.879464 0.879464 -3.854e-20)
(0.879464 0.879464 3.26108e-20)
(0.879464 0.879464 0)
(0.879464 0.879464 0)
(0.879464 0.879464 -2.66815e-20)
(0.879464 0.879464 8.89385e-21)
(0.879464 0.879464 -7.90155e-21)
(0.883883 0.883883 0)
(0.883883 0.883883 0)
(0.883883 0.883883 0)
(0.883883 0.883883 0)
(0.883883 0.883883 0)
(0.883883 0.883883 0)
(0.883883 0.883883 0)
(0.883883 0.883883 0)
(0.883883 0.883883 0)
(0.883883 0.883883 0)
(0.883883 0.883883 0)
(0.883883 0.883883 0)
(0.883883 0.883883 0)
(0.883883 0.883883 -1.5416e-19)
(0.883883 0.883883 3.02391e-19)
(0.883883 0.883883 -2.96462e-21)
(0.883883 0.883883 0)
(0.883883 0.883883 -2.63851e-19)
(0.883883 0.883883 2.54957e-19)
(0.883883 0.883883 -3.67612e-19)
(0.883883 0.883883 -1.1562e-19)
(0.883883 0.883883 2.16417e-19)
(0.883883 0.883883 -5.92923e-21)
(0.883883 0.883883 -2.96462e-21)
(0.883883 0.883883 -8.89385e-20)
(0.883883 0.883883 8.89385e-20)
(0.883883 0.883883 0)
(0.883883 0.883883 -7.41154e-20)
(0.883883 0.883883 1.33408e-19)
(0.883883 0.883883 -6.52215e-20)
(0.883883 0.883883 0)
(0.883883 0.883883 0)
(0.883883 0.883883 -4.44692e-20)
(0.883883 0.883883 3.854e-20)
(0.883883 0.883883 0)
(0.883883 0.883883 0)
(0.883883 0.883883 -1.77877e-20)
(0.883883 0.883883 2.96462e-20)
(0.883883 0.883883 -5.92923e-21)
(0.883883 0.883883 -3.95076e-21)
(0.883883 0.883883 0)
(0.883883 0.883883 0)
(0.883883 0.883883 0)
(0.883883 0.883883 0)
(0.883883 0.883883 0)
(0.883883 0.883883 0)
(0.883883 0.883883 0)
(0.883883 0.883883 0)
(0.883883 0.883883 0)
(0.883883 0.883883 0)
(0.883883 0.883883 0)
(0.883883 0.883883 0)
(0.883883 0.883883 0)
(0.883883 0.883883 0)
(0.883883 0.883883 0)
(0.883883 0.883883 5.13207e-30)
(0.883883 0.883883 -1.39337e-19)
(0.883883 0.883883 -4.40439e-30)
(0.883883 0.883883 -1.24514e-19)
(0.883883 0.883883 2.46063e-19)
(0.883883 0.883883 1.1562e-19)
(0.883883 0.883883 7.58974e-30)
(0.883883 0.883883 1.03762e-19)
(0.883883 0.883883 0)
(0.883883 0.883883 -8.89385e-20)
(0.883883 0.883883 5.92923e-21)
(0.883883 0.883883 1.63054e-19)
(0.883883 0.883883 1.45266e-19)
(0.883883 0.883883 -7.11508e-20)
(0.883883 0.883883 0)
(0.883883 0.883883 0)
(0.883883 0.883883 -5.03985e-20)
(0.883883 0.883883 4.44692e-20)
(0.883883 0.883883 0)
(0.883883 0.883883 0)
(0.883883 0.883883 0)
(0.883883 0.883883 -2.96462e-21)
(0.883883 0.883883 -5.92923e-21)
(0.883883 0.883883 -2.96462e-21)
(0.883883 0.883883 -3.95076e-21)
(0.879464 0.879464 0)
(0.879464 0.879464 0)
(0.879464 0.879464 0)
(0.879464 0.879464 0)
(0.879464 0.879464 0)
(0.879464 0.879464 0)
(0.879464 0.879464 0)
(0.879464 0.879464 0)
(0.879464 0.879464 0)
(0.879464 0.879464 0)
(0.879464 0.879464 0)
(0.879464 0.879464 0)
(0.879464 0.879464 0)
(0.879464 0.879464 0)
(0.879464 0.879464 0)
(0.879464 0.879464 -1.45266e-19)
(0.879464 0.879464 2.75709e-19)
(0.879464 0.879464 -2.96462e-21)
(0.879464 0.879464 0)
(0.879464 0.879464 -2.40134e-19)
(0.879464 0.879464 2.3124e-19)
(0.879464 0.879464 -3.29072e-19)
(0.879464 0.879464 -1.00797e-19)
(0.879464 0.879464 0)
(0.879464 0.879464 0)
(0.879464 0.879464 -2.96462e-21)
(0.879464 0.879464 -8.30092e-20)
(0.879464 0.879464 7.41154e-20)
(0.879464 0.879464 0)
(0.879464 0.879464 0)
(0.879464 0.879464 5.63277e-20)
(0.879464 0.879464 5.03985e-20)
(0.879464 0.879464 0)
(0.879464 0.879464 0)
(0.879464 0.879464 -2.96462e-20)
(0.879464 0.879464 2.66815e-20)
(0.879464 0.879464 -5.92923e-21)
(0.879464 0.879464 -2.96462e-21)
(0.879464 0.879464 -2.96462e-21)
(0.879464 0.879464 -7.90155e-21)
(0.870625 0.870625 0)
(0.870625 0.870625 0)
(0.870625 0.870625 0)
(0.870625 0.870625 0)
(0.870625 0.870625 0)
(0.870625 0.870625 0)
(0.870625 0.870625 0)
(0.870625 0.870625 0)
(0.870625 0.870625 0)
(0.870625 0.870625 0)
(0.870625 0.870625 0)
(0.870625 0.870625 0)
(0.870625 0.870625 0)
(0.870625 0.870625 0)
(0.870625 0.870625 0)
(0.870625 0.870625 0)
(0.870625 0.870625 -1.39337e-19)
(0.870625 0.870625 1.33408e-19)
(0.870625 0.870625 -1.27478e-19)
(0.870625 0.870625 3.41766e-30)
(0.870625 0.870625 -1.1562e-19)
(0.870625 0.870625 0)
(0.870625 0.870625 1.03762e-19)
(0.870625 0.870625 -9.78323e-20)
(0.870625 0.870625 8.89385e-20)
(0.870625 0.870625 -8.59738e-20)
(0.870625 0.870625 2.96462e-21)
(0.870625 0.870625 -1.48231e-19)
(0.870625 0.870625 6.81862e-20)
(0.870625 0.870625 -6.22569e-20)
(0.870625 0.870625 -5.63277e-20)
(0.870625 0.870625 0)
(0.870625 0.870625 0)
(0.870625 0.870625 0)
(0.870625 0.870625 -2.96462e-21)
(0.870625 0.870625 -5.92923e-21)
(0.870625 0.870625 -2.96462e-21)
(0.870625 0.870625 -2.96462e-21)
(0.870625 0.870625 -5.92923e-21)
(0.870625 0.870625 -7.90159e-21)
(0.857367 0.857367 0)
(0.857367 0.857367 0)
(0.857367 0.857367 0)
(0.857367 0.857367 0)
(0.857367 0.857367 0)
(0.857367 0.857367 0)
(0.857367 0.857367 0)
(0.857367 0.857367 0)
(0.857367 0.857367 0)
(0.857367 0.857367 0)
(0.857367 0.857367 0)
(0.857367 0.857367 0)
(0.857367 0.857367 0)
(0.857367 0.857367 0)
(0.857367 0.857367 -1.48231e-19)
(0.857367 0.857367 2.96462e-21)
(0.857367 0.857367 1.39337e-19)
(0.857367 0.857367 -1.33408e-19)
(0.857367 0.857367 2.51992e-19)
(0.857367 0.857367 -5.92923e-21)
(0.857367 0.857367 -2.96462e-21)
(0.857367 0.857367 0)
(0.857367 0.857367 0)
(0.857367 0.857367 1.68434e-29)
(0.857367 0.857367 -8.89385e-20)
(0.857367 0.857367 8.89385e-20)
(0.857367 0.857367 -8.00446e-20)
(0.857367 0.857367 7.41154e-20)
(0.857367 0.857367 -1.52953e-29)
(0.857367 0.857367 1.24514e-19)
(0.857367 0.857367 0)
(0.857367 0.857367 -4.74338e-20)
(0.857367 0.857367 5.92923e-21)
(0.857367 0.857367 3.854e-20)
(0.857367 0.857367 -5.92923e-21)
(0.857367 0.857367 -2.96462e-21)
(0.857367 0.857367 -2.96462e-21)
(0.857367 0.857367 -5.92923e-21)
(0.857367 0.857367 -5.92923e-21)
(0.857367 0.857367 -3.95082e-21)
(0.839689 0.839689 0)
(0.839689 0.839689 0)
(0.839689 0.839689 0)
(0.839689 0.839689 0)
(0.839689 0.839689 0)
(0.839689 0.839689 0)
(0.839689 0.839689 0)
(0.839689 0.839689 0)
(0.839689 0.839689 0)
(0.839689 0.839689 0)
(0.839689 0.839689 0)
(0.839689 0.839689 0)
(0.839689 0.839689 0)
(0.839689 0.839689 1.57125e-19)
(0.839689 0.839689 -1.51195e-19)
(0.839689 0.839689 1.45266e-19)
(0.839689 0.839689 0)
(0.839689 0.839689 0)
(0.839689 0.839689 -1.24514e-19)
(0.839689 0.839689 3.67612e-19)
(0.839689 0.839689 1.1562e-19)
(0.839689 0.839689 0)
(0.839689 0.839689 -1.00797e-19)
(0.839689 0.839689 1.03762e-19)
(0.839689 0.839689 1.83806e-19)
(0.839689 0.839689 -1.71948e-19)
(0.839689 0.839689 1.63054e-19)
(0.839689 0.839689 7.41154e-20)
(0.839689 0.839689 -6.81862e-20)
(0.839689 0.839689 -1.24514e-19)
(0.839689 0.839689 0)
(0.839689 0.839689 -4.74338e-20)
(0.839689 0.839689 4.44692e-20)
(0.839689 0.839689 -5.92923e-21)
(0.839689 0.839689 -2.96462e-21)
(0.839689 0.839689 -2.96462e-21)
(0.839689 0.839689 -5.92923e-21)
(0.839689 0.839689 -5.92923e-21)
(0.839689 0.839689 -2.96462e-21)
(0.839689 0.839689 -3.95087e-21)
(0.817592 0.817592 0)
(0.817592 0.817592 0)
(0.817592 0.817592 0)
(0.817592 0.817592 0)
(0.817592 0.817592 0)
(0.817592 0.817592 0)
(0.817592 0.817592 0)
(0.817592 0.817592 0)
(0.817592 0.817592 0)
(0.817592 0.817592 0)
(0.817592 0.817592 0)
(0.817592 0.817592 0)
(0.817592 0.817592 0)
(0.817592 0.817592 -3.14249e-19)
(0.817592 0.817592 1.51195e-19)
(0.817592 0.817592 0)
(0.817592 0.817592 -1.36372e-19)
(0.817592 0.817592 2.66815e-19)
(0.817592 0.817592 -1.30443e-19)
(0.817592 0.817592 -1.21549e-19)
(0.817592 0.817592 3.20502e-29)
(0.817592 0.817592 0)
(0.817592 0.817592 -1.00797e-19)
(0.817592 0.817592 1.00797e-19)
(0.817592 0.817592 9.19031e-20)
(0.817592 0.817592 8.30092e-20)
(0.817592 0.817592 -2.96462e-21)
(0.817592 0.817592 -7.41154e-20)
(0.817592 0.817592 -6.81862e-20)
(0.817592 0.817592 5.92923e-20)
(0.817592 0.817592 5.03985e-20)
(0.817592 0.817592 -5.63277e-20)
(0.817592 0.817592 -5.92923e-21)
(0.817592 0.817592 -2.96462e-21)
(0.817592 0.817592 -2.96462e-21)
(0.817592 0.817592 -5.92923e-21)
(0.817592 0.817592 -5.92923e-21)
(0.817592 0.817592 -2.96462e-21)
(0.817592 0.817592 -2.96462e-21)
(0.817592 0.817592 -7.90183e-21)
(0.791076 0.791076 0)
(0.791076 0.791076 0)
(0.791076 0.791076 0)
(0.791076 0.791076 0)
(0.791076 0.791076 0)
(0.791076 0.791076 0)
(0.791076 0.791076 0)
(0.791076 0.791076 0)
(0.791076 0.791076 0)
(0.791076 0.791076 0)
(0.791076 0.791076 0)
(0.791076 0.791076 0)
(0.791076 0.791076 -1.63054e-19)
(0.791076 0.791076 1.57125e-19)
(0.791076 0.791076 0)
(0.791076 0.791076 1.45266e-19)
(0.791076 0.791076 1.36372e-19)
(0.791076 0.791076 -1.36372e-19)
(0.791076 0.791076 0)
(0.791076 0.791076 0)
(0.791076 0.791076 -2.3124e-19)
(0.791076 0.791076 -1.06726e-19)
(0.791076 0.791076 1.06726e-19)
(0.791076 0.791076 9.48677e-20)
(0.791076 0.791076 -1.86771e-19)
(0.791076 0.791076 8.59738e-20)
(0.791076 0.791076 -2.96462e-21)
(0.791076 0.791076 -1.48231e-19)
(0.791076 0.791076 1.39337e-19)
(0.791076 0.791076 2.96462e-21)
(0.791076 0.791076 5.92923e-20)
(0.791076 0.791076 9.78323e-20)
(0.791076 0.791076 -2.96462e-21)
(0.791076 0.791076 -2.96462e-21)
(0.791076 0.791076 -5.92923e-21)
(0.791076 0.791076 -5.92923e-21)
(0.791076 0.791076 -2.96462e-21)
(0.791076 0.791076 -2.96462e-21)
(0.791076 0.791076 -5.92923e-21)
(0.791076 0.791076 -7.90196e-21)
(0.76014 0.76014 0)
(0.76014 0.76014 0)
(0.76014 0.76014 0)
(0.76014 0.76014 0)
(0.76014 0.76014 0)
(0.76014 0.76014 0)
(0.76014 0.76014 0)
(0.76014 0.76014 0)
(0.76014 0.76014 0)
(0.76014 0.76014 0)
(0.76014 0.76014 0)
(0.76014 0.76014 -1.68983e-19)
(0.76014 0.76014 1.63054e-19)
(0.76014 0.76014 0)
(0.76014 0.76014 0)
(0.76014 0.76014 -2.96462e-21)
(0.76014 0.76014 -1.42302e-19)
(0.76014 0.76014 0)
(0.76014 0.76014 0)
(0.76014 0.76014 -1.21549e-19)
(0.76014 0.76014 2.28275e-19)
(0.76014 0.76014 -2.19382e-19)
(0.76014 0.76014 2.07523e-19)
(0.76014 0.76014 -1.00797e-19)
(0.76014 0.76014 9.19031e-20)
(0.76014 0.76014 -8.59738e-20)
(0.76014 0.76014 8.00446e-20)
(0.76014 0.76014 -7.11508e-20)
(0.76014 0.76014 5.92923e-21)
(0.76014 0.76014 6.81862e-20)
(0.76014 0.76014 2.96462e-21)
(0.76014 0.76014 4.74338e-20)
(0.76014 0.76014 -5.92923e-21)
(0.76014 0.76014 -5.92923e-21)
(0.76014 0.76014 -5.92923e-21)
(0.76014 0.76014 -2.96462e-21)
(0.76014 0.76014 -2.96462e-21)
(0.76014 0.76014 -5.92923e-21)
(0.76014 0.76014 -5.92923e-21)
(0.76014 0.76014 -3.95105e-21)
(0.724784 0.724784 0)
(0.724784 0.724784 0)
(0.724784 0.724784 0)
(0.724784 0.724784 0)
(0.724784 0.724784 0)
(0.724784 0.724784 0)
(0.724784 0.724784 0)
(0.724784 0.724784 0)
(0.724784 0.724784 0)
(0.724784 0.724784 0)
(0.724784 0.724784 -1.74912e-19)
(0.724784 0.724784 1.68983e-19)
(0.724784 0.724784 0)
(0.724784 0.724784 0)
(0.724784 0.724784 1.48231e-19)
(0.724784 0.724784 -1.48231e-19)
(0.724784 0.724784 0)
(0.724784 0.724784 0)
(0.724784 0.724784 -1.27478e-19)
(0.724784 0.724784 2.96462e-21)
(0.724784 0.724784 1.18585e-19)
(0.724784 0.724784 0)
(0.724784 0.724784 -1.00797e-19)
(0.724784 0.724784 5.92923e-21)
(0.724784 0.724784 2.96462e-21)
(0.724784 0.724784 8.30092e-20)
(0.724784 0.724784 -1.63054e-19)
(0.724784 0.724784 -7.11508e-20)
(0.724784 0.724784 7.41154e-20)
(0.724784 0.724784 -2.57739e-29)
(0.724784 0.724784 -1.12655e-19)
(0.724784 0.724784 5.33631e-20)
(0.724784 0.724784 4.44692e-20)
(0.724784 0.724784 7.41154e-20)
(0.724784 0.724784 -2.96462e-21)
(0.724784 0.724784 -2.96462e-21)
(0.724784 0.724784 -5.92923e-21)
(0.724784 0.724784 -5.92923e-21)
(0.724784 0.724784 -2.96462e-21)
(0.724784 0.724784 -3.95113e-21)
(0.68501 0.68501 0)
(0.68501 0.68501 0)
(0.68501 0.68501 0)
(0.68501 0.68501 0)
(0.68501 0.68501 0)
(0.68501 0.68501 0)
(0.68501 0.68501 0)
(0.68501 0.68501 0)
(0.68501 0.68501 0)
(0.68501 0.68501 -1.80842e-19)
(0.68501 0.68501 1.74912e-19)
(0.68501 0.68501 0)
(0.68501 0.68501 0)
(0.68501 0.68501 1.5416e-19)
(0.68501 0.68501 -1.5416e-19)
(0.68501 0.68501 0)
(0.68501 0.68501 0)
(0.68501 0.68501 -1.33408e-19)
(0.68501 0.68501 2.51992e-19)
(0.68501 0.68501 -1.24514e-19)
(0.68501 0.68501 0)
(0.68501 0.68501 0)
(0.68501 0.68501 -1.03762e-19)
(0.68501 0.68501 -9.48677e-20)
(0.68501 0.68501 1.83806e-19)
(0.68501 0.68501 -9.19031e-20)
(0.68501 0.68501 -8.30092e-20)
(0.68501 0.68501 2.96462e-21)
(0.68501 0.68501 -2.55545e-29)
(0.68501 0.68501 -2.96462e-21)
(0.68501 0.68501 -2.96462e-21)
(0.68501 0.68501 -5.03985e-20)
(0.68501 0.68501 2.96462e-21)
(0.68501 0.68501 3.55754e-20)
(0.68501 0.68501 -5.92923e-21)
(0.68501 0.68501 -5.92923e-21)
(0.68501 0.68501 -5.92923e-21)
(0.68501 0.68501 -2.96462e-21)
(0.68501 0.68501 -2.96462e-21)
(0.68501 0.68501 -7.90245e-21)
(0.640816 0.640816 0)
(0.640816 0.640816 0)
(0.640816 0.640816 0)
(0.640816 0.640816 0)
(0.640816 0.640816 0)
(0.640816 0.640816 0)
(0.640816 0.640816 0)
(0.640816 0.640816 0)
(0.640816 0.640816 -1.86771e-19)
(0.640816 0.640816 1.80842e-19)
(0.640816 0.640816 0)
(0.640816 0.640816 0)
(0.640816 0.640816 1.60089e-19)
(0.640816 0.640816 -1.60089e-19)
(0.640816 0.640816 0)
(0.640816 0.640816 0)
(0.640816 0.640816 -1.39337e-19)
(0.640816 0.640816 2.63851e-19)
(0.640816 0.640816 -1.30443e-19)
(0.640816 0.640816 0)
(0.640816 0.640816 0)
(0.640816 0.640816 -1.09691e-19)
(0.640816 0.640816 1.03762e-19)
(0.640816 0.640816 0)
(0.640816 0.640816 0)
(0.640816 0.640816 8.59738e-20)
(0.640816 0.640816 -7.708e-20)
(0.640816 0.640816 2.96462e-21)
(0.640816 0.640816 1.36372e-19)
(0.640816 0.640816 -1.21549e-19)
(0.640816 0.640816 1.71948e-19)
(0.640816 0.640816 -5.33631e-20)
(0.640816 0.640816 -8.89385e-20)
(0.640816 0.640816 4.15046e-20)
(0.640816 0.640816 3.26108e-20)
(0.640816 0.640816 5.03985e-20)
(0.640816 0.640816 -2.96462e-21)
(0.640816 0.640816 -2.96462e-21)
(0.640816 0.640816 -5.92923e-21)
(0.640816 0.640816 -7.90266e-21)
(0.592202 0.592202 0)
(0.592202 0.592202 0)
(0.592202 0.592202 0)
(0.592202 0.592202 0)
(0.592202 0.592202 0)
(0.592202 0.592202 0)
(0.592202 0.592202 0)
(0.592202 0.592202 -1.927e-19)
(0.592202 0.592202 1.86771e-19)
(0.592202 0.592202 0)
(0.592202 0.592202 0)
(0.592202 0.592202 1.66018e-19)
(0.592202 0.592202 -1.66018e-19)
(0.592202 0.592202 0)
(0.592202 0.592202 0)
(0.592202 0.592202 -1.45266e-19)
(0.592202 0.592202 2.75709e-19)
(0.592202 0.592202 -1.36372e-19)
(0.592202 0.592202 0)
(0.592202 0.592202 0)
(0.592202 0.592202 1.1562e-19)
(0.592202 0.592202 1.09691e-19)
(0.592202 0.592202 0)
(0.592202 0.592202 9.78323e-20)
(0.592202 0.592202 -8.89385e-20)
(0.592202 0.592202 8.59738e-20)
(0.592202 0.592202 -1.63054e-19)
(0.592202 0.592202 -7.41154e-20)
(0.592202 0.592202 -6.81862e-20)
(0.592202 0.592202 6.52215e-20)
(0.592202 0.592202 -1.06726e-19)
(0.592202 0.592202 1.03762e-19)
(0.592202 0.592202 -2.96462e-21)
(0.592202 0.592202 -3.854e-20)
(0.592202 0.592202 2.96462e-21)
(0.592202 0.592202 2.37169e-20)
(0.592202 0.592202 -5.92923e-21)
(0.592202 0.592202 -5.92923e-21)
(0.592202 0.592202 -5.92923e-21)
(0.592202 0.592202 -7.90288e-21)
(0.539169 0.539169 0)
(0.539169 0.539169 0)
(0.539169 0.539169 0)
(0.539169 0.539169 0)
(0.539169 0.539169 0)
(0.539169 0.539169 0)
(0.539169 0.539169 -1.98629e-19)
(0.539169 0.539169 1.927e-19)
(0.539169 0.539169 0)
(0.539169 0.539169 0)
(0.539169 0.539169 1.71948e-19)
(0.539169 0.539169 -1.71948e-19)
(0.539169 0.539169 0)
(0.539169 0.539169 0)
(0.539169 0.539169 -1.51195e-19)
(0.539169 0.539169 2.87568e-19)
(0.539169 0.539169 -1.42302e-19)
(0.539169 0.539169 0)
(0.539169 0.539169 0)
(0.539169 0.539169 -1.21549e-19)
(0.539169 0.539169 -1.1562e-19)
(0.539169 0.539169 0)
(0.539169 0.539169 0)
(0.539169 0.539169 -1.927e-19)
(0.539169 0.539169 9.19031e-20)
(0.539169 0.539169 -5.92923e-21)
(0.539169 0.539169 -2.96462e-21)
(0.539169 0.539169 3.58491e-29)
(0.539169 0.539169 -6.52215e-20)
(0.539169 0.539169 2.96462e-21)
(0.539169 0.539169 1.12655e-19)
(0.539169 0.539169 -9.78323e-20)
(0.539169 0.539169 9.48677e-20)
(0.539169 0.539169 8.97338e-31)
(0.539169 0.539169 -6.52215e-20)
(0.539169 0.539169 3.26108e-20)
(0.539169 0.539169 2.37169e-20)
(0.539169 0.539169 2.66815e-20)
(0.539169 0.539169 -5.92923e-21)
(0.539169 0.539169 -3.95157e-21)
(0.481716 0.481716 0)
(0.481716 0.481716 0)
(0.481716 0.481716 0)
(0.481716 0.481716 0)
(0.481716 0.481716 -2.07523e-19)
(0.481716 0.481716 2.96462e-21)
(0.481716 0.481716 1.98629e-19)
(0.481716 0.481716 0)
(0.481716 0.481716 0)
(0.481716 0.481716 1.77877e-19)
(0.481716 0.481716 -1.77877e-19)
(0.481716 0.481716 0)
(0.481716 0.481716 0)
(0.481716 0.481716 -1.57125e-19)
(0.481716 0.481716 2.96462e-21)
(0.481716 0.481716 1.48231e-19)
(0.481716 0.481716 0)
(0.481716 0.481716 0)
(0.481716 0.481716 1.27478e-19)
(0.481716 0.481716 1.21549e-19)
(0.481716 0.481716 0)
(0.481716 0.481716 -1.06726e-19)
(0.481716 0.481716 5.92923e-21)
(0.481716 0.481716 9.78323e-20)
(0.481716 0.481716 -5.92923e-21)
(0.481716 0.481716 -2.96462e-21)
(0.481716 0.481716 -2.96462e-21)
(0.481716 0.481716 -5.92923e-21)
(0.481716 0.481716 -1.39337e-19)
(0.481716 0.481716 -6.22569e-20)
(0.481716 0.481716 -5.63277e-20)
(0.481716 0.481716 5.33631e-20)
(0.481716 0.481716 -5.74835e-31)
(0.481716 0.481716 -2.96462e-21)
(0.481716 0.481716 -2.96462e-20)
(0.481716 0.481716 -2.37169e-20)
(0.481716 0.481716 2.96462e-21)
(0.481716 0.481716 1.77877e-20)
(0.481716 0.481716 2.61428e-30)
(0.481716 0.481716 -3.9517e-21)
(0.419845 0.419845 0)
(0.419845 0.419845 0)
(0.419845 0.419845 0)
(0.419845 0.419845 0)
(0.419845 0.419845 -2.10488e-19)
(0.419845 0.419845 2.04558e-19)
(0.419845 0.419845 0)
(0.419845 0.419845 0)
(0.419845 0.419845 1.83806e-19)
(0.419845 0.419845 -1.83806e-19)
(0.419845 0.419845 0)
(0.419845 0.419845 0)
(0.419845 0.419845 -1.63054e-19)
(0.419845 0.419845 3.11285e-19)
(0.419845 0.419845 -1.5416e-19)
(0.419845 0.419845 0)
(0.419845 0.419845 0)
(0.419845 0.419845 -1.33408e-19)
(0.419845 0.419845 -1.27478e-19)
(0.419845 0.419845 0)
(0.419845 0.419845 0)
(0.419845 0.419845 -1.06726e-19)
(0.419845 0.419845 1.03762e-19)
(0.419845 0.419845 -5.92923e-21)
(0.419845 0.419845 -2.96462e-21)
(0.419845 0.419845 -2.96462e-21)
(0.419845 0.419845 -5.92923e-21)
(0.419845 0.419845 -5.92923e-21)
(0.419845 0.419845 -2.96462e-21)
(0.419845 0.419845 1.38059e-29)
(0.419845 0.419845 -5.33631e-20)
(0.419845 0.419845 2.96462e-21)
(0.419845 0.419845 8.89385e-20)
(0.419845 0.419845 2.96462e-21)
(0.419845 0.419845 9.78323e-20)
(0.419845 0.419845 -2.66815e-20)
(0.419845 0.419845 -1.77877e-20)
(0.419845 0.419845 1.48231e-20)
(0.419845 0.419845 8.89385e-21)
(0.419845 0.419845 3.95184e-21)
(0.353553 0.353553 0)
(0.353553 0.353553 0)
(0.353553 0.353553 -2.19382e-19)
(0.353553 0.353553 2.96462e-21)
(0.353553 0.353553 2.10488e-19)
(0.353553 0.353553 0)
(0.353553 0.353553 -1.95665e-19)
(0.353553 0.353553 3.854e-19)
(0.353553 0.353553 -1.89735e-19)
(0.353553 0.353553 0)
(0.353553 0.353553 0)
(0.353553 0.353553 -1.68983e-19)
(0.353553 0.353553 3.23143e-19)
(0.353553 0.353553 -1.60089e-19)
(0.353553 0.353553 0)
(0.353553 0.353553 0)
(0.353553 0.353553 -1.39337e-19)
(0.353553 0.353553 1.33408e-19)
(0.353553 0.353553 0)
(0.353553 0.353553 0)
(0.353553 0.353553 -2.28275e-19)
(0.353553 0.353553 1.09691e-19)
(0.353553 0.353553 -5.92923e-21)
(0.353553 0.353553 -2.96462e-21)
(0.353553 0.353553 -2.96462e-21)
(0.353553 0.353553 -5.92923e-21)
(0.353553 0.353553 -5.92923e-21)
(0.353553 0.353553 -2.96462e-21)
(0.353553 0.353553 -2.96462e-21)
(0.353553 0.353553 -5.92923e-21)
(0.353553 0.353553 -1.1562e-19)
(0.353553 0.353553 -5.03985e-20)
(0.353553 0.353553 -4.15046e-20)
(0.353553 0.353553 3.854e-20)
(0.353553 0.353553 -6.52215e-20)
(0.353553 0.353553 8.00446e-20)
(0.353553 0.353553 -2.96462e-21)
(0.353553 0.353553 -2.96462e-20)
(0.353553 0.353553 2.96462e-21)
(0.353553 0.353553 7.90399e-21)
(0.282843 0.282843 0)
(0.282843 0.282843 2.28275e-19)
(0.282843 0.282843 -2.22346e-19)
(0.282843 0.282843 2.16417e-19)
(0.282843 0.282843 0)
(0.282843 0.282843 0)
(0.282843 0.282843 0)
(0.282843 0.282843 0)
(0.282843 0.282843 0)
(0.282843 0.282843 0)
(0.282843 0.282843 -1.74912e-19)
(0.282843 0.282843 3.35002e-19)
(0.282843 0.282843 -1.66018e-19)
(0.282843 0.282843 0)
(0.282843 0.282843 0)
(0.282843 0.282843 1.45266e-19)
(0.282843 0.282843 1.39337e-19)
(0.282843 0.282843 0)
(0.282843 0.282843 0)
(0.282843 0.282843 -1.18585e-19)
(0.282843 0.282843 2.3124e-19)
(0.282843 0.282843 -5.92923e-21)
(0.282843 0.282843 -2.96462e-21)
(0.282843 0.282843 -2.96462e-21)
(0.282843 0.282843 -5.92923e-21)
(0.282843 0.282843 -5.92923e-21)
(0.282843 0.282843 -2.96462e-21)
(0.282843 0.282843 -2.96462e-21)
(0.282843 0.282843 -5.92923e-21)
(0.282843 0.282843 -5.92923e-21)
(0.282843 0.282843 -2.96462e-21)
(0.282843 0.282843 -9.01221e-29)
(0.282843 0.282843 -4.44692e-20)
(0.282843 0.282843 2.96462e-21)
(0.282843 0.282843 3.26108e-20)
(0.282843 0.282843 -5.63277e-20)
(0.282843 0.282843 3.854e-20)
(0.282843 0.282843 -1.48231e-20)
(0.282843 0.282843 -5.92923e-21)
(0.282843 0.282843 3.95216e-21)
(0.207713 0.207713 0)
(0.207713 0.207713 -2.28275e-19)
(0.207713 0.207713 2.22346e-19)
(0.207713 0.207713 0)
(0.207713 0.207713 -2.07523e-19)
(0.207713 0.207713 2.07523e-19)
(0.207713 0.207713 0)
(0.207713 0.207713 0)
(0.207713 0.207713 0)
(0.207713 0.207713 -1.80842e-19)
(0.207713 0.207713 3.4686e-19)
(0.207713 0.207713 -1.71948e-19)
(0.207713 0.207713 0)
(0.207713 0.207713 0)
(0.207713 0.207713 -1.51195e-19)
(0.207713 0.207713 -1.45266e-19)
(0.207713 0.207713 0)
(0.207713 0.207713 0)
(0.207713 0.207713 0)
(0.207713 0.207713 -2.96462e-21)
(0.207713 0.207713 -5.92923e-21)
(0.207713 0.207713 -2.96462e-21)
(0.207713 0.207713 -2.96462e-21)
(0.207713 0.207713 -5.92923e-21)
(0.207713 0.207713 -5.92923e-21)
(0.207713 0.207713 -2.96462e-21)
(0.207713 0.207713 -2.96462e-21)
(0.207713 0.207713 -5.92923e-21)
(0.207713 0.207713 -5.92923e-21)
(0.207713 0.207713 -2.96462e-21)
(0.207713 0.207713 -2.96462e-21)
(0.207713 0.207713 -5.92923e-21)
(0.207713 0.207713 -9.19031e-20)
(0.207713 0.207713 -3.854e-20)
(0.207713 0.207713 -2.96462e-20)
(0.207713 0.207713 5.33631e-20)
(0.207713 0.207713 -4.15046e-20)
(0.207713 0.207713 4.44692e-20)
(0.207713 0.207713 -2.96462e-21)
(0.207713 0.207713 -7.90467e-21)
(0.128163 0.128163 -3.12202e-19)
(0.128163 0.128163 0)
(0.128163 0.128163 0)
(0.128163 0.128163 2.16417e-19)
(0.128163 0.128163 0)
(0.128163 0.128163 0)
(0.128163 0.128163 0)
(0.128163 0.128163 0)
(0.128163 0.128163 -1.86771e-19)
(0.128163 0.128163 2.96462e-21)
(0.128163 0.128163 1.77877e-19)
(0.128163 0.128163 0)
(0.128163 0.128163 0)
(0.128163 0.128163 1.57125e-19)
(0.128163 0.128163 1.51195e-19)
(0.128163 0.128163 0)
(0.128163 0.128163 0)
(0.128163 0.128163 -2.63851e-19)
(0.128163 0.128163 1.27478e-19)
(0.128163 0.128163 -5.92923e-21)
(0.128163 0.128163 -2.96462e-21)
(0.128163 0.128163 -2.96462e-21)
(0.128163 0.128163 -5.92923e-21)
(0.128163 0.128163 -5.92923e-21)
(0.128163 0.128163 -2.96462e-21)
(0.128163 0.128163 -2.96462e-21)
(0.128163 0.128163 -5.92923e-21)
(0.128163 0.128163 -5.92923e-21)
(0.128163 0.128163 -2.96462e-21)
(0.128163 0.128163 -2.96462e-21)
(0.128163 0.128163 -5.92923e-21)
(0.128163 0.128163 -5.92923e-21)
(0.128163 0.128163 -5.92923e-21)
(0.128163 0.128163 -5.92923e-21)
(0.128163 0.128163 -3.55754e-20)
(0.128163 0.128163 2.96462e-21)
(0.128163 0.128163 2.07523e-20)
(0.128163 0.128163 -3.26108e-20)
(0.128163 0.128163 1.48231e-20)
(0.128163 0.128163 -3.95252e-21)
(0.0441942 0.0441942 2.34191e-19)
(0.0441942 0.0441942 0)
(0.0441942 0.0441942 0)
(0.0441942 0.0441942 -2.37169e-21)
(0.0441942 0.0441942 -1.70762e-19)
(0.0441942 0.0441942 0)
(0.0441942 0.0441942 0)
(0.0441942 0.0441942 -1.5416e-19)
(0.0441942 0.0441942 2.96462e-19)
(0.0441942 0.0441942 -1.47045e-19)
(0.0441942 0.0441942 0)
(0.0441942 0.0441942 0)
(0.0441942 0.0441942 -1.30443e-19)
(0.0441942 0.0441942 -1.257e-19)
(0.0441942 0.0441942 0)
(0.0441942 0.0441942 0)
(0.0441942 0.0441942 -1.09098e-19)
(0.0441942 0.0441942 2.13452e-19)
(0.0441942 0.0441942 -4.74338e-21)
(0.0441942 0.0441942 -2.37169e-21)
(0.0441942 0.0441942 -2.37169e-21)
(0.0441942 0.0441942 -4.74338e-21)
(0.0441942 0.0441942 -4.74338e-21)
(0.0441942 0.0441942 -2.37169e-21)
(0.0441942 0.0441942 -2.37169e-21)
(0.0441942 0.0441942 -4.74338e-21)
(0.0441942 0.0441942 -4.74338e-21)
(0.0441942 0.0441942 -2.37169e-21)
(0.0441942 0.0441942 -2.37169e-21)
(0.0441942 0.0441942 -4.74338e-21)
(0.0441942 0.0441942 -4.74338e-21)
(0.0441942 0.0441942 -4.74338e-21)
(0.0441942 0.0441942 -2.37169e-21)
(0.0441942 0.0441942 -2.37169e-21)
(0.0441942 0.0441942 -5.45489e-20)
(0.0441942 0.0441942 -2.13452e-20)
(0.0441942 0.0441942 -1.42302e-20)
(0.0441942 0.0441942 2.37169e-20)
(0.0441942 0.0441942 -1.42302e-20)
(0.0441942 0.0441942 8.89367e-21)
)
;

boundaryField
{
    inlet
    {
        type            zeroGradient;
    }
    outlet
    {
        type            zeroGradient;
    }
    walls
    {
        type            noSlip;
    }
    movingwall
    {
        type            noSlip;
    }
    frontAndBack
    {
        type            empty;
    }
}


// ************************************************************************* //
