/*--------------------------------*- C++ -*----------------------------------*\
| =========                 |                                                 |
| \\      /  F ield         | OpenFOAM: The Open Source CFD Toolbox           |
|  \\    /   O peration     | Version:  2312                                  |
|   \\  /    A nd           | Website:  www.openfoam.com                      |
|    \\/     M anipulation  |                                                 |
\*---------------------------------------------------------------------------*/
FoamFile
{
    version     2.0;
    format      ascii;
    arch        "LSB;label=32;scalar=64";
    class       volScalarField;
    location    "1960";
    object      p;
}
// * * * * * * * * * * * * * * * * * * * * * * * * * * * * * * * * * * * * * //

dimensions      [0 2 -2 0 0 0 0];

internalField   nonuniform List<scalar> 
400
(
4.66237e-08
8.94943e-08
8.77911e-08
8.12958e-08
7.22495e-08
5.96302e-08
4.42198e-08
2.69959e-08
8.65134e-09
-1.0277e-08
-2.93051e-08
-4.79561e-08
-6.57225e-08
-8.20126e-08
-9.60342e-08
-1.06638e-07
-1.12869e-07
-1.15932e-07
-1.13524e-07
-5.89657e-08
5.51568e-08
1.0766e-07
9.49666e-08
8.17807e-08
7.03967e-08
5.72458e-08
4.21704e-08
2.58439e-08
8.7498e-09
-8.73913e-09
-2.62642e-08
-4.34643e-08
-5.99703e-08
-7.53822e-08
-8.91593e-08
-1.00521e-07
-1.0959e-07
-1.2048e-07
-1.31176e-07
-6.79749e-08
6.358e-08
1.28187e-07
1.07135e-07
8.80903e-08
7.40426e-08
5.94925e-08
4.36615e-08
2.70519e-08
9.99098e-09
-7.29431e-09
-2.4571e-08
-4.15988e-08
-5.81427e-08
-7.39678e-08
-8.87178e-08
-1.01818e-07
-1.14085e-07
-1.31803e-07
-1.52484e-07
-7.72649e-08
7.19641e-08
1.50656e-07
1.23851e-07
9.95964e-08
8.25047e-08
6.57892e-08
4.82546e-08
3.03169e-08
1.21982e-08
-5.998e-09
-2.41606e-08
-4.21698e-08
-5.99158e-08
-7.72987e-08
-9.40818e-08
-1.0979e-07
-1.25696e-07
-1.49519e-07
-1.77113e-07
-8.67394e-08
7.93661e-08
1.71176e-07
1.40046e-07
1.11479e-07
9.1685e-08
7.28631e-08
5.35029e-08
3.39843e-08
1.44722e-08
-5.01931e-09
-2.44726e-08
-4.38535e-08
-6.31419e-08
-8.23291e-08
-1.01245e-07
-1.19455e-07
-1.38571e-07
-1.6745e-07
-2.00231e-07
-9.51423e-08
8.57671e-08
1.88954e-07
1.54495e-07
1.2244e-07
1.00375e-07
7.96712e-08
5.85815e-08
3.74795e-08
1.65003e-08
-4.40075e-09
-2.52684e-08
-4.61265e-08
-6.70151e-08
-8.79829e-08
-1.08891e-07
-1.2931e-07
-1.51113e-07
-1.84086e-07
-2.20836e-07
-1.02428e-07
9.10171e-08
2.03333e-07
1.6632e-07
1.31543e-07
1.07668e-07
8.54137e-08
6.28518e-08
4.03672e-08
1.80721e-08
-4.1208e-09
-2.6288e-08
-4.8491e-08
-7.08087e-08
-9.33253e-08
-1.15916e-07
-1.38143e-07
-1.62084e-07
-1.98274e-07
-2.38048e-07
-1.084e-07
9.49859e-08
2.13903e-07
1.75044e-07
1.38295e-07
1.13095e-07
8.96851e-08
6.60085e-08
4.24466e-08
1.91015e-08
-4.12635e-09
-2.73358e-08
-5.06123e-08
-7.40584e-08
-9.77796e-08
-1.21657e-07
-1.45241e-07
-1.70762e-07
-2.09319e-07
-2.51266e-07
-1.12891e-07
9.7568e-08
2.2041e-07
1.80409e-07
1.42457e-07
1.16442e-07
9.22992e-08
6.78929e-08
4.36168e-08
1.95756e-08
-4.34163e-09
-2.82472e-08
-5.22398e-08
-7.64348e-08
-1.00949e-07
-1.25665e-07
-1.50127e-07
-1.76662e-07
-2.16737e-07
-2.60036e-07
-1.15752e-07
9.86999e-08
2.22735e-07
1.82287e-07
1.43887e-07
1.1756e-07
9.31265e-08
6.84256e-08
4.38561e-08
1.95234e-08
-4.68736e-09
-2.88931e-08
-5.31969e-08
-7.7719e-08
-1.0258e-07
-1.27663e-07
-1.52507e-07
-1.79486e-07
-2.20224e-07
-2.64059e-07
-1.16879e-07
9.83696e-08
2.20901e-07
1.80698e-07
1.4261e-07
1.16484e-07
9.22126e-08
6.76603e-08
4.32275e-08
1.9021e-08
-5.07155e-09
-2.91645e-08
-5.33589e-08
-7.77725e-08
-1.02524e-07
-1.27494e-07
-1.52225e-07
-1.79082e-07
-2.19629e-07
-2.63191e-07
-1.1623e-07
9.662e-08
2.15075e-07
1.75795e-07
1.3876e-07
1.13339e-07
8.96737e-08
6.5705e-08
4.1831e-08
1.81607e-08
-5.40992e-09
-2.89863e-08
-5.2661e-08
-7.65434e-08
-1.00744e-07
-1.2514e-07
-1.49277e-07
-1.75454e-07
-2.14971e-07
-2.57463e-07
-1.13829e-07
9.35441e-08
2.05549e-07
1.67848e-07
1.32575e-07
1.08341e-07
8.57065e-08
6.27322e-08
3.98116e-08
1.70578e-08
-5.61825e-09
-2.83057e-08
-5.10813e-08
-7.40377e-08
-9.72624e-08
-1.20628e-07
-1.437e-07
-1.68667e-07
-2.06354e-07
-2.47033e-07
-1.09762e-07
8.92767e-08
1.92729e-07
1.57237e-07
1.24399e-07
1.01807e-07
8.05926e-08
5.89806e-08
3.7358e-08
1.58456e-08
-5.62195e-09
-2.71079e-08
-4.86628e-08
-7.03457e-08
-9.2224e-08
-1.14174e-07
-1.35771e-07
-1.59032e-07
-1.94123e-07
-2.32265e-07
-1.04184e-07
8.39812e-08
1.77129e-07
1.44471e-07
1.14705e-07
9.41788e-08
7.47287e-08
5.47816e-08
3.4722e-08
1.46862e-08
-5.35457e-09
-2.54239e-08
-4.55314e-08
-6.56969e-08
-8.59542e-08
-1.06165e-07
-1.25913e-07
-1.46999e-07
-1.78757e-07
-2.13653e-07
-9.72897e-08
7.7824e-08
1.59352e-07
1.30206e-07
1.04143e-07
8.60734e-08
6.86652e-08
5.05894e-08
3.22386e-08
1.37798e-08
-4.76052e-09
-2.33464e-08
-4.19255e-08
-6.04639e-08
-7.89429e-08
-9.71885e-08
-1.14782e-07
-1.33253e-07
-1.60948e-07
-1.91838e-07
-8.92975e-08
7.09773e-08
1.40201e-07
1.15454e-07
9.37675e-08
7.85048e-08
6.33037e-08
4.71394e-08
3.04413e-08
1.34368e-08
-3.76339e-09
-2.10377e-08
-3.82509e-08
-5.52841e-08
-7.20306e-08
-8.82532e-08
-1.03499e-07
-1.18957e-07
-1.4181e-07
-1.67721e-07
-8.04435e-08
6.34532e-08
1.20517e-07
1.01465e-07
8.48847e-08
7.26853e-08
5.96899e-08
4.52602e-08
2.99116e-08
1.39758e-08
-2.31549e-09
-1.87244e-08
-3.5005e-08
-5.09203e-08
-6.62352e-08
-8.06024e-08
-9.34807e-08
-1.05618e-07
-1.22779e-07
-1.42293e-07
-7.08039e-08
5.62984e-08
1.04373e-07
9.34381e-08
8.24179e-08
7.28037e-08
6.11795e-08
4.74764e-08
3.23812e-08
1.63814e-08
-1.46635e-10
-1.6843e-08
-3.33493e-08
-4.93027e-08
-6.43132e-08
-7.78663e-08
-8.92372e-08
-9.85244e-08
-1.09434e-07
-1.19912e-07
-6.14746e-08
4.93662e-08
9.17135e-08
9.15035e-08
8.68245e-08
7.94417e-08
6.82976e-08
5.42028e-08
3.81483e-08
2.08345e-08
2.80369e-09
-1.54585e-08
-3.34813e-08
-5.07706e-08
-6.67585e-08
-8.07026e-08
-9.15475e-08
-9.84048e-08
-1.02283e-07
-1.00993e-07
-5.23483e-08
)
;

boundaryField
{
    inlet
    {
        type            fixedValue;
        value           uniform 0;
    }
    outlet
    {
        type            fixedValue;
        value           uniform 0;
    }
    walls
    {
        type            zeroGradient;
    }
    movingWall
    {
        type            zeroGradient;
    }
    frontAndBack
    {
        type            empty;
    }
}


// ************************************************************************* //
