/*--------------------------------*- C++ -*----------------------------------*\
| =========                 |                                                 |
| \\      /  F ield         | OpenFOAM: The Open Source CFD Toolbox           |
|  \\    /   O peration     | Version:  2312                                  |
|   \\  /    A nd           | Website:  www.openfoam.com                      |
|    \\/     M anipulation  |                                                 |
\*---------------------------------------------------------------------------*/
FoamFile
{
    version     2.0;
    format      ascii;
    arch        "LSB;label=32;scalar=64";
    class       surfaceScalarField;
    location    "1960";
    object      phi;
}
// * * * * * * * * * * * * * * * * * * * * * * * * * * * * * * * * * * * * * //

dimensions      [0 3 -1 0 0 0 0];

oriented        oriented;

internalField   nonuniform List<scalar> 
760
(
0.00124998
-5.02635e-11
0.00124998
-4.81806e-11
0.00124998
-4.07673e-11
0.00124998
-3.31224e-11
0.00124998
-2.60367e-11
0.00124998
-1.96092e-11
0.00124998
-1.38081e-11
0.00124998
-8.52463e-12
0.00124998
-3.59993e-12
0.00124998
1.14399e-12
0.00124998
5.89143e-12
0.00124998
1.08307e-11
0.00124998
1.61537e-11
0.00124998
2.2053e-11
0.00124998
2.87053e-11
0.00124998
3.62355e-11
0.00124998
4.46789e-11
0.00124998
5.39269e-11
0.00124998
6.31528e-11
6.66935e-11
0.00374993
-9.83875e-11
0.00374993
-9.75033e-11
0.00374993
-8.78186e-11
0.00374993
-7.4753e-11
0.00374993
-6.08165e-11
0.00374993
-4.68808e-11
0.00374993
-3.32676e-11
0.00374993
-2.00528e-11
0.00374993
-7.14991e-12
0.00374993
5.62357e-12
0.00374993
1.84981e-11
0.00374993
3.1719e-11
0.00374993
4.55175e-11
0.00374993
6.00747e-11
0.00374993
7.54652e-11
0.00374993
9.15769e-11
0.00374993
1.08006e-10
0.00374993
1.23714e-10
0.00374993
1.35798e-10
1.37918e-10
0.00624988
-1.27369e-10
0.00624988
-1.27105e-10
0.00624988
-1.17298e-10
0.00624988
-1.02289e-10
0.00624988
-8.47249e-11
0.00624988
-6.58577e-11
0.00624988
-4.636e-11
0.00624988
-2.65941e-11
0.00624988
-6.6941e-12
0.00624988
1.33571e-11
0.00624988
3.36573e-11
0.00624988
5.43249e-11
0.00624988
7.54422e-11
0.00624988
9.69917e-11
0.00624988
1.18776e-10
0.00624988
1.40322e-10
0.00624988
1.60781e-10
0.00624988
1.78618e-10
0.00624988
1.90681e-10
1.91735e-10
0.00874984
-1.35533e-10
0.00874984
-1.3534e-10
0.00874984
-1.25992e-10
0.00874984
-1.10819e-10
0.00874984
-9.20989e-11
0.00874984
-7.10829e-11
0.00874984
-4.85754e-11
0.00874984
-2.51149e-11
0.00874984
-1.02464e-12
0.00874984
2.3526e-11
0.00874984
4.84512e-11
0.00874984
7.36813e-11
0.00874984
9.91003e-11
0.00874984
1.24477e-10
0.00874984
1.49386e-10
0.00874984
1.73134e-10
0.00874984
1.9469e-10
0.00874984
2.12479e-10
0.00874984
2.23717e-10
2.24277e-10
0.0112498
-1.24431e-10
0.0112498
-1.24083e-10
0.0112498
-1.15541e-10
0.0112498
-1.01348e-10
0.0112498
-8.33341e-11
0.0112498
-6.25819e-11
0.0112498
-3.98644e-11
0.0112498
-1.57667e-11
0.0112498
9.29243e-12
0.0112498
3.50176e-11
0.0112498
6.118e-11
0.0112498
8.75605e-11
0.0112498
1.13894e-10
0.0112498
1.3981e-10
0.0112498
1.64771e-10
0.0112498
1.88022e-10
0.0112498
2.08554e-10
0.0112498
2.24968e-10
0.0112498
2.34968e-10
2.35308e-10
0.0137498
-9.72596e-11
0.0137498
-9.67274e-11
0.0137498
-8.93594e-11
0.0137498
-7.70571e-11
0.0137498
-6.12201e-11
0.0137498
-4.27067e-11
0.0137498
-2.21734e-11
0.0137498
-1.57415e-13
0.0137498
2.29195e-11
0.0137498
4.67203e-11
0.0137498
7.09508e-11
0.0137498
9.53214e-11
0.0137498
1.19504e-10
0.0137498
1.43085e-10
0.0137498
1.65528e-10
0.0137498
1.86131e-10
0.0137498
2.04022e-10
0.0137498
2.18059e-10
0.0137498
2.26431e-10
2.26629e-10
0.0162497
-5.78797e-11
0.0162497
-5.72338e-11
0.0162497
-5.14188e-11
0.0162497
-4.17672e-11
0.0162497
-2.92719e-11
0.0162497
-1.45534e-11
0.0162497
1.89262e-12
0.0162497
1.96418e-11
0.0162497
3.83369e-11
0.0162497
5.76707e-11
0.0162497
7.73648e-11
0.0162497
9.71403e-11
0.0162497
1.16689e-10
0.0162497
1.35641e-10
0.0162497
1.53542e-10
0.0162497
1.69825e-10
0.0162497
1.83814e-10
0.0162497
1.94652e-10
0.0162497
2.01006e-10
2.01044e-10
0.0187497
-1.03967e-11
0.0187497
-9.73894e-12
0.0187497
-5.80632e-12
0.0187497
6.04689e-13
0.0187497
8.89429e-12
0.0187497
1.86844e-11
0.0187497
2.96616e-11
0.0187497
4.15455e-11
0.0187497
5.40915e-11
0.0187497
6.70834e-11
0.0187497
8.03196e-11
0.0187497
9.35957e-11
0.0187497
1.06687e-10
0.0187497
1.19333e-10
0.0187497
1.31216e-10
0.0187497
1.41954e-10
0.0187497
1.51102e-10
0.0187497
1.58104e-10
0.0187497
1.62101e-10
1.61929e-10
0.0212497
4.10761e-11
0.0212497
4.1654e-11
0.0212497
4.34799e-11
0.0212497
4.62741e-11
0.0212497
4.98152e-11
0.0212497
5.3962e-11
0.0212497
5.85936e-11
0.0212497
6.35985e-11
0.0212497
6.88771e-11
0.0212497
7.43398e-11
0.0212497
7.99009e-11
0.0212497
8.54719e-11
0.0212497
9.0954e-11
0.0212497
9.62308e-11
0.0212497
1.01161e-10
0.0212497
1.05576e-10
0.0212497
1.09278e-10
0.0212497
1.1202e-10
0.0212497
1.13426e-10
1.12998e-10
0.0237497
9.2539e-11
0.0237497
9.29719e-11
0.0237497
9.25898e-11
0.0237497
9.16094e-11
0.0237497
9.01763e-11
0.0237497
8.83834e-11
0.0237497
8.63041e-11
0.0237497
8.40036e-11
0.0237497
8.154e-11
0.0237497
7.89659e-11
0.0237497
7.63298e-11
0.0237497
7.36781e-11
0.0237497
7.10565e-11
0.0237497
6.85116e-11
0.0237497
6.60928e-11
0.0237497
6.38541e-11
0.0237497
6.18541e-11
0.0237497
6.01597e-11
0.0237497
5.88763e-11
5.81799e-11
0.0262497
1.40189e-10
0.0262497
1.40444e-10
0.0262497
1.37884e-10
0.0262497
1.332e-10
0.0262497
1.26891e-10
0.0262497
1.19275e-10
0.0262497
1.10616e-10
0.0262497
1.01151e-10
0.0262497
9.1093e-11
0.0262497
8.06331e-11
0.0262497
6.99524e-11
0.0262497
5.92301e-11
0.0262497
4.86536e-11
0.0262497
3.84298e-11
0.0262497
2.87951e-11
0.0262497
2.00234e-11
0.0262497
1.2426e-11
0.0262497
6.37938e-12
0.0262497
2.46571e-12
1.52982e-12
0.0287497
1.80487e-10
0.0287497
1.80566e-10
0.0287497
1.75985e-10
0.0287497
1.67887e-10
0.0287497
1.57109e-10
0.0287497
1.44185e-10
0.0287497
1.29555e-10
0.0287497
1.13613e-10
0.0287497
9.67095e-11
0.0287497
7.91542e-11
0.0287497
6.12381e-11
0.0287497
4.32498e-11
0.0287497
2.54952e-11
0.0287497
8.31732e-12
0.0287497
-7.88021e-12
0.0287497
-2.26193e-11
0.0287497
-3.53501e-11
0.0287497
-4.53994e-11
0.0287497
-5.17213e-11
-5.28202e-11
0.0312497
2.10214e-10
0.0312497
2.10141e-10
0.0312497
2.03804e-10
0.0312497
1.92776e-10
0.0312497
1.7822e-10
0.0312497
1.60874e-10
0.0312497
1.41339e-10
0.0312497
1.2014e-10
0.0312497
9.77268e-11
0.0312497
7.44927e-11
0.0312497
5.07963e-11
0.0312497
2.69915e-11
0.0312497
3.45769e-12
0.0312497
-1.93651e-11
0.0312497
-4.09454e-11
0.0312497
-6.06427e-11
0.0312497
-7.76998e-11
0.0312497
-9.11644e-11
0.0312497
-9.95417e-11
-1.00701e-10
0.0337497
2.26534e-10
0.0337497
2.26338e-10
0.0337497
2.18578e-10
0.0337497
2.05259e-10
0.0337497
1.87868e-10
0.0337497
1.67338e-10
0.0337497
1.44401e-10
0.0337497
1.19673e-10
0.0337497
9.3658e-11
0.0337497
6.67717e-11
0.0337497
3.93801e-11
0.0337497
1.18392e-11
0.0337497
-1.54611e-11
0.0337497
-4.20519e-11
0.0337497
-6.73413e-11
0.0337497
-9.05799e-11
0.0337497
-1.10844e-10
0.0337497
-1.26929e-10
0.0337497
-1.36903e-10
-1.3801e-10
0.0362498
2.27095e-10
0.0362498
2.26772e-10
0.0362498
2.1794e-10
0.0362498
2.03083e-10
0.0362498
1.84024e-10
0.0362498
1.61874e-10
0.0362498
1.37456e-10
0.0362498
1.11415e-10
0.0362498
8.42401e-11
0.0362498
5.6296e-11
0.0362498
2.78794e-11
0.0362498
-7.31383e-13
0.0362498
-2.92186e-11
0.0362498
-5.717e-11
0.0362498
-8.40187e-11
0.0362498
-1.08987e-10
0.0362498
-1.3105e-10
0.0362498
-1.48793e-10
0.0362498
-1.59858e-10
-1.60829e-10
0.0387498
2.10206e-10
0.0387498
2.09665e-10
0.0387498
2.00076e-10
0.0387498
1.84529e-10
0.0387498
1.65198e-10
0.0387498
1.43323e-10
0.0387498
1.19738e-10
0.0387498
9.50275e-11
0.0387498
6.95744e-11
0.0387498
4.36125e-11
0.0387498
1.72906e-11
0.0387498
-9.26672e-12
0.0387498
-3.5899e-11
0.0387498
-6.23447e-11
0.0387498
-8.8165e-11
0.0387498
-1.12667e-10
0.0387498
-1.34839e-10
0.0387498
-1.53137e-10
0.0387498
-1.64801e-10
-1.65649e-10
0.0412498
1.75173e-10
0.0412498
1.74155e-10
0.0412498
1.64095e-10
0.0412498
1.48903e-10
0.0412498
1.31033e-10
0.0412498
1.11701e-10
0.0412498
9.15962e-11
0.0412498
7.11204e-11
0.0412498
5.04581e-11
0.0412498
2.96478e-11
0.0412498
8.64696e-12
0.0412498
-1.26126e-11
0.0412498
-3.41728e-11
0.0412498
-5.59897e-11
0.0412498
-7.78551e-11
0.0412498
-9.93071e-11
0.0412498
-1.19531e-10
0.0412498
-1.3706e-10
0.0412498
-1.48853e-10
-1.49791e-10
0.0437499
1.23146e-10
0.0437499
1.21139e-10
0.0437499
1.11168e-10
0.0437499
9.80055e-11
0.0437499
8.39244e-11
0.0437499
6.97586e-11
0.0437499
5.58439e-11
0.0437499
4.22845e-11
0.0437499
2.90307e-11
0.0437499
1.59398e-11
0.0437499
2.82193e-12
0.0437499
-1.05287e-11
0.0437499
-2.43084e-11
0.0437499
-3.86703e-11
0.0437499
-5.36697e-11
0.0437499
-6.91903e-11
0.0437499
-8.4847e-11
0.0437499
-9.96573e-11
0.0437499
-1.10865e-10
-1.12423e-10
0.0462499
5.83269e-11
0.0462499
5.50668e-11
0.0462499
4.74669e-11
0.0462499
3.97642e-11
0.0462499
3.26093e-11
0.0462499
2.60888e-11
0.0462499
2.01785e-11
0.0462499
1.4781e-11
0.0462499
9.75261e-12
0.0462499
4.93187e-12
0.0462499
1.52418e-13
0.0462499
-4.75492e-12
0.0462499
-9.96236e-12
0.0462499
-1.56416e-11
0.0462499
-2.19487e-11
0.0462499
-2.89909e-11
0.0462499
-3.67924e-11
0.0462499
-4.52326e-11
0.0462499
-5.34749e-11
-5.6141e-11
0.04875
0.04875
0.04875
0.04875
0.04875
0.04875
0.04875
0.04875
0.04875
0.04875
0.04875
0.04875
0.04875
0.04875
0.04875
0.04875
0.04875
0.04875
0.04875
)
;

boundaryField
{
    inlet
    {
        type            calculated;
        value           nonuniform List<scalar> 
20
(
-0.00124998
-0.00374993
-0.00624988
-0.00874984
-0.0112498
-0.0137498
-0.0162497
-0.0187497
-0.0212497
-0.0237497
-0.0262497
-0.0287497
-0.0312497
-0.0337497
-0.0362498
-0.0387498
-0.0412498
-0.0437499
-0.0462499
-0.04875
)
;
    }
    outlet
    {
        type            calculated;
        value           nonuniform List<scalar> 
20
(
0.00124998
0.00374993
0.00624988
0.00874984
0.0112498
0.0137498
0.0162497
0.0187497
0.0212497
0.0237497
0.0262497
0.0287497
0.0312497
0.0337497
0.0362498
0.0387498
0.0412498
0.0437499
0.0462499
0.04875
)
;
    }
    walls
    {
        type            calculated;
        value           uniform 0;
    }
    movingWall
    {
        type            calculated;
        value           uniform 0;
    }
    frontAndBack
    {
        type            empty;
        value           nonuniform List<scalar> 0();
    }
}


// ************************************************************************* //
