/*--------------------------------*- C++ -*----------------------------------*\
| =========                 |                                                 |
| \\      /  F ield         | OpenFOAM: The Open Source CFD Toolbox           |
|  \\    /   O peration     | Version:  2312                                  |
|   \\  /    A nd           | Website:  www.openfoam.com                      |
|    \\/     M anipulation  |                                                 |
\*---------------------------------------------------------------------------*/
FoamFile
{
    version     2.0;
    format      ascii;
    arch        "LSB;label=32;scalar=64";
    class       volVectorField;
    location    "1960";
    object      U;
}
// * * * * * * * * * * * * * * * * * * * * * * * * * * * * * * * * * * * * * //

dimensions      [0 1 -1 0 0 0 0];

internalField   nonuniform List<vector> 
400
(
(0.0249995 -8.26323e-10 0)
(0.0249995 -7.04184e-10 0)
(0.0249995 -5.28493e-10 0)
(0.0249995 -4.03586e-10 0)
(0.0249995 -3.01893e-10 0)
(0.0249995 -2.18057e-10 0)
(0.0249995 -1.5015e-10 0)
(0.0249995 -9.44053e-11 0)
(0.0249995 -4.66227e-11 0)
(0.0249995 -2.97679e-12 0)
(0.0249995 4.00704e-11 0)
(0.0249995 8.60394e-11 0)
(0.0249995 1.38688e-10 0)
(0.0249995 2.02278e-10 0)
(0.0249995 2.81684e-10 0)
(0.0249995 3.8144e-10 0)
(0.0249995 5.03957e-10 0)
(0.0249995 6.55884e-10 0)
(0.0249995 8.73115e-10 0)
(0.0249995 1.04977e-09 0)
(0.0749986 -3.1526e-09 0)
(0.0749986 -3.10218e-09 0)
(0.0749986 -2.72809e-09 0)
(0.0749986 -2.26506e-09 0)
(0.0749986 -1.806e-09 0)
(0.0749986 -1.37426e-09 0)
(0.0749986 -9.73229e-10 0)
(0.0749986 -5.99386e-10 0)
(0.0749986 -2.4506e-10 0)
(0.0749986 9.95915e-11 0)
(0.0749986 4.45386e-10 0)
(0.0749986 8.03525e-10 0)
(0.0749986 1.18517e-09 0)
(0.0749986 1.60075e-09 0)
(0.0749986 2.05855e-09 0)
(0.0749986 2.56229e-09 0)
(0.0749986 3.10769e-09 0)
(0.0749986 3.66784e-09 0)
(0.0749986 4.13714e-09 0)
(0.0749986 4.24348e-09 0)
(0.124998 -4.71996e-09 0)
(0.124998 -4.6983e-09 0)
(0.124998 -4.29683e-09 0)
(0.124998 -3.71349e-09 0)
(0.124998 -3.05721e-09 0)
(0.124998 -2.37435e-09 0)
(0.124998 -1.68676e-09 0)
(0.124998 -1.00387e-09 0)
(0.124998 -3.26414e-10 0)
(0.124998 3.50368e-10 0)
(0.124998 1.03409e-09 0)
(0.124998 1.73317e-09 0)
(0.124998 2.45493e-09 0)
(0.124998 3.20345e-09 0)
(0.124998 3.97642e-09 0)
(0.124998 4.76136e-09 0)
(0.124998 5.53086e-09 0)
(0.124998 6.22883e-09 0)
(0.124998 6.72729e-09 0)
(0.124998 6.79065e-09 0)
(0.174997 -5.46523e-09 0)
(0.174997 -5.45839e-09 0)
(0.174997 -5.07067e-09 0)
(0.174997 -4.45371e-09 0)
(0.174997 -3.70717e-09 0)
(0.174997 -2.88336e-09 0)
(0.174997 -2.01387e-09 0)
(0.174997 -1.11815e-09 0)
(0.174997 -2.06156e-10 0)
(0.174997 7.18681e-10 0)
(0.174997 1.6565e-09 0)
(0.174997 2.60825e-09 0)
(0.174997 3.57308e-09 0)
(0.174997 4.54552e-09 0)
(0.174997 5.51209e-09 0)
(0.174997 6.44768e-09 0)
(0.174997 7.31217e-09 0)
(0.174997 8.04048e-09 0)
(0.174997 8.51233e-09 0)
(0.174997 8.54218e-09 0)
(0.224996 -5.37831e-09 0)
(0.224996 -5.36777e-09 0)
(0.224996 -5.00577e-09 0)
(0.224996 -4.40826e-09 0)
(0.224996 -3.65728e-09 0)
(0.224996 -2.80022e-09 0)
(0.224996 -1.86972e-09 0)
(0.224996 -8.89344e-10 0)
(0.224996 1.25087e-10 0)
(0.224996 1.16346e-09 0)
(0.224996 2.21878e-09 0)
(0.224996 3.28456e-09 0)
(0.224996 4.3524e-09 0)
(0.224996 5.40929e-09 0)
(0.224996 6.43483e-09 0)
(0.224996 7.39864e-09 0)
(0.224996 8.25855e-09 0)
(0.224996 8.95403e-09 0)
(0.224996 9.38347e-09 0)
(0.224996 9.40091e-09 0)
(0.274995 -4.57623e-09 0)
(0.274995 -4.55802e-09 0)
(0.274995 -4.23562e-09 0)
(0.274995 -3.69718e-09 0)
(0.274995 -3.00701e-09 0)
(0.274995 -2.20411e-09 0)
(0.274995 -1.31763e-09 0)
(0.274995 -3.70765e-10 0)
(0.274995 6.18872e-10 0)
(0.274995 1.63782e-09 0)
(0.274995 2.67478e-09 0)
(0.274995 3.71873e-09 0)
(0.274995 4.75689e-09 0)
(0.274995 5.7727e-09 0)
(0.274995 6.74364e-09 0)
(0.274995 7.63968e-09 0)
(0.274995 8.42246e-09 0)
(0.274995 9.04075e-09 0)
(0.274995 9.41259e-09 0)
(0.274995 9.4236e-09 0)
(0.324995 -3.20453e-09 0)
(0.324995 -3.17995e-09 0)
(0.324995 -2.91245e-09 0)
(0.324995 -2.46643e-09 0)
(0.324995 -1.88957e-09 0)
(0.324995 -1.21149e-09 0)
(0.324995 -4.55534e-10 0)
(0.324995 3.58631e-10 0)
(0.324995 1.21485e-09 0)
(0.324995 2.09959e-09 0)
(0.324995 3.00068e-09 0)
(0.324995 3.90601e-09 0)
(0.324995 4.80209e-09 0)
(0.324995 5.67258e-09 0)
(0.324995 6.49685e-09 0)
(0.324995 7.24904e-09 0)
(0.324995 7.89772e-09 0)
(0.324995 8.4027e-09 0)
(0.324995 8.70121e-09 0)
(0.324995 8.70659e-09 0)
(0.374994 -1.42581e-09 0)
(0.374994 -1.39875e-09 0)
(0.374994 -1.20088e-09 0)
(0.374994 -8.7468e-10 0)
(0.374994 -4.51894e-10 0)
(0.374994 4.75159e-11 0)
(0.374994 6.07232e-10 0)
(0.374994 1.21289e-09 0)
(0.374994 1.85205e-09 0)
(0.374994 2.5138e-09 0)
(0.374994 3.18802e-09 0)
(0.374994 3.86452e-09 0)
(0.374994 4.53212e-09 0)
(0.374994 5.17772e-09 0)
(0.374994 5.78541e-09 0)
(0.374994 6.33588e-09 0)
(0.374994 6.80643e-09 0)
(0.374994 7.16867e-09 0)
(0.374994 7.37878e-09 0)
(0.374994 7.37673e-09 0)
(0.424994 5.94056e-10 0)
(0.424994 6.19498e-10 0)
(0.424994 7.36363e-10 0)
(0.424994 9.23197e-10 0)
(0.424994 1.16368e-09 0)
(0.424994 1.44746e-09 0)
(0.424994 1.76581e-09 0)
(0.424994 2.11073e-09 0)
(0.424994 2.47512e-09 0)
(0.424994 2.85261e-09 0)
(0.424994 3.23718e-09 0)
(0.424994 3.62266e-09 0)
(0.424994 4.00232e-09 0)
(0.424994 4.36829e-09 0)
(0.424994 4.71121e-09 0)
(0.424994 5.01985e-09 0)
(0.424994 5.28122e-09 0)
(0.424994 5.47918e-09 0)
(0.424994 5.58903e-09 0)
(0.424994 5.57739e-09 0)
(0.474994 2.69192e-09 0)
(0.474994 2.71254e-09 0)
(0.474994 2.7418e-09 0)
(0.474994 2.77853e-09 0)
(0.474994 2.82132e-09 0)
(0.474994 2.86927e-09 0)
(0.474994 2.92144e-09 0)
(0.474994 2.9769e-09 0)
(0.474994 3.03478e-09 0)
(0.474994 3.09428e-09 0)
(0.474994 3.15457e-09 0)
(0.474994 3.21473e-09 0)
(0.474994 3.27363e-09 0)
(0.474994 3.32979e-09 0)
(0.474994 3.38134e-09 0)
(0.474994 3.42592e-09 0)
(0.474994 3.46074e-09 0)
(0.474994 3.48221e-09 0)
(0.474994 3.48491e-09 0)
(0.474994 3.46239e-09 0)
(0.524994 4.71098e-09 0)
(0.524994 4.72477e-09 0)
(0.524994 4.66497e-09 0)
(0.524994 4.54985e-09 0)
(0.524994 4.39244e-09 0)
(0.524994 4.20107e-09 0)
(0.524994 3.98257e-09 0)
(0.524994 3.74309e-09 0)
(0.524994 3.48814e-09 0)
(0.524994 3.22273e-09 0)
(0.524994 2.95158e-09 0)
(0.524994 2.67931e-09 0)
(0.524994 2.41072e-09 0)
(0.524994 2.15101e-09 0)
(0.524994 1.90601e-09 0)
(0.524994 1.68238e-09 0)
(0.524994 1.48759e-09 0)
(0.524994 1.3306e-09 0)
(0.524994 1.22525e-09 0)
(0.524994 1.19208e-09 0)
(0.574994 6.50382e-09 0)
(0.574994 6.5102e-09 0)
(0.574994 6.36523e-09 0)
(0.574994 6.10565e-09 0)
(0.574994 5.75833e-09 0)
(0.574994 5.34048e-09 0)
(0.574994 4.8663e-09 0)
(0.574994 4.34864e-09 0)
(0.574994 3.79897e-09 0)
(0.574994 3.22765e-09 0)
(0.574994 2.64442e-09 0)
(0.574994 2.05897e-09 0)
(0.574994 1.48149e-09 0)
(0.574994 9.23303e-10 0)
(0.574994 3.97499e-10 0)
(0.574994 -8.06092e-11 0)
(0.574994 -4.93578e-10 0)
(0.574994 -8.20246e-10 0)
(0.574994 -1.0279e-09 0)
(0.574994 -1.06952e-09 0)
(0.624994 7.93478e-09 0)
(0.624994 7.9344e-09 0)
(0.624994 7.71293e-09 0)
(0.624994 7.32467e-09 0)
(0.624994 6.80971e-09 0)
(0.624994 6.19365e-09 0)
(0.624994 5.49749e-09 0)
(0.624994 4.73995e-09 0)
(0.624994 3.93742e-09 0)
(0.624994 3.10445e-09 0)
(0.624994 2.25452e-09 0)
(0.624994 1.40104e-09 0)
(0.624994 5.58233e-10 0)
(0.624994 -2.57694e-10 0)
(0.624994 -1.02752e-09 0)
(0.624994 -1.72842e-09 0)
(0.624994 -2.33389e-09 0)
(0.624994 -2.81121e-09 0)
(0.624994 -3.10939e-09 0)
(0.624994 -3.15574e-09 0)
(0.674995 8.88199e-09 0)
(0.674995 8.87614e-09 0)
(0.674995 8.59053e-09 0)
(0.674995 8.09645e-09 0)
(0.674995 7.44686e-09 0)
(0.674995 6.67534e-09 0)
(0.674995 5.80881e-09 0)
(0.674995 4.87056e-09 0)
(0.674995 3.88026e-09 0)
(0.674995 2.85474e-09 0)
(0.674995 1.80919e-09 0)
(0.674995 7.58519e-10 0)
(0.674995 -2.81122e-10 0)
(0.674995 -1.29079e-09 0)
(0.674995 -2.2473e-09 0)
(0.674995 -3.12217e-09 0)
(0.674995 -3.88131e-09 0)
(0.674995 -4.48127e-09 0)
(0.674995 -4.85343e-09 0)
(0.674995 -4.9e-09 0)
(0.724995 9.24052e-09 0)
(0.724995 9.23007e-09 0)
(0.724995 8.89451e-09 0)
(0.724995 8.32285e-09 0)
(0.724995 7.58106e-09 0)
(0.724995 6.71027e-09 0)
(0.724995 5.74205e-09 0)
(0.724995 4.70236e-09 0)
(0.724995 3.61178e-09 0)
(0.724995 2.48678e-09 0)
(0.724995 1.34141e-09 0)
(0.724995 1.89182e-10 0)
(0.724995 -9.5486e-10 0)
(0.724995 -2.07217e-09 0)
(0.724995 -3.13863e-09 0)
(0.724995 -4.12276e-09 0)
(0.724995 -4.98481e-09 0)
(0.724995 -5.67186e-09 0)
(0.724995 -6.09812e-09 0)
(0.724995 -6.14051e-09 0)
(0.774996 8.92692e-09 0)
(0.774996 8.91034e-09 0)
(0.774996 8.53839e-09 0)
(0.774996 7.92102e-09 0)
(0.774996 7.138e-09 0)
(0.774996 6.23703e-09 0)
(0.774996 5.25222e-09 0)
(0.774996 4.20925e-09 0)
(0.774996 3.12643e-09 0)
(0.774996 2.01659e-09 0)
(0.774996 8.89336e-10 0)
(0.774996 -2.46586e-10 0)
(0.774996 -1.38086e-09 0)
(0.774996 -2.4991e-09 0)
(0.774996 -3.58012e-09 0)
(0.774996 -4.59321e-09 0)
(0.774996 -5.49633e-09 0)
(0.774996 -6.22919e-09 0)
(0.774996 -6.68919e-09 0)
(0.774996 -6.72554e-09 0)
(0.824997 7.89038e-09 0)
(0.824997 7.86152e-09 0)
(0.824997 7.46459e-09 0)
(0.824997 6.83767e-09 0)
(0.824997 6.07429e-09 0)
(0.824997 5.22568e-09 0)
(0.824997 4.32423e-09 0)
(0.824997 3.3911e-09 0)
(0.824997 2.43845e-09 0)
(0.824997 1.47217e-09 0)
(0.824997 4.94508e-10 0)
(0.824997 -4.93337e-10 0)
(0.824997 -1.48886e-09 0)
(0.824997 -2.48554e-09 0)
(0.824997 -3.46953e-09 0)
(0.824997 -4.41621e-09 0)
(0.824997 -5.28678e-09 0)
(0.824997 -6.01841e-09 0)
(0.824997 -6.4934e-09 0)
(0.824997 -6.5271e-09 0)
(0.874998 6.1187e-09 0)
(0.874998 6.05846e-09 0)
(0.874998 5.64627e-09 0)
(0.874998 5.05833e-09 0)
(0.874998 4.39443e-09 0)
(0.874998 3.69914e-09 0)
(0.874998 2.99494e-09 0)
(0.874998 2.29262e-09 0)
(0.874998 1.59477e-09 0)
(0.874998 8.98614e-10 0)
(0.874998 1.98561e-10 0)
(0.874998 -5.1194e-10 0)
(0.874998 -1.23868e-09 0)
(0.874998 -1.98463e-09 0)
(0.874998 -2.74702e-09 0)
(0.874998 -3.51366e-09 0)
(0.874998 -4.25858e-09 0)
(0.874998 -4.92874e-09 0)
(0.874998 -5.40193e-09 0)
(0.874998 -5.45125e-09 0)
(0.924999 3.73468e-09 0)
(0.924999 3.63417e-09 0)
(0.924999 3.24742e-09 0)
(0.924999 2.78076e-09 0)
(0.924999 2.31753e-09 0)
(0.924999 1.87963e-09 0)
(0.924999 1.47098e-09 0)
(0.924999 1.08892e-09 0)
(0.924999 7.26878e-10 0)
(0.924999 3.76185e-10 0)
(0.924999 2.72629e-11 0)
(0.924999 -3.29815e-10 0)
(0.924999 -7.04968e-10 0)
(0.924999 -1.10746e-09 0)
(0.924999 -1.54454e-09 0)
(0.924999 -2.01925e-09 0)
(0.924999 -2.52727e-09 0)
(0.924999 -3.0432e-09 0)
(0.924999 -3.46765e-09 0)
(0.924999 -3.54447e-09 0)
(0.975 9.00702e-10 0)
(0.975 7.44551e-10 0)
(0.975 5.64976e-10 0)
(0.975 4.37436e-10 0)
(0.975 3.33858e-10 0)
(0.975 2.48513e-10 0)
(0.975 1.79305e-10 0)
(0.975 1.22476e-10 0)
(0.975 7.39437e-11 0)
(0.975 3.0045e-11 0)
(0.975 -1.25558e-11 0)
(0.975 -5.71246e-11 0)
(0.975 -1.071e-10 0)
(0.975 -1.66329e-10 0)
(0.975 -2.39153e-10 0)
(0.975 -3.29587e-10 0)
(0.975 -4.39725e-10 0)
(0.975 -5.74898e-10 0)
(0.975 -7.6456e-10 0)
(0.975 -9.04698e-10 0)
)
;

boundaryField
{
    inlet
    {
        type            zeroGradient;
    }
    outlet
    {
        type            zeroGradient;
    }
    walls
    {
        type            noSlip;
    }
    movingWall
    {
        type            movingWallVelocity;
        value           uniform (1 0 0);
    }
    frontAndBack
    {
        type            empty;
    }
}


// ************************************************************************* //
