/*--------------------------------*- C++ -*----------------------------------*\
| =========                 |                                                 |
| \\      /  F ield         | OpenFOAM: The Open Source CFD Toolbox           |
|  \\    /   O peration     | Version:  2312                                  |
|   \\  /    A nd           | Website:  www.openfoam.com                      |
|    \\/     M anipulation  |                                                 |
\*---------------------------------------------------------------------------*/
FoamFile
{
    version     2.0;
    format      ascii;
    arch        "LSB;label=32;scalar=64";
    class       volVectorField;
    location    "1960";
    object      Uerr;
}
// * * * * * * * * * * * * * * * * * * * * * * * * * * * * * * * * * * * * * //

dimensions      [0 1 -1 0 0 0 0];

internalField   nonuniform List<vector> 
400
(
(-0.225 -8.26323e-10 0)
(-0.225 -7.04184e-10 0)
(-0.225 -5.28493e-10 0)
(-0.225 -4.03586e-10 0)
(-0.225 -3.01893e-10 0)
(-0.225 -2.18057e-10 0)
(-0.225 -1.5015e-10 0)
(-0.225 -9.44053e-11 0)
(-0.225 -4.66227e-11 0)
(-0.225 -2.97679e-12 0)
(-0.225 4.00704e-11 0)
(-0.225 8.60394e-11 0)
(-0.225 1.38688e-10 0)
(-0.225 2.02278e-10 0)
(-0.225 2.81684e-10 0)
(-0.225 3.8144e-10 0)
(-0.225 5.03957e-10 0)
(-0.225 6.55884e-10 0)
(-0.225 8.73115e-10 0)
(-0.225 1.04977e-09 0)
(-0.675001 -3.1526e-09 0)
(-0.675001 -3.10218e-09 0)
(-0.675001 -2.72809e-09 0)
(-0.675001 -2.26506e-09 0)
(-0.675001 -1.806e-09 0)
(-0.675001 -1.37426e-09 0)
(-0.675001 -9.73229e-10 0)
(-0.675001 -5.99386e-10 0)
(-0.675001 -2.4506e-10 0)
(-0.675001 9.95915e-11 0)
(-0.675001 4.45386e-10 0)
(-0.675001 8.03525e-10 0)
(-0.675001 1.18517e-09 0)
(-0.675001 1.60075e-09 0)
(-0.675001 2.05855e-09 0)
(-0.675001 2.56229e-09 0)
(-0.675001 3.10769e-09 0)
(-0.675001 3.66784e-09 0)
(-0.675001 4.13714e-09 0)
(-0.675001 4.24348e-09 0)
(-1.125 -4.71996e-09 0)
(-1.125 -4.6983e-09 0)
(-1.125 -4.29683e-09 0)
(-1.125 -3.71349e-09 0)
(-1.125 -3.05721e-09 0)
(-1.125 -2.37435e-09 0)
(-1.125 -1.68676e-09 0)
(-1.125 -1.00387e-09 0)
(-1.125 -3.26414e-10 0)
(-1.125 3.50368e-10 0)
(-1.125 1.03409e-09 0)
(-1.125 1.73317e-09 0)
(-1.125 2.45493e-09 0)
(-1.125 3.20345e-09 0)
(-1.125 3.97642e-09 0)
(-1.125 4.76136e-09 0)
(-1.125 5.53086e-09 0)
(-1.125 6.22883e-09 0)
(-1.125 6.72729e-09 0)
(-1.125 6.79065e-09 0)
(-1.575 -5.46523e-09 0)
(-1.575 -5.45839e-09 0)
(-1.575 -5.07067e-09 0)
(-1.575 -4.45371e-09 0)
(-1.575 -3.70717e-09 0)
(-1.575 -2.88336e-09 0)
(-1.575 -2.01387e-09 0)
(-1.575 -1.11815e-09 0)
(-1.575 -2.06156e-10 0)
(-1.575 7.18681e-10 0)
(-1.575 1.6565e-09 0)
(-1.575 2.60825e-09 0)
(-1.575 3.57308e-09 0)
(-1.575 4.54552e-09 0)
(-1.575 5.51209e-09 0)
(-1.575 6.44768e-09 0)
(-1.575 7.31217e-09 0)
(-1.575 8.04048e-09 0)
(-1.575 8.51233e-09 0)
(-1.575 8.54218e-09 0)
(-2.025 -5.37831e-09 0)
(-2.025 -5.36777e-09 0)
(-2.025 -5.00577e-09 0)
(-2.025 -4.40826e-09 0)
(-2.025 -3.65728e-09 0)
(-2.025 -2.80022e-09 0)
(-2.025 -1.86972e-09 0)
(-2.025 -8.89344e-10 0)
(-2.025 1.25087e-10 0)
(-2.025 1.16346e-09 0)
(-2.025 2.21878e-09 0)
(-2.025 3.28456e-09 0)
(-2.025 4.3524e-09 0)
(-2.025 5.40929e-09 0)
(-2.025 6.43483e-09 0)
(-2.025 7.39864e-09 0)
(-2.025 8.25855e-09 0)
(-2.025 8.95403e-09 0)
(-2.025 9.38347e-09 0)
(-2.025 9.40091e-09 0)
(-2.475 -4.57623e-09 0)
(-2.475 -4.55802e-09 0)
(-2.475 -4.23562e-09 0)
(-2.475 -3.69718e-09 0)
(-2.475 -3.00701e-09 0)
(-2.475 -2.20411e-09 0)
(-2.475 -1.31763e-09 0)
(-2.475 -3.70765e-10 0)
(-2.475 6.18872e-10 0)
(-2.475 1.63782e-09 0)
(-2.475 2.67478e-09 0)
(-2.475 3.71873e-09 0)
(-2.475 4.75689e-09 0)
(-2.475 5.7727e-09 0)
(-2.475 6.74364e-09 0)
(-2.475 7.63968e-09 0)
(-2.475 8.42246e-09 0)
(-2.475 9.04075e-09 0)
(-2.475 9.41259e-09 0)
(-2.475 9.4236e-09 0)
(-2.92501 -3.20453e-09 0)
(-2.92501 -3.17995e-09 0)
(-2.92501 -2.91245e-09 0)
(-2.92501 -2.46643e-09 0)
(-2.92501 -1.88957e-09 0)
(-2.92501 -1.21149e-09 0)
(-2.92501 -4.55534e-10 0)
(-2.92501 3.58631e-10 0)
(-2.92501 1.21485e-09 0)
(-2.92501 2.09959e-09 0)
(-2.92501 3.00068e-09 0)
(-2.92501 3.90601e-09 0)
(-2.92501 4.80209e-09 0)
(-2.92501 5.67258e-09 0)
(-2.92501 6.49685e-09 0)
(-2.92501 7.24904e-09 0)
(-2.92501 7.89772e-09 0)
(-2.92501 8.4027e-09 0)
(-2.92501 8.70121e-09 0)
(-2.92501 8.70659e-09 0)
(-3.37501 -1.42581e-09 0)
(-3.37501 -1.39875e-09 0)
(-3.37501 -1.20088e-09 0)
(-3.37501 -8.7468e-10 0)
(-3.37501 -4.51894e-10 0)
(-3.37501 4.75159e-11 0)
(-3.37501 6.07232e-10 0)
(-3.37501 1.21289e-09 0)
(-3.37501 1.85205e-09 0)
(-3.37501 2.5138e-09 0)
(-3.37501 3.18802e-09 0)
(-3.37501 3.86452e-09 0)
(-3.37501 4.53212e-09 0)
(-3.37501 5.17772e-09 0)
(-3.37501 5.78541e-09 0)
(-3.37501 6.33588e-09 0)
(-3.37501 6.80643e-09 0)
(-3.37501 7.16867e-09 0)
(-3.37501 7.37878e-09 0)
(-3.37501 7.37673e-09 0)
(-3.82501 5.94056e-10 0)
(-3.82501 6.19498e-10 0)
(-3.82501 7.36363e-10 0)
(-3.82501 9.23197e-10 0)
(-3.82501 1.16368e-09 0)
(-3.82501 1.44746e-09 0)
(-3.82501 1.76581e-09 0)
(-3.82501 2.11073e-09 0)
(-3.82501 2.47512e-09 0)
(-3.82501 2.85261e-09 0)
(-3.82501 3.23718e-09 0)
(-3.82501 3.62266e-09 0)
(-3.82501 4.00232e-09 0)
(-3.82501 4.36829e-09 0)
(-3.82501 4.71121e-09 0)
(-3.82501 5.01985e-09 0)
(-3.82501 5.28122e-09 0)
(-3.82501 5.47918e-09 0)
(-3.82501 5.58903e-09 0)
(-3.82501 5.57739e-09 0)
(-4.27501 2.69192e-09 0)
(-4.27501 2.71254e-09 0)
(-4.27501 2.7418e-09 0)
(-4.27501 2.77853e-09 0)
(-4.27501 2.82132e-09 0)
(-4.27501 2.86927e-09 0)
(-4.27501 2.92144e-09 0)
(-4.27501 2.9769e-09 0)
(-4.27501 3.03478e-09 0)
(-4.27501 3.09428e-09 0)
(-4.27501 3.15457e-09 0)
(-4.27501 3.21473e-09 0)
(-4.27501 3.27363e-09 0)
(-4.27501 3.32979e-09 0)
(-4.27501 3.38134e-09 0)
(-4.27501 3.42592e-09 0)
(-4.27501 3.46074e-09 0)
(-4.27501 3.48221e-09 0)
(-4.27501 3.48491e-09 0)
(-4.27501 3.46239e-09 0)
(-4.72501 4.71098e-09 0)
(-4.72501 4.72477e-09 0)
(-4.72501 4.66497e-09 0)
(-4.72501 4.54985e-09 0)
(-4.72501 4.39244e-09 0)
(-4.72501 4.20107e-09 0)
(-4.72501 3.98257e-09 0)
(-4.72501 3.74309e-09 0)
(-4.72501 3.48814e-09 0)
(-4.72501 3.22273e-09 0)
(-4.72501 2.95158e-09 0)
(-4.72501 2.67931e-09 0)
(-4.72501 2.41072e-09 0)
(-4.72501 2.15101e-09 0)
(-4.72501 1.90601e-09 0)
(-4.72501 1.68238e-09 0)
(-4.72501 1.48759e-09 0)
(-4.72501 1.3306e-09 0)
(-4.72501 1.22525e-09 0)
(-4.72501 1.19208e-09 0)
(-5.17501 6.50382e-09 0)
(-5.17501 6.5102e-09 0)
(-5.17501 6.36523e-09 0)
(-5.17501 6.10565e-09 0)
(-5.17501 5.75833e-09 0)
(-5.17501 5.34048e-09 0)
(-5.17501 4.8663e-09 0)
(-5.17501 4.34864e-09 0)
(-5.17501 3.79897e-09 0)
(-5.17501 3.22765e-09 0)
(-5.17501 2.64442e-09 0)
(-5.17501 2.05897e-09 0)
(-5.17501 1.48149e-09 0)
(-5.17501 9.23303e-10 0)
(-5.17501 3.97499e-10 0)
(-5.17501 -8.06092e-11 0)
(-5.17501 -4.93578e-10 0)
(-5.17501 -8.20246e-10 0)
(-5.17501 -1.0279e-09 0)
(-5.17501 -1.06952e-09 0)
(-5.62501 7.93478e-09 0)
(-5.62501 7.9344e-09 0)
(-5.62501 7.71293e-09 0)
(-5.62501 7.32467e-09 0)
(-5.62501 6.80971e-09 0)
(-5.62501 6.19365e-09 0)
(-5.62501 5.49749e-09 0)
(-5.62501 4.73995e-09 0)
(-5.62501 3.93742e-09 0)
(-5.62501 3.10445e-09 0)
(-5.62501 2.25452e-09 0)
(-5.62501 1.40104e-09 0)
(-5.62501 5.58233e-10 0)
(-5.62501 -2.57694e-10 0)
(-5.62501 -1.02752e-09 0)
(-5.62501 -1.72842e-09 0)
(-5.62501 -2.33389e-09 0)
(-5.62501 -2.81121e-09 0)
(-5.62501 -3.10939e-09 0)
(-5.62501 -3.15574e-09 0)
(-6.07501 8.88199e-09 0)
(-6.07501 8.87614e-09 0)
(-6.07501 8.59053e-09 0)
(-6.07501 8.09645e-09 0)
(-6.07501 7.44686e-09 0)
(-6.07501 6.67534e-09 0)
(-6.07501 5.80881e-09 0)
(-6.07501 4.87056e-09 0)
(-6.07501 3.88026e-09 0)
(-6.07501 2.85474e-09 0)
(-6.07501 1.80919e-09 0)
(-6.07501 7.58519e-10 0)
(-6.07501 -2.81122e-10 0)
(-6.07501 -1.29079e-09 0)
(-6.07501 -2.2473e-09 0)
(-6.07501 -3.12217e-09 0)
(-6.07501 -3.88131e-09 0)
(-6.07501 -4.48127e-09 0)
(-6.07501 -4.85343e-09 0)
(-6.07501 -4.9e-09 0)
(-6.525 9.24052e-09 0)
(-6.525 9.23007e-09 0)
(-6.525 8.89451e-09 0)
(-6.525 8.32285e-09 0)
(-6.525 7.58106e-09 0)
(-6.525 6.71027e-09 0)
(-6.525 5.74205e-09 0)
(-6.525 4.70236e-09 0)
(-6.525 3.61178e-09 0)
(-6.525 2.48678e-09 0)
(-6.525 1.34141e-09 0)
(-6.525 1.89182e-10 0)
(-6.525 -9.5486e-10 0)
(-6.525 -2.07217e-09 0)
(-6.525 -3.13863e-09 0)
(-6.525 -4.12276e-09 0)
(-6.525 -4.98481e-09 0)
(-6.525 -5.67186e-09 0)
(-6.525 -6.09812e-09 0)
(-6.525 -6.14051e-09 0)
(-6.975 8.92692e-09 0)
(-6.975 8.91034e-09 0)
(-6.975 8.53839e-09 0)
(-6.975 7.92102e-09 0)
(-6.975 7.138e-09 0)
(-6.975 6.23703e-09 0)
(-6.975 5.25222e-09 0)
(-6.975 4.20925e-09 0)
(-6.975 3.12643e-09 0)
(-6.975 2.01659e-09 0)
(-6.975 8.89336e-10 0)
(-6.975 -2.46586e-10 0)
(-6.975 -1.38086e-09 0)
(-6.975 -2.4991e-09 0)
(-6.975 -3.58012e-09 0)
(-6.975 -4.59321e-09 0)
(-6.975 -5.49633e-09 0)
(-6.975 -6.22919e-09 0)
(-6.975 -6.68919e-09 0)
(-6.975 -6.72554e-09 0)
(-7.425 7.89038e-09 0)
(-7.425 7.86152e-09 0)
(-7.425 7.46459e-09 0)
(-7.425 6.83767e-09 0)
(-7.425 6.07429e-09 0)
(-7.425 5.22568e-09 0)
(-7.425 4.32423e-09 0)
(-7.425 3.3911e-09 0)
(-7.425 2.43845e-09 0)
(-7.425 1.47217e-09 0)
(-7.425 4.94508e-10 0)
(-7.425 -4.93337e-10 0)
(-7.425 -1.48886e-09 0)
(-7.425 -2.48554e-09 0)
(-7.425 -3.46953e-09 0)
(-7.425 -4.41621e-09 0)
(-7.425 -5.28678e-09 0)
(-7.425 -6.01841e-09 0)
(-7.425 -6.4934e-09 0)
(-7.425 -6.5271e-09 0)
(-7.875 6.1187e-09 0)
(-7.875 6.05846e-09 0)
(-7.875 5.64627e-09 0)
(-7.875 5.05833e-09 0)
(-7.875 4.39443e-09 0)
(-7.875 3.69914e-09 0)
(-7.875 2.99494e-09 0)
(-7.875 2.29262e-09 0)
(-7.875 1.59477e-09 0)
(-7.875 8.98614e-10 0)
(-7.875 1.98561e-10 0)
(-7.875 -5.1194e-10 0)
(-7.875 -1.23868e-09 0)
(-7.875 -1.98463e-09 0)
(-7.875 -2.74702e-09 0)
(-7.875 -3.51366e-09 0)
(-7.875 -4.25858e-09 0)
(-7.875 -4.92874e-09 0)
(-7.875 -5.40193e-09 0)
(-7.875 -5.45125e-09 0)
(-8.325 3.73468e-09 0)
(-8.325 3.63417e-09 0)
(-8.325 3.24742e-09 0)
(-8.325 2.78076e-09 0)
(-8.325 2.31753e-09 0)
(-8.325 1.87963e-09 0)
(-8.325 1.47098e-09 0)
(-8.325 1.08892e-09 0)
(-8.325 7.26878e-10 0)
(-8.325 3.76185e-10 0)
(-8.325 2.72629e-11 0)
(-8.325 -3.29815e-10 0)
(-8.325 -7.04968e-10 0)
(-8.325 -1.10746e-09 0)
(-8.325 -1.54454e-09 0)
(-8.325 -2.01925e-09 0)
(-8.325 -2.52727e-09 0)
(-8.325 -3.0432e-09 0)
(-8.325 -3.46765e-09 0)
(-8.325 -3.54447e-09 0)
(-8.775 9.00702e-10 0)
(-8.775 7.44551e-10 0)
(-8.775 5.64976e-10 0)
(-8.775 4.37436e-10 0)
(-8.775 3.33858e-10 0)
(-8.775 2.48513e-10 0)
(-8.775 1.79305e-10 0)
(-8.775 1.22476e-10 0)
(-8.775 7.39437e-11 0)
(-8.775 3.0045e-11 0)
(-8.775 -1.25558e-11 0)
(-8.775 -5.71246e-11 0)
(-8.775 -1.071e-10 0)
(-8.775 -1.66329e-10 0)
(-8.775 -2.39153e-10 0)
(-8.775 -3.29587e-10 0)
(-8.775 -4.39725e-10 0)
(-8.775 -5.74898e-10 0)
(-8.775 -7.6456e-10 0)
(-8.775 -9.04698e-10 0)
)
;

boundaryField
{
    inlet
    {
        type            calculated;
        value           nonuniform List<vector> 
20
(
(-0.225 -8.26323e-10 0)
(-0.675001 -3.1526e-09 0)
(-1.125 -4.71996e-09 0)
(-1.575 -5.46523e-09 0)
(-2.025 -5.37831e-09 0)
(-2.475 -4.57623e-09 0)
(-2.92501 -3.20453e-09 0)
(-3.37501 -1.42581e-09 0)
(-3.82501 5.94056e-10 0)
(-4.27501 2.69192e-09 0)
(-4.72501 4.71098e-09 0)
(-5.17501 6.50382e-09 0)
(-5.62501 7.93478e-09 0)
(-6.07501 8.88199e-09 0)
(-6.525 9.24052e-09 0)
(-6.975 8.92692e-09 0)
(-7.425 7.89038e-09 0)
(-7.875 6.1187e-09 0)
(-8.325 3.73468e-09 0)
(-8.775 9.00702e-10 0)
)
;
    }
    outlet
    {
        type            calculated;
        value           nonuniform List<vector> 
20
(
(-0.225 1.04977e-09 0)
(-0.675001 4.24348e-09 0)
(-1.125 6.79065e-09 0)
(-1.575 8.54218e-09 0)
(-2.025 9.40091e-09 0)
(-2.475 9.4236e-09 0)
(-2.92501 8.70659e-09 0)
(-3.37501 7.37673e-09 0)
(-3.82501 5.57739e-09 0)
(-4.27501 3.46239e-09 0)
(-4.72501 1.19208e-09 0)
(-5.17501 -1.06952e-09 0)
(-5.62501 -3.15574e-09 0)
(-6.07501 -4.9e-09 0)
(-6.525 -6.14051e-09 0)
(-6.975 -6.72554e-09 0)
(-7.425 -6.5271e-09 0)
(-7.875 -5.45125e-09 0)
(-8.325 -3.54447e-09 0)
(-8.775 -9.04698e-10 0)
)
;
    }
    walls
    {
        type            calculated;
        value           uniform (0 0 0);
    }
    movingWall
    {
        type            calculated;
        value           uniform (-9 0 0);
    }
    frontAndBack
    {
        type            empty;
    }
}


// ************************************************************************* //
