/*--------------------------------*- C++ -*----------------------------------*\
| =========                 |                                                 |
| \\      /  F ield         | OpenFOAM: The Open Source CFD Toolbox           |
|  \\    /   O peration     | Version:  2312                                  |
|   \\  /    A nd           | Website:  www.openfoam.com                      |
|    \\/     M anipulation  |                                                 |
\*---------------------------------------------------------------------------*/
FoamFile
{
    version     2.0;
    format      ascii;
    arch        "LSB;label=32;scalar=64";
    class       volScalarField;
    location    "180";
    object      p;
}
// * * * * * * * * * * * * * * * * * * * * * * * * * * * * * * * * * * * * * //

dimensions      [0 2 -2 0 0 0 0];

internalField   nonuniform List<scalar> 
8400
(
0.0251932
0.0255505
0.0263331
0.0274
0.0286826
0.0301674
0.0318579
0.0337664
0.0359188
0.0383619
0.0411749
0.0444898
0.0485324
0.0535863
0.0608873
0.0251865
0.0255431
0.026323
0.0273858
0.0286619
0.0301364
0.0318103
0.0336914
0.0357969
0.038155
0.0408051
0.043789
0.0471308
0.0507567
0.0547548
0.0251729
0.0255276
0.0263022
0.0273566
0.0286193
0.0300726
0.0317128
0.0335392
0.0355534
0.0377547
0.0401289
0.042623
0.0451075
0.0473185
0.0488721
0.0251517
0.0255033
0.0262698
0.027311
0.028553
0.029974
0.0315636
0.0333098
0.0351955
0.0371906
0.0392382
0.0412369
0.0430306
0.0444184
0.0452091
0.0251222
0.0254696
0.026225
0.0272481
0.0284621
0.02984
0.0313632
0.0330075
0.0347378
0.0365008
0.0382157
0.0397711
0.0410362
0.0418915
0.0422711
0.025084
0.0254258
0.026167
0.0271671
0.0283458
0.0296702
0.0311132
0.0326387
0.0341972
0.0357214
0.0371247
0.0383098
0.0391892
0.0397116
0.0398815
0.0250363
0.0253712
0.0260952
0.0270674
0.0282037
0.0294652
0.0308165
0.0322116
0.0335914
0.0348839
0.0360098
0.0368959
0.0374949
0.0377997
0.037845
0.0249786
0.0253053
0.0260089
0.0269483
0.0280358
0.0292262
0.030477
0.031735
0.0329369
0.0340137
0.0349002
0.0355493
0.0359446
0.0361043
0.0360732
0.0249104
0.0252275
0.0259076
0.0268096
0.0278422
0.0289548
0.0300991
0.031218
0.0322485
0.03313
0.0338143
0.0342771
0.0345231
0.0345832
0.0345025
0.024831
0.0251371
0.0257908
0.026651
0.0276236
0.0286533
0.0296878
0.0306691
0.0315388
0.0322472
0.032763
0.0330796
0.0332153
0.0332056
0.0330918
0.0247399
0.0250339
0.0256582
0.0264728
0.027381
0.028324
0.0292479
0.0300964
0.0308181
0.0313754
0.0317518
0.0319541
0.0320074
0.0319479
0.0318117
0.0246367
0.0249172
0.0255096
0.026275
0.0271154
0.0279699
0.0287845
0.029507
0.0300945
0.0305214
0.0307835
0.0308959
0.0308874
0.0307919
0.0306404
0.0245208
0.0247867
0.0253448
0.0260582
0.0268285
0.0275938
0.0283021
0.0289069
0.0293745
0.02969
0.0298583
0.0299002
0.029845
0.0297234
0.0295616
0.024392
0.0246421
0.0251638
0.025823
0.0265216
0.0271986
0.0278052
0.0283015
0.0286629
0.0288838
0.0289756
0.0289621
0.0288714
0.028731
0.0285625
0.0242497
0.0244832
0.0249668
0.02557
0.0261965
0.0267871
0.0272975
0.027695
0.0279634
0.0281043
0.028134
0.0280769
0.0279594
0.0278054
0.027633
0.0240938
0.0243099
0.024754
0.0253002
0.025855
0.0263622
0.0267827
0.0270911
0.0272785
0.0273523
0.0273315
0.0272403
0.0271026
0.0269392
0.0267649
0.023924
0.0241221
0.0245258
0.0250145
0.0254988
0.0259265
0.0262639
0.0264925
0.02661
0.0266277
0.0265661
0.0264482
0.0262956
0.0261259
0.0259513
0.0237402
0.0239199
0.0242825
0.024714
0.0251299
0.0254822
0.0257435
0.0259015
0.0259589
0.0259301
0.0258357
0.0256972
0.0255337
0.0253601
0.0251864
0.0235424
0.0237033
0.0240248
0.0243999
0.0247498
0.0250318
0.025224
0.0253198
0.025326
0.0252587
0.0251381
0.0249839
0.0248128
0.0246372
0.0244654
0.0233305
0.0234726
0.0237532
0.0240733
0.0243604
0.0245772
0.0247072
0.0247487
0.0247116
0.0246127
0.0244714
0.0243055
0.0241292
0.0239533
0.023784
0.0231048
0.0232281
0.0234685
0.0237354
0.0239632
0.02412
0.0241946
0.0241891
0.0241155
0.023991
0.0238335
0.0236591
0.0234799
0.0233047
0.0231387
0.0228654
0.0229703
0.0231715
0.0233874
0.0235597
0.023662
0.0236875
0.0236415
0.0235376
0.0233924
0.0232227
0.0230423
0.0228619
0.0226885
0.0225261
0.0226125
0.0226994
0.0228628
0.0230304
0.0231513
0.0232044
0.0231868
0.0231064
0.0229774
0.0228159
0.0226371
0.022453
0.0222727
0.0221018
0.0219435
0.0223467
0.0224163
0.0225435
0.0226656
0.0227393
0.0227484
0.0226933
0.0225839
0.0224345
0.0222603
0.022075
0.0218891
0.0217099
0.0215423
0.0213882
0.0220684
0.0221213
0.0222143
0.0222941
0.0223249
0.022295
0.0222077
0.022074
0.0219082
0.0217245
0.021535
0.0213486
0.0211716
0.0210076
0.0208579
0.0217781
0.0218153
0.0218762
0.021917
0.0219091
0.021845
0.0217301
0.0215765
0.0213979
0.0212073
0.0210154
0.0208299
0.0206557
0.0204957
0.0203507
0.0214764
0.0214989
0.02153
0.0215352
0.0214928
0.021399
0.0212611
0.0210913
0.0209029
0.0207077
0.0205151
0.0203313
0.0201606
0.0200049
0.0198646
0.0211641
0.0211729
0.0211767
0.0211498
0.0210769
0.0209577
0.0208006
0.020618
0.0204225
0.0202247
0.0200325
0.0198514
0.0196846
0.0195335
0.019398
0.0208419
0.0208381
0.0208171
0.0207615
0.0206621
0.0205213
0.0203487
0.0201564
0.0199561
0.0197572
0.0195667
0.0193889
0.0192263
0.0190799
0.0189492
0.0205106
0.0204955
0.0204522
0.0203712
0.0202491
0.0200904
0.0199054
0.019706
0.0195028
0.0193043
0.0191163
0.0189424
0.0187844
0.0186428
0.0185169
0.0201711
0.0201457
0.0200827
0.0199798
0.0198383
0.0196651
0.0194707
0.0192664
0.0190621
0.0188651
0.0186804
0.0185108
0.0183576
0.0182209
0.0180997
0.0198242
0.0197899
0.0197096
0.0195878
0.0194304
0.0192456
0.0190443
0.0188372
0.0186332
0.0184387
0.0182579
0.018093
0.0179447
0.017813
0.0176966
0.0194708
0.0194287
0.0193337
0.019196
0.0190256
0.0188321
0.0186262
0.018418
0.0182156
0.0180244
0.0178481
0.0176881
0.0175449
0.0174181
0.0173064
0.0191119
0.0190632
0.0189557
0.0188051
0.0186245
0.0184247
0.0182162
0.0180084
0.0178085
0.0176215
0.0174499
0.0172951
0.0171571
0.0170352
0.0169281
0.0187484
0.0186942
0.0185765
0.0184155
0.0182273
0.0180234
0.0178141
0.017608
0.0174116
0.0172291
0.0170627
0.0169132
0.0167804
0.0166634
0.0165608
0.0183812
0.0183225
0.0181967
0.0180278
0.0178342
0.0176283
0.0174196
0.0172163
0.0170242
0.0168468
0.0166858
0.0165417
0.0164141
0.0163019
0.0162038
0.0180113
0.017949
0.017817
0.0176424
0.0174457
0.0172393
0.0170326
0.0168331
0.0166458
0.0164738
0.0163184
0.0161798
0.0160574
0.01595
0.0158563
0.0176395
0.0175747
0.0174382
0.0172599
0.0170618
0.0168565
0.0166529
0.0164579
0.016276
0.0161097
0.0159601
0.015827
0.0157097
0.0156071
0.0155175
0.0172668
0.0172001
0.0170608
0.0168807
0.0166828
0.0164799
0.0162804
0.0160905
0.0159143
0.015754
0.0156102
0.0154826
0.0153704
0.0152724
0.015187
0.0168939
0.0168262
0.0166856
0.0165052
0.0163089
0.0161094
0.0159148
0.0157306
0.0155605
0.0154063
0.0152683
0.0151462
0.015039
0.0149455
0.0148642
0.0165217
0.0164537
0.0163129
0.0161337
0.0159402
0.0157452
0.015556
0.0153779
0.0152141
0.0150661
0.014934
0.0148173
0.0147151
0.014626
0.0145486
0.016151
0.0160832
0.0159434
0.0157665
0.015577
0.0153871
0.015204
0.0150323
0.014875
0.0147331
0.0146069
0.0144955
0.0143981
0.0143134
0.0142398
0.0157825
0.0157154
0.0155776
0.0154041
0.0152193
0.0150352
0.0148585
0.0146935
0.0145427
0.0144071
0.0142866
0.0141806
0.0140879
0.0140073
0.0139374
0.0154169
0.015351
0.015216
0.0150467
0.0148673
0.0146895
0.0145195
0.0143613
0.0142171
0.0140877
0.0139729
0.013872
0.0137839
0.0137074
0.0136411
0.0150549
0.0149905
0.0148589
0.0146946
0.0145212
0.0143501
0.014187
0.0140357
0.0138981
0.0137748
0.0136656
0.0135698
0.0134861
0.0134136
0.0133507
0.0146971
0.0146345
0.0145069
0.014348
0.0141811
0.0140169
0.0138609
0.0137165
0.0135854
0.0134682
0.0133645
0.0132735
0.0131942
0.0131255
0.0130659
0.0143439
0.0142835
0.0141603
0.0140073
0.0138471
0.01369
0.0135412
0.0134036
0.013279
0.0131677
0.0130693
0.0129831
0.012908
0.012843
0.0127866
0.0139961
0.0139379
0.0138195
0.0136727
0.0135194
0.0133695
0.0132278
0.0130971
0.0129788
0.0128732
0.0127801
0.0126985
0.0126274
0.0125659
0.0125126
0.013654
0.0135981
0.0134847
0.0133444
0.0131982
0.0130555
0.0129208
0.0127968
0.0126847
0.0125848
0.0124966
0.0124195
0.0123523
0.0122942
0.0122439
0.013318
0.0132646
0.0131563
0.0130226
0.0128834
0.0127479
0.0126202
0.0125027
0.0123967
0.0123022
0.0122189
0.012146
0.0120826
0.0120278
0.0119803
0.0129886
0.0129378
0.0128347
0.0127075
0.0125754
0.0124469
0.012326
0.012215
0.0121147
0.0120255
0.0119469
0.0118781
0.0118184
0.0117666
0.0117219
0.0126662
0.0126178
0.0125199
0.0123993
0.0122742
0.0121526
0.0120384
0.0119335
0.0118389
0.0117547
0.0116806
0.0116158
0.0115595
0.0115107
0.0114686
0.0123509
0.0123051
0.0122124
0.0120982
0.0119799
0.0118651
0.0117573
0.0116584
0.0115692
0.0114899
0.0114201
0.011359
0.011306
0.0112601
0.0112204
0.0120432
0.0119999
0.0119122
0.0118044
0.0116927
0.0115845
0.0114828
0.0113896
0.0113057
0.011231
0.0111653
0.0111079
0.0110579
0.0110148
0.0109774
0.0117433
0.0117024
0.0116197
0.011518
0.0114128
0.0113108
0.0112151
0.0111274
0.0110484
0.0109782
0.0109164
0.0108624
0.0108154
0.0107748
0.0107398
0.0114513
0.0114128
0.0113349
0.0112392
0.0111401
0.0110442
0.0109542
0.0108718
0.0107975
0.0107315
0.0106734
0.0106227
0.0105786
0.0105404
0.0105074
0.0111677
0.0111314
0.0110581
0.0109681
0.010875
0.0107848
0.0107003
0.0106228
0.0105531
0.0104911
0.0104365
0.0103888
0.0103474
0.0103115
0.0102806
0.0108924
0.0108584
0.0107895
0.0107049
0.0106175
0.0105328
0.0104534
0.0103807
0.0103152
0.010257
0.0102057
0.010161
0.0101221
0.0100884
0.0100593
0.0106258
0.0105938
0.0105292
0.0104498
0.0103677
0.0102883
0.0102138
0.0101455
0.010084
0.0100294
0.00998128
0.00993926
0.00990274
0.00987114
0.00984383
0.010368
0.010338
0.0102773
0.0102029
0.0101259
0.0100513
0.00998144
0.00991738
0.00985969
0.00980842
0.00976329
0.00972384
0.00968956
0.0096599
0.00963425
0.0101191
0.010091
0.0100341
0.00996427
0.00989207
0.00982216
0.0097566
0.00969651
0.00964239
0.00959427
0.00955191
0.00951489
0.0094827
0.00945486
0.00943078
0.00987935
0.00985298
0.00979969
0.0097342
0.00966649
0.00960092
0.00953943
0.00948305
0.00943226
0.00938711
0.00934734
0.00931258
0.00928237
0.00925622
0.0092336
0.00964889
0.00962416
0.0095742
0.00951279
0.0094493
0.00938779
0.0093301
0.00927719
0.00922952
0.00918712
0.00914979
0.00911714
0.00908876
0.00906419
0.00904295
0.00942788
0.0094047
0.00935785
0.00930025
0.00924068
0.00918296
0.0091288
0.00907913
0.00903436
0.00899453
0.00895945
0.00892878
0.0089021
0.00887901
0.00885904
0.00921651
0.00919476
0.0091508
0.00909675
0.00904082
0.00898662
0.00893575
0.00888908
0.008847
0.00880957
0.00877659
0.00874774
0.00872265
0.00870093
0.00868214
0.00901498
0.00899456
0.00895328
0.0089025
0.00884995
0.00879901
0.00875119
0.00870729
0.00866771
0.00863249
0.00860144
0.00857429
0.00855067
0.00853021
0.00851252
0.00882351
0.00880431
0.0087655
0.00871775
0.00866831
0.00862038
0.00857536
0.00853403
0.00849674
0.00846356
0.00843431
0.00840871
0.00838644
0.00836716
0.00835047
0.00864232
0.00862425
0.00858771
0.00854274
0.00849617
0.00845099
0.00840855
0.00836957
0.0083344
0.00830309
0.00827549
0.00825133
0.0082303
0.00821209
0.00819633
0.0084717
0.00845465
0.00842019
0.00837776
0.00833381
0.00829116
0.00825107
0.00821425
0.00818102
0.00815142
0.00812532
0.00810247
0.00808258
0.00806536
0.00805045
0.00831195
0.00829584
0.00826326
0.00822315
0.00818158
0.00814122
0.00810328
0.00806842
0.00803694
0.00800891
0.00798418
0.00796252
0.00794368
0.00792735
0.00791321
0.00816342
0.00814816
0.00811728
0.00807926
0.00803984
0.00800156
0.00796556
0.00793247
0.00790259
0.00787597
0.00785247
0.0078319
0.00781399
0.00779847
0.00778504
0.00802652
0.00801201
0.00798267
0.00794652
0.00790903
0.00787262
0.00783836
0.00780686
0.00777841
0.00775305
0.00773067
0.00771107
0.007694
0.00767921
0.00766641
0.0079017
0.00788786
0.00785988
0.0078254
0.00778963
0.00775487
0.00772216
0.00769207
0.00766489
0.00764066
0.00761927
0.00760054
0.00758422
0.00757008
0.00755783
0.00778949
0.00777625
0.00774946
0.00771644
0.00768218
0.00764887
0.00761752
0.00758868
0.00756261
0.00753937
0.00751885
0.00750088
0.00748522
0.00747165
0.00745989
0.00769051
0.00767778
0.00765202
0.00762026
0.0075873
0.00755525
0.00752507
0.0074973
0.0074722
0.00744981
0.00743005
0.00741273
0.00739764
0.00738456
0.00737323
0.00760548
0.00759317
0.00756828
0.00753758
0.00750572
0.00747472
0.00744553
0.00741867
0.00739438
0.00737271
0.00735358
0.00733682
0.00732221
0.00730954
0.00729857
0.00753519
0.00752324
0.00749905
0.00746922
0.00743824
0.00740811
0.00737972
0.00735359
0.00732996
0.00730889
0.00729027
0.00727395
0.00725973
0.00724741
0.00723673
0.00748062
0.00746894
0.00744529
0.00741612
0.00738582
0.00735635
0.00732858
0.00730301
0.00727989
0.00725926
0.00724104
0.00722507
0.00721115
0.00719908
0.00718862
0.00744287
0.00743137
0.00740809
0.00737937
0.00734955
0.00732052
0.00729317
0.00726799
0.00724521
0.00722489
0.00720694
0.00719121
0.00717749
0.0071656
0.0071553
0.00742322
0.00741183
0.00738875
0.00736026
0.00733068
0.00730189
0.00727476
0.00724977
0.00722718
0.00720702
0.00718921
0.00717359
0.00715999
0.00714818
0.00713796
0.0623252
0.0558259
0.0499329
0.0462544
0.0435471
0.0411039
0.0388248
0.0367087
0.0347157
0.0328015
0.0309387
0.029112
0.0273121
0.0255332
0.0237729
0.0220316
0.020312
0.0186192
0.0169598
0.0153421
0.0137756
0.0122707
0.0108383
0.00948902
0.00823324
0.00708012
0.00603719
0.00510994
0.00430137
0.00361175
0.00303856
0.00257655
0.00221798
0.00195307
0.00177046
0.00165789
0.00160274
0.00159262
0.00161592
0.00166213
0.00172217
0.00178848
0.00185508
0.00191749
0.00197257
0.00201837
0.00205388
0.00207882
0.00209349
0.00209852
0.00209474
0.00208312
0.00206459
0.00204005
0.00201029
0.00197603
0.00193782
0.00189616
0.0018514
0.00180384
0.00175372
0.00170121
0.00164645
0.00158954
0.00153058
0.00146966
0.00140684
0.0013422
0.0012758
0.00120772
0.00113804
0.00106684
0.000994194
0.000920205
0.000844972
0.000768605
0.000691224
0.000612963
0.000533971
0.000454412
0.000374464
0.000294325
0.000214203
0.000134315
5.48691e-05
-2.39723e-05
-0.000101689
-0.000185017
-0.000204367
-0.000658862
0.0554604
0.0517549
0.0478679
0.0450265
0.0427024
0.0405018
0.0383785
0.0363537
0.0344146
0.032536
0.0306998
0.0288957
0.0271171
0.0253598
0.0236218
0.0219038
0.0202085
0.0185404
0.0169058
0.0153127
0.0137702
0.0122882
0.0108771
0.00954753
0.0083094
0.00717167
0.00614176
0.00522505
0.0044245
0.00374044
0.00317044
0.00270939
0.00234978
0.00208206
0.00189516
0.0017771
0.00171556
0.00169846
0.00171443
0.00175322
0.00180593
0.00186517
0.00192508
0.00198124
0.00203059
0.00207116
0.00210195
0.00212268
0.00213358
0.00213525
0.0021285
0.00211423
0.00209334
0.00206669
0.00203505
0.00199909
0.00195935
0.00191629
0.00187026
0.00182155
0.00177037
0.00171688
0.00166121
0.00160347
0.00154374
0.0014821
0.00141861
0.00135334
0.00128636
0.00121774
0.00114755
0.00107587
0.00100277
0.000928363
0.000852732
0.00077599
0.000698256
0.000619663
0.000540357
0.000460501
0.000380273
0.000299869
0.000219498
0.000139373
5.97027e-05
-1.93419e-05
-9.73235e-05
-0.0001806
-0.000199556
-0.000663243
0.0490199
0.0474603
0.0452561
0.0431539
0.0412051
0.0393035
0.0374307
0.0356053
0.0338295
0.0320921
0.0303822
0.0286925
0.0270183
0.0253565
0.0237061
0.022068
0.0204449
0.0188415
0.0172638
0.0157195
0.0142175
0.0127674
0.0113797
0.0100646
0.00883235
0.00769216
0.00665194
0.00571777
0.00489356
0.00418071
0.00357803
0.00308169
0.00268546
0.002381
0.00215835
0.00200642
0.0019136
0.00186829
0.00185937
0.00187666
0.00191114
0.00195521
0.00200268
0.00204878
0.00209006
0.00212421
0.00214988
0.0021665
0.00217406
0.00217296
0.00216385
0.00214751
0.00212477
0.00209642
0.0020632
0.00202574
0.00198459
0.00194017
0.00189286
0.00184292
0.00179057
0.00173598
0.00167927
0.00162054
0.00155988
0.00149736
0.00143305
0.00136701
0.00129931
0.00123
0.00115917
0.00108689
0.00101323
0.000938288
0.000862158
0.000784945
0.000706769
0.000627758
0.000548058
0.000467831
0.000387253
0.000306519
0.000225837
0.000145419
6.54739e-05
-1.38193e-05
-9.21484e-05
-0.000174982
-0.000195025
-0.000680388
0.0452741
0.0444695
0.043058
0.0414481
0.039817
0.0381757
0.0365218
0.0348699
0.0332309
0.0316057
0.0299918
0.028387
0.0267902
0.0252009
0.0236197
0.0220486
0.0204905
0.0189501
0.0174331
0.0159464
0.0144982
0.0130972
0.0117528
0.0104747
0.00927216
0.00815394
0.00712764
0.00619933
0.00537316
0.00465107
0.00403265
0.00351507
0.00309322
0.00275997
0.00250655
0.00232303
0.0021988
0.00212309
0.00208547
0.00207621
0.00208661
0.00210917
0.00213769
0.00216732
0.00219439
0.00221639
0.00223171
0.00223952
0.0022396
0.00223211
0.00221753
0.00219646
0.00216961
0.00213765
0.00210124
0.00206093
0.00201722
0.00197049
0.00192108
0.00186923
0.00181514
0.00175894
0.00170076
0.00164068
0.00157877
0.0015151
0.00144972
0.00138269
0.00131407
0.00124391
0.00117228
0.00109926
0.00102491
0.000949316
0.000872579
0.000794798
0.000716088
0.000636577
0.000556408
0.000475739
0.000394747
0.000313625
0.000232579
0.000151824
7.15681e-05
-8.00977e-06
-8.66967e-05
-0.000168713
-0.000194777
-0.000707086
0.0422019
0.0416439
0.0406768
0.0394786
0.0381729
0.0368013
0.035379
0.0339234
0.0324501
0.0309676
0.0294795
0.0279879
0.0264948
0.0250018
0.0235111
0.0220255
0.0205485
0.0190849
0.0176402
0.0162212
0.0148351
0.0134904
0.0121956
0.0109596
0.00979117
0.00869852
0.00768892
0.00676838
0.00594125
0.00520995
0.00457482
0.00403403
0.00358365
0.00321785
0.00292923
0.00270915
0.0025482
0.00243668
0.002365
0.00232406
0.00230558
0.00230226
0.00230797
0.00231773
0.0023277
0.00233507
0.00233794
0.00233518
0.00232625
0.00231106
0.00228982
0.00226296
0.002231
0.00219448
0.00215396
0.00210992
0.00206278
0.00201291
0.00196058
0.00190603
0.00184944
0.00179092
0.00173058
0.0016685
0.00160474
0.00153935
0.00147238
0.00140388
0.00133389
0.00126246
0.00118966
0.00111554
0.00104018
0.000963645
0.000886029
0.00080743
0.000727956
0.000647733
0.000566898
0.000485607
0.000404035
0.000322373
0.000240826
0.00015961
7.89363e-05
-1.02459e-06
-8.00915e-05
-0.000161634
-0.000198472
-0.00072984
0.0397625
0.0393454
0.0386478
0.0377369
0.0366831
0.0355296
0.0343009
0.0330165
0.0316927
0.0303412
0.0289696
0.0275832
0.0261861
0.0247821
0.0233747
0.0219679
0.0205657
0.0191733
0.0177963
0.016441
0.0151146
0.0138247
0.0125792
0.0113864
0.0102544
0.00919084
0.00820253
0.00729526
0.0064734
0.00573963
0.0050948
0.00453784
0.00406575
0.00367382
0.00335579
0.0031042
0.00291078
0.00276684
0.00266364
0.00259277
0.00254644
0.00251768
0.0025005
0.00248993
0.00248204
0.00247384
0.00246321
0.00244878
0.00242975
0.00240579
0.00237691
0.00234332
0.00230539
0.00226355
0.00221821
0.00216978
0.00211863
0.00206506
0.00200931
0.00195159
0.00189204
0.00183078
0.00176788
0.00170341
0.00163742
0.00156996
0.00150105
0.00143074
0.00135906
0.00128606
0.00121178
0.00113629
0.00105963
0.000981893
0.000903148
0.00082349
0.000743024
0.000661869
0.000580162
0.000498054
0.000415717
0.000333342
0.000251134
0.000169311
8.80905e-05
7.63445e-06
-7.18863e-05
-0.000153666
-0.000203528
-0.000734409
0.0376941
0.0373439
0.0367922
0.0360633
0.0351951
0.0342195
0.0331592
0.0320315
0.0308515
0.0296311
0.0283793
0.027103
0.025808
0.0244993
0.0231815
0.0218591
0.020537
0.0192204
0.0179151
0.0166271
0.0153632
0.0141308
0.0129371
0.0117899
0.0106967
0.00966472
0.00870036
0.00780923
0.00699569
0.00626264
0.00561137
0.00504145
0.00455074
0.00413551
0.00379057
0.00350959
0.00328537
0.00311022
0.00297629
0.00287588
0.00280176
0.00274734
0.00270684
0.00267539
0.00264899
0.00262456
0.00259978
0.00257305
0.00254335
0.00251011
0.00247312
0.0024324
0.00238815
0.00234065
0.0022902
0.00223713
0.00218171
0.0021242
0.00206481
0.00200368
0.00194096
0.00187672
0.00181104
0.00174397
0.00167554
0.00160579
0.00153474
0.00146241
0.00138884
0.00131407
0.00123813
0.00116106
0.00108293
0.00100381
0.000923753
0.000842863
0.000761235
0.000678984
0.000596243
0.000513161
0.000429907
0.000346673
0.000263666
0.000181109
9.92254e-05
1.81767e-05
-6.18987e-05
-0.00014447
-0.000206561
-0.000712335
0.0359054
0.0355968
0.0351388
0.0345376
0.0338119
0.0329819
0.0320645
0.0310742
0.0300238
0.0289243
0.027785
0.0266135
0.0254164
0.0241995
0.0229681
0.0217275
0.0204828
0.0192395
0.0180034
0.0167804
0.0155772
0.0144005
0.0132575
0.0121552
0.0111006
0.0101006
0.00916123
0.00828793
0.00748497
0.00675541
0.00610089
0.00552153
0.0050159
0.00458113
0.00421298
0.00390612
0.00365433
0.00345085
0.00328867
0.00316079
0.00306053
0.00298171
0.00291882
0.00286709
0.00282256
0.00278205
0.00274313
0.00270401
0.00266346
0.00262072
0.00257539
0.0025273
0.00247649
0.0024231
0.00236734
0.00230942
0.00224957
0.00218796
0.00212476
0.00206009
0.00199406
0.00192674
0.00185817
0.00178838
0.00171741
0.00164526
0.00157196
0.00149752
0.00142197
0.00134532
0.00126761
0.00118889
0.00110919
0.00102857
0.000947114
0.000864893
0.000782005
0.00069856
0.000614686
0.000530532
0.000446265
0.000362077
0.000278179
0.000194802
0.000112179
3.04767e-05
-5.02165e-05
-0.000133708
-0.000205089
-0.000663721
0.0343242
0.0340422
0.033645
0.0331314
0.0325103
0.0317935
0.0309929
0.0301193
0.029183
0.0281936
0.0271595
0.0260882
0.0249862
0.0238596
0.0227141
0.0215551
0.020388
0.0192184
0.0180519
0.0168946
0.0157526
0.0146324
0.0135407
0.0124842
0.0114695
0.010503
0.00959047
0.00873713
0.00794723
0.00722394
0.00656918
0.00598354
0.00546623
0.00501512
0.00462684
0.00429697
0.00402021
0.00379067
0.00360214
0.00344833
0.00332311
0.00322075
0.003136
0.0030643
0.00300174
0.00294512
0.00289191
0.00284017
0.00278852
0.00273602
0.00268207
0.00262636
0.00256876
0.00250929
0.00244803
0.00238511
0.00232067
0.00225484
0.00218773
0.00211944
0.00205002
0.00197952
0.00190799
0.00183542
0.00176183
0.00168723
0.00161163
0.00153502
0.00145742
0.00137884
0.00129931
0.00121886
0.00113754
0.00105538
0.000972467
0.000888862
0.000804658
0.000719963
0.000634902
0.000549619
0.000464283
0.000379085
0.000294243
0.000209994
0.00012659
4.42074e-05
-3.71023e-05
-0.000121263
-0.000198284
-0.000595429
0.0329076
0.0326445
0.0322902
0.0318406
0.0312993
0.0306731
0.0299693
0.0291957
0.0283601
0.0274699
0.0265326
0.0255549
0.0245429
0.0235027
0.0224399
0.0213599
0.0202683
0.0191704
0.0180719
0.0169786
0.0158965
0.0148318
0.0137907
0.0127797
0.0118048
0.0108722
0.00998735
0.00915527
0.00838014
0.00766523
0.00701269
0.00642349
0.0058974
0.00543294
0.00502751
0.00467749
0.00437844
0.00412528
0.00391255
0.00373462
0.00358595
0.00346122
0.00335553
0.00326451
0.00318435
0.00311186
0.00304446
0.00298011
0.00291729
0.0028549
0.00279219
0.00272869
0.00266413
0.00259841
0.00253151
0.00246345
0.0023943
0.00232413
0.00225301
0.00218099
0.0021081
0.00203436
0.00195978
0.00188437
0.00180811
0.001731
0.00165304
0.0015742
0.00149451
0.00141396
0.00133257
0.00125037
0.00116738
0.00108365
0.000999232
0.000914205
0.000828651
0.000742671
0.000656386
0.000569939
0.000483498
0.000397256
0.000311436
0.000226287
0.000142077
5.901e-05
-2.28645e-05
-0.000107258
-0.000186654
-0.000517019
0.0316242
0.0313755
0.0310529
0.0306512
0.0301714
0.0296172
0.0289929
0.0283035
0.0275547
0.0267524
0.0259025
0.0250109
0.0240831
0.0231246
0.0221408
0.0211371
0.0201186
0.0190907
0.0180589
0.0170286
0.0160057
0.014996
0.0140054
0.0130399
0.0121054
0.0112075
0.0103515
0.00954226
0.00878386
0.00807959
0.00743181
0.00684182
0.00630984
0.00583499
0.00541533
0.00504799
0.00472927
0.00445487
0.00422003
0.00401979
0.00384913
0.00370321
0.00357746
0.00346773
0.00337038
0.00328225
0.00320074
0.00312375
0.00304966
0.00297723
0.00290558
0.0028341
0.0027624
0.00269025
0.00261752
0.00254417
0.00247017
0.00239554
0.0023203
0.00224444
0.00216798
0.00209092
0.00201323
0.0019349
0.0018559
0.00177623
0.00169584
0.00161474
0.00153291
0.00145034
0.00136705
0.00128304
0.00119835
0.001113
0.00102706
0.000940577
0.000853639
0.000766342
0.000678803
0.000591163
0.000503587
0.000416273
0.000329448
0.000243374
0.000158343
7.45947e-05
-7.77183e-06
-9.1954e-05
-0.000171319
-0.000437228
0.0304517
0.0302146
0.0299168
0.0295523
0.0291213
0.0286254
0.028067
0.0274491
0.0267757
0.026051
0.0252798
0.0244669
0.023617
0.0227352
0.0218263
0.0208952
0.0199469
0.0189866
0.0180193
0.0170504
0.0160853
0.0151295
0.0141886
0.0132682
0.0123739
0.0115111
0.0106847
0.00989937
0.00915916
0.00846737
0.0078265
0.00723812
0.00670284
0.00622027
0.00578909
0.00540706
0.00507119
0.00477788
0.00452303
0.00430229
0.00411119
0.00394534
0.00380052
0.00367285
0.00355883
0.00345541
0.00336
0.00327047
0.0031851
0.00310256
0.00302186
0.00294228
0.00286329
0.00278457
0.00270588
0.00262709
0.00254812
0.00246892
0.00238944
0.00230966
0.00222954
0.00214906
0.00206818
0.00198686
0.00190507
0.00182276
0.0017399
0.00165647
0.00157244
0.00148781
0.00140256
0.00131671
0.00123027
0.00114328
0.00105576
0.000967792
0.000879437
0.000790789
0.000701964
0.000613099
0.00052436
0.000435944
0.000348087
0.000261065
0.000175194
9.07663e-05
7.97758e-06
-7.56405e-05
-0.000153455
-0.000362175
0.0293732
0.0291461
0.0288682
0.0285337
0.0281421
0.0276941
0.0271905
0.0266333
0.026025
0.0253685
0.0246675
0.0239258
0.0231474
0.0223366
0.0214978
0.0206354
0.0197541
0.0188584
0.0179534
0.0170439
0.016135
0.0152319
0.0143399
0.0134643
0.0126102
0.0117827
0.0109866
0.0102263
0.00950571
0.00882819
0.00819632
0.00761188
0.0070758
0.00658814
0.00614807
0.00575397
0.00540346
0.00509356
0.00482081
0.00458144
0.00437151
0.00418706
0.00402424
0.00387945
0.00374937
0.00363108
0.00352203
0.00342008
0.00332348
0.00323081
0.00314099
0.00305318
0.00296678
0.00288134
0.00279656
0.00271221
0.00262814
0.00254423
0.00246041
0.0023766
0.00229273
0.00220876
0.0021246
0.00204022
0.00195555
0.00187054
0.00178515
0.00169933
0.00161306
0.00152631
0.00143906
0.00135132
0.00126309
0.0011744
0.00108527
0.00099577
0.000905958
0.000815925
0.000725778
0.000635654
0.000545718
0.000456169
0.00036725
0.000279253
0.000192521
0.000107409
2.42503e-05
-5.85778e-05
-0.000134039
-0.000295137
0.0283756
0.0281573
0.0278962
0.0275866
0.0272276
0.0268194
0.0263622
0.0258568
0.0253048
0.0247082
0.0240697
0.0233922
0.0226791
0.0219339
0.0211604
0.0203625
0.0195444
0.0187103
0.0178649
0.0170125
0.016158
0.0153062
0.0144621
0.0136304
0.0128162
0.0120241
0.0112587
0.0105242
0.00982447
0.00916274
0.00854167
0.00796323
0.00742862
0.00693826
0.00649178
0.00608805
0.00572527
0.00540103
0.00511245
0.00485631
0.00462915
0.00442747
0.00424778
0.00408676
0.00394132
0.00380866
0.00368631
0.00357216
0.00346443
0.00336166
0.00326268
0.0031666
0.00307269
0.00298044
0.00288945
0.00279942
0.00271014
0.00262143
0.00253317
0.00244523
0.00235753
0.00226997
0.00218247
0.00209495
0.00200734
0.00191957
0.00183158
0.00174332
0.00165474
0.00156581
0.00147652
0.00138683
0.00129677
0.00120633
0.00111555
0.00102448
0.000933172
0.000841713
0.000750208
0.000658789
0.00056762
0.000476904
0.00038689
0.000297885
0.000210265
0.000124456
4.09571e-05
-4.09803e-05
-0.000113808
-0.000237189
0.0274484
0.0272383
0.0269917
0.0267031
0.0263716
0.0259971
0.0255794
0.0251186
0.0246155
0.0240716
0.0234886
0.0228688
0.022215
0.0215298
0.0208167
0.0200789
0.0193202
0.0185444
0.0177556
0.016958
0.0161559
0.0153537
0.0145561
0.0137676
0.0129927
0.0122359
0.0115015
0.0107935
0.0101156
0.00947099
0.00886239
0.00829187
0.00776085
0.00727006
0.0068195
0.00640851
0.00603577
0.00569941
0.00539706
0.005126
0.00488328
0.00466579
0.00447043
0.00429415
0.00413411
0.00398765
0.00385243
0.00372636
0.00360767
0.00349489
0.00338679
0.00328239
0.00318092
0.00308177
0.00298448
0.00288868
0.00279409
0.00270049
0.00260769
0.00251555
0.00242393
0.00233271
0.00224179
0.00215106
0.00206044
0.00196984
0.00187919
0.00178842
0.00169748
0.00160633
0.00151493
0.00142325
0.0013313
0.00123908
0.0011466
0.00105392
0.00096107
0.000868145
0.000775241
0.000682489
0.00059005
0.00049813
0.000406985
0.000316938
0.000228399
0.00014187
5.80332e-05
-2.30223e-05
-9.32997e-05
-0.000188053
0.0265832
0.0263809
0.026147
0.0258766
0.0255688
0.0252233
0.0248395
0.0244173
0.023957
0.0234594
0.0229258
0.0223578
0.0217576
0.0211273
0.0204697
0.0197878
0.0190846
0.0183637
0.0176285
0.016883
0.016131
0.0153767
0.0146241
0.0138776
0.0131414
0.0124196
0.0117163
0.0110352
0.01038
0.00975363
0.00915893
0.00859802
0.00807251
0.00758335
0.0071309
0.00671486
0.00633436
0.00598799
0.00567386
0.00538974
0.0051331
0.00490125
0.00469144
0.00450094
0.00432711
0.00416752
0.0040199
0.00388226
0.00375285
0.0036302
0.00351304
0.00340035
0.0032913
0.00318521
0.00308156
0.00297991
0.00287993
0.00278135
0.00268394
0.00258751
0.00249189
0.00239694
0.00230252
0.00220852
0.00211483
0.00202134
0.00192797
0.00183464
0.00174129
0.00164785
0.0015543
0.00146058
0.0013667
0.00127264
0.00117842
0.00108408
0.000989651
0.000895219
0.000800877
0.000706751
0.000613003
0.00051984
0.000427526
0.000336399
0.000246905
0.000159624
7.54248e-05
-4.84827e-06
-7.2903e-05
-0.000146793
0.0257731
0.0255781
0.0253558
0.0251015
0.0248143
0.0244939
0.0241396
0.0237511
0.0233284
0.0228717
0.0223821
0.0218606
0.0213087
0.0207284
0.0201219
0.0194915
0.01884
0.0181703
0.0174857
0.0167895
0.0160853
0.0153768
0.0146678
0.0139621
0.0132637
0.0125764
0.011904
0.0112502
0.0106182
0.010011
0.00943148
0.00888171
0.00836343
0.00787783
0.0074255
0.00700651
0.00662034
0.00626601
0.00594206
0.00564669
0.00537778
0.00513304
0.00491006
0.00470641
0.0045197
0.00434767
0.00418822
0.00403943
0.0038996
0.00376728
0.00364119
0.00352027
0.00340365
0.00329061
0.00318055
0.00307301
0.00296759
0.00286396
0.00276187
0.00266108
0.0025614
0.00246265
0.00236467
0.00226733
0.0021705
0.00207407
0.00197792
0.00188198
0.00178615
0.00169039
0.00159462
0.00149882
0.00140296
0.00130702
0.00121102
0.00111497
0.00101892
0.000922938
0.000827115
0.000731575
0.000636478
0.000542032
0.000448508
0.000356262
0.00026577
0.000177694
9.30818e-05
1.34196e-05
-5.28975e-05
-0.000112271
0.0250122
0.0248243
0.0246126
0.0243726
0.0241036
0.0238054
0.0234771
0.0231182
0.0227285
0.0223082
0.0218577
0.0213779
0.0208698
0.0203349
0.019775
0.0191921
0.0185885
0.0179666
0.0173294
0.0166798
0.016021
0.0153562
0.0146889
0.0140227
0.0133611
0.0127077
0.012066
0.0114394
0.0108311
0.0102439
0.00968055
0.00914323
0.00863375
0.00815342
0.00770309
0.00728308
0.00689322
0.00653287
0.00620098
0.00589613
0.00561659
0.00536043
0.00512558
0.0049099
0.00471125
0.00452756
0.00435688
0.00419741
0.00404753
0.00390579
0.00377094
0.00364191
0.00351778
0.0033978
0.00328134
0.00316787
0.00305696
0.00294824
0.00284141
0.00273621
0.0026324
0.00252979
0.0024282
0.00232747
0.00222745
0.00212801
0.00202904
0.00193042
0.00183208
0.00173393
0.00163591
0.00153797
0.00144008
0.00134222
0.00124438
0.00114659
0.00104888
0.000951303
0.000853958
0.000756963
0.000660475
0.000564704
0.000469928
0.000376517
0.000284982
0.000196059
0.000110955
3.16774e-05
-3.34782e-05
-8.33722e-05
0.0242955
0.0241145
0.0239126
0.0236856
0.0234329
0.0231543
0.022849
0.0225164
0.0221561
0.0217681
0.0213527
0.0209102
0.0204416
0.019948
0.0194307
0.0188914
0.018332
0.0177546
0.0171617
0.0165558
0.0159398
0.0153166
0.0146893
0.014061
0.0134351
0.0128148
0.0122034
0.011604
0.0110195
0.0104529
0.00990661
0.00938287
0.00888354
0.00841006
0.00796342
0.00754419
0.00715248
0.00678798
0.00644995
0.00613734
0.00584878
0.00558268
0.00533727
0.0051107
0.00490109
0.00470656
0.00452534
0.00435574
0.00419621
0.00404537
0.00390199
0.003765
0.00363346
0.00350661
0.00338376
0.00326437
0.00314795
0.00303411
0.0029225
0.00281284
0.00270486
0.00259835
0.00249309
0.00238891
0.00228565
0.00218315
0.0020813
0.00197997
0.00187906
0.00177848
0.00167816
0.00157804
0.00147807
0.00137824
0.00127853
0.00117894
0.00107952
0.000980315
0.000881407
0.000782913
0.000684992
0.000587853
0.00049178
0.000397158
0.000304528
0.000214692
0.000128997
4.98372e-05
-1.47741e-05
-5.91057e-05
0.0236187
0.0234444
0.0232516
0.0230365
0.0227986
0.0225377
0.0222529
0.0219437
0.0216097
0.0212506
0.0208665
0.0204577
0.0200248
0.0195686
0.0190902
0.0185909
0.0180722
0.017536
0.0169844
0.0164195
0.0158438
0.0152599
0.0146707
0.0140788
0.0134873
0.0128992
0.0123175
0.011745
0.0111845
0.0106388
0.0101103
0.00960107
0.00911308
0.00864781
0.00820641
0.00778962
0.00739778
0.00703085
0.00668841
0.00636971
0.00607369
0.00579909
0.00554444
0.00530816
0.0050886
0.00488411
0.00469306
0.00451391
0.00434521
0.00418564
0.00403401
0.00388925
0.00375045
0.00361681
0.00348764
0.00336235
0.00324043
0.00312145
0.00300505
0.0028909
0.00277872
0.00266825
0.00255929
0.00245162
0.00234507
0.00223948
0.0021347
0.0020306
0.00192708
0.00182402
0.00172135
0.00161901
0.00151693
0.00141508
0.00131344
0.00121203
0.00111086
0.00100997
0.000909459
0.000809425
0.000710027
0.000611476
0.000514059
0.000418175
0.000324391
0.000233567
0.00014716
6.78258e-05
3.13764e-06
-3.86276e-05
0.0229781
0.0228103
0.0226262
0.0224221
0.0221976
0.0219526
0.0216863
0.0213982
0.0210876
0.0207544
0.0203986
0.0200201
0.0196195
0.0191973
0.0187544
0.0182916
0.0178105
0.0173124
0.0167991
0.0162725
0.0157346
0.0151879
0.0146347
0.0140776
0.0135193
0.0129623
0.0124095
0.0118636
0.011327
0.0108025
0.0102922
0.00979829
0.00932264
0.0088668
0.00843201
0.00801916
0.00762878
0.00726106
0.00691583
0.00659262
0.00629068
0.00600901
0.00574643
0.00550161
0.00527315
0.00505959
0.00485948
0.00467142
0.00449407
0.00432619
0.00416663
0.00401436
0.00386849
0.00372819
0.00359278
0.00346165
0.00333426
0.00321016
0.00308896
0.00297031
0.0028539
0.00273946
0.00262675
0.00251556
0.00240569
0.00229695
0.00218921
0.00208231
0.00197612
0.00187055
0.00176549
0.00166087
0.00155663
0.00145273
0.00134913
0.00124584
0.00114288
0.00104028
0.000938112
0.000836494
0.000735575
0.000635566
0.000536757
0.000439556
0.000344555
0.000252659
0.0001654
8.55842e-05
2.02206e-05
-2.12354e-05
0.0223704
0.0222089
0.022033
0.0218391
0.021627
0.0213965
0.021147
0.0208778
0.0205884
0.0202786
0.0199482
0.0195972
0.0192258
0.0188345
0.0184239
0.0179947
0.017548
0.017085
0.0166072
0.0161163
0.0156139
0.0151022
0.0145831
0.0140591
0.0135324
0.0130055
0.0124809
0.011961
0.0114481
0.0109448
0.0104531
0.0099751
0.00951264
0.00906727
0.00864031
0.00823275
0.00784528
0.00747826
0.00713178
0.00680558
0.00649917
0.00621182
0.00594259
0.00569042
0.00545411
0.00523242
0.00502406
0.00482777
0.00464234
0.0044666
0.00429949
0.00414001
0.00398728
0.0038405
0.00369898
0.00356209
0.00342929
0.0033001
0.00317412
0.00305097
0.00293032
0.00281189
0.00269542
0.00258068
0.00246745
0.00235555
0.0022448
0.00213505
0.00202618
0.00191804
0.00181056
0.00170363
0.00159719
0.00149118
0.00138559
0.00128038
0.00117558
0.00107122
0.000967362
0.000864117
0.000761632
0.000660116
0.000559864
0.00046129
0.000365003
0.000271939
0.000183675
0.000103066
3.6469e-05
-6.3513e-06
0.0217927
0.0216374
0.0214693
0.021285
0.0210843
0.020867
0.0206328
0.0203808
0.0201106
0.0198219
0.0195145
0.0191884
0.0188436
0.0184803
0.0180991
0.0177006
0.0172856
0.016855
0.0164102
0.0159523
0.0154831
0.0150042
0.0145174
0.0140247
0.0135283
0.0130303
0.0125329
0.0120383
0.0115489
0.0110667
0.0105938
0.0101321
0.00968351
0.00924951
0.00883143
0.00843036
0.00804711
0.00768219
0.00733587
0.0070081
0.00669863
0.00640694
0.00613234
0.00587399
0.00563089
0.00540201
0.00518622
0.00498243
0.00478952
0.00460644
0.00443219
0.00426583
0.00410652
0.00395347
0.00380599
0.00366346
0.00352534
0.00339113
0.0032604
0.00313277
0.0030079
0.00288548
0.00276523
0.00264692
0.00253032
0.00241522
0.00230144
0.00218882
0.00207721
0.00196649
0.00185653
0.00174726
0.00163858
0.00153044
0.0014228
0.00131564
0.00120896
0.00110279
0.000997204
0.000892287
0.000788189
0.000685119
0.000583369
0.000483361
0.000385713
0.000291379
0.000201948
0.000120237
5.18997e-05
6.49633e-06
0.0212424
0.0210932
0.0209325
0.0207571
0.020567
0.020362
0.0201417
0.0199054
0.0196527
0.0193832
0.0190967
0.0187931
0.0184724
0.0181348
0.0177805
0.0174101
0.0170241
0.0166234
0.0162089
0.0157819
0.0153435
0.0148953
0.0144388
0.0139759
0.0135082
0.0130379
0.0125667
0.0120969
0.0116303
0.011169
0.010715
0.01027
0.0098358
0.00941387
0.00900559
0.00861207
0.00823421
0.00787266
0.00752781
0.00719982
0.0068886
0.00659387
0.00631512
0.00605173
0.00580291
0.00556779
0.00534544
0.00513488
0.00493515
0.00474527
0.00456434
0.00439149
0.00422589
0.00406681
0.00391357
0.00376556
0.00362222
0.00348307
0.00334766
0.00321559
0.00308652
0.00296012
0.00283611
0.00271422
0.00259423
0.00247591
0.00235908
0.00224356
0.0021292
0.00201585
0.0019034
0.00179174
0.00168079
0.00157047
0.00146075
0.0013516
0.001243
0.00113499
0.00102763
0.000920995
0.000815239
0.000710563
0.000607262
0.000505755
0.000406666
0.000310953
0.000220185
0.000137071
6.65456e-05
1.76904e-05
0.0207172
0.0205738
0.0204202
0.0202533
0.0200731
0.0198794
0.0196719
0.01945
0.0192133
0.0189613
0.0186939
0.0184108
0.0181121
0.0177978
0.0174681
0.0171233
0.016764
0.0163908
0.0160045
0.0156059
0.0151963
0.0147768
0.0143489
0.0139139
0.0134736
0.0130296
0.0125838
0.0121378
0.0116936
0.0112529
0.0108177
0.0103895
0.00997005
0.00956079
0.00916306
0.00877801
0.00840659
0.00804954
0.00770737
0.00738039
0.00706868
0.00677212
0.00649042
0.00622312
0.00596962
0.00572923
0.00550118
0.00528462
0.00507873
0.00488264
0.00469553
0.00451658
0.00434506
0.00418023
0.00402146
0.00386814
0.00371974
0.00357575
0.00343574
0.0032993
0.00316607
0.00303572
0.00290796
0.0027825
0.00265912
0.00253758
0.00241768
0.00229925
0.0021821
0.00206611
0.00195113
0.00183706
0.0017238
0.00161128
0.00149944
0.00138825
0.0012777
0.00116781
0.00105862
0.000950231
0.000842769
0.000736437
0.000631526
0.000528454
0.00042784
0.000330633
0.000238355
0.000153555
8.04502e-05
2.75404e-05
0.020215
0.0200774
0.0199305
0.0197716
0.0196006
0.0194175
0.0192219
0.0190132
0.018791
0.0185551
0.018305
0.0180407
0.0177621
0.0174691
0.0171619
0.0168407
0.0165059
0.016158
0.0157976
0.0154255
0.0150426
0.0146499
0.0142487
0.0138401
0.0134257
0.0130068
0.0125851
0.0121622
0.0117397
0.0113193
0.0109027
0.0104913
0.0100869
0.00969075
0.0093042
0.00892839
0.00856432
0.00821278
0.00787439
0.00754956
0.00723852
0.00694131
0.00665778
0.00638766
0.00613051
0.0058858
0.00565291
0.00543115
0.00521979
0.0050181
0.00482533
0.00464075
0.00446366
0.00429341
0.00412937
0.00397096
0.00381766
0.00366898
0.00352448
0.00338374
0.00324642
0.00311217
0.00298068
0.00285168
0.00272492
0.00260016
0.00247719
0.00235582
0.00223588
0.00211722
0.00199969
0.00188318
0.00176758
0.00165282
0.00153884
0.00142558
0.00131304
0.00120122
0.00109018
0.000979982
0.000870766
0.000762727
0.000656147
0.000551439
0.000449214
0.000350394
0.000256432
0.000169681
9.36633e-05
3.62961e-05
0.0197339
0.0196019
0.0194615
0.0193102
0.0191479
0.0189746
0.0187899
0.0185934
0.0183847
0.0181634
0.0179293
0.0176822
0.0174219
0.0171484
0.0168618
0.0165623
0.01625
0.0159254
0.015589
0.0152413
0.0148833
0.0145156
0.0141394
0.0137556
0.0133656
0.0129706
0.012572
0.0121712
0.0117698
0.0113691
0.0109708
0.0105763
0.010187
0.00980428
0.0094294
0.00906349
0.00870754
0.00836241
0.00802878
0.00770714
0.00739785
0.00710106
0.00681679
0.00654489
0.00628509
0.006037
0.00580014
0.00557396
0.00535786
0.00515119
0.00495332
0.00476359
0.00458136
0.00440603
0.00423701
0.00407375
0.00391576
0.00376254
0.00361368
0.00346876
0.00332742
0.00318933
0.00305417
0.00292165
0.00279153
0.00266356
0.00253753
0.00241323
0.00229049
0.00216914
0.00204904
0.00193007
0.00181212
0.00169509
0.00157892
0.00146357
0.001349
0.00123522
0.00112228
0.00101023
0.000899217
0.000789416
0.000681107
0.000574692
0.000470764
0.000370211
0.000274395
0.000185447
0.000106238
4.41581e-05
0.0192721
0.0191456
0.0190115
0.0188674
0.0187132
0.0185491
0.0183747
0.0181895
0.0179931
0.0177854
0.0175659
0.0173345
0.0170911
0.0168355
0.0165679
0.0162881
0.0159966
0.0156934
0.0153791
0.0150542
0.0147191
0.0143748
0.0140219
0.0136615
0.0132945
0.0129221
0.0125455
0.012166
0.0117848
0.0114034
0.0110231
0.0106452
0.010271
0.00990195
0.00953911
0.00918361
0.00883646
0.00849851
0.0081705
0.007853
0.00754644
0.0072511
0.00696709
0.00669441
0.00643292
0.00618237
0.00594241
0.0057126
0.00549247
0.00528148
0.00507908
0.0048847
0.00469777
0.00451774
0.00434407
0.00417624
0.00401378
0.00385622
0.00370315
0.00355417
0.00340893
0.00326707
0.0031283
0.00299232
0.00285888
0.00272772
0.00259863
0.00247141
0.00234586
0.00222183
0.00209915
0.0019777
0.00185737
0.00173805
0.00161968
0.00150219
0.00138556
0.00126979
0.0011549
0.00104097
0.000928102
0.000816487
0.000706387
0.000598192
0.00049247
0.000390062
0.000292226
0.000200857
0.000118227
5.12875e-05
0.0188282
0.0187069
0.0185789
0.0184416
0.0182951
0.0181396
0.0179748
0.0178001
0.0176152
0.0174199
0.0172139
0.0169971
0.0167691
0.01653
0.0162797
0.0160182
0.0157457
0.0154624
0.0151686
0.0148646
0.014551
0.0142283
0.0138973
0.0135587
0.0132134
0.0128624
0.0125067
0.0121475
0.0117858
0.011423
0.0110602
0.0106987
0.0103397
0.00998435
0.00963381
0.00928914
0.00895133
0.00862123
0.0082996
0.00798708
0.00768414
0.00739117
0.00710838
0.00683587
0.00657361
0.00632149
0.00607926
0.00584661
0.00562318
0.00540853
0.0052022
0.0050037
0.00481253
0.0046282
0.00445023
0.00427813
0.00411145
0.00394977
0.00379268
0.00363979
0.00349076
0.00334524
0.00320294
0.00306356
0.00292684
0.00279254
0.00266042
0.00253029
0.00240195
0.00227522
0.00214996
0.00202603
0.0019033
0.00178167
0.00166106
0.00154142
0.0014227
0.0013049
0.00118803
0.00107216
0.000957403
0.00084392
0.000731968
0.000621917
0.000514308
0.000409924
0.00030991
0.00021592
0.000129683
5.78139e-05
0.0184007
0.0182846
0.0181623
0.0180315
0.0178924
0.017745
0.017589
0.0174241
0.0172499
0.0170662
0.0168726
0.0166691
0.0164554
0.0162315
0.0159972
0.0157525
0.0154976
0.0152326
0.0149576
0.0146731
0.0143793
0.0140768
0.0137662
0.0134481
0.0131232
0.0127924
0.0124566
0.0121167
0.0117738
0.0114289
0.0110832
0.0107378
0.0103937
0.0100521
0.00971402
0.00938049
0.00905245
0.00873075
0.00841617
0.00810936
0.00781086
0.00752111
0.00724041
0.00696894
0.0067068
0.00645395
0.00621028
0.00597557
0.00574956
0.00553191
0.00532225
0.00512018
0.00492527
0.00473707
0.00455517
0.00437913
0.00420852
0.00404296
0.00388204
0.00372542
0.00357274
0.00342369
0.00327795
0.00313525
0.00299532
0.00285792
0.00272281
0.00258979
0.00245867
0.00232927
0.00220143
0.002075
0.00194986
0.00182591
0.00170305
0.00158122
0.00146039
0.00134052
0.00122164
0.0011038
0.000987098
0.000871694
0.000757826
0.000645845
0.000536255
0.000429778
0.000327435
0.000230647
0.000140656
6.3841e-05
0.0179883
0.0178771
0.0177604
0.0176359
0.0175036
0.0173639
0.0172163
0.0170605
0.0168962
0.0167232
0.0165412
0.0163501
0.0161496
0.0159396
0.01572
0.0154909
0.0152522
0.015004
0.0147466
0.01448
0.0142047
0.013921
0.0136294
0.0133305
0.0130248
0.012713
0.012396
0.0120746
0.0117496
0.0114221
0.0110929
0.0107631
0.0104338
0.0101058
0.00978029
0.0094581
0.00914017
0.00882733
0.00852035
0.0082199
0.00792655
0.00764079
0.00736298
0.00709339
0.00683218
0.00657943
0.0063351
0.00609908
0.00587121
0.00565123
0.00543885
0.00523376
0.0050356
0.004844
0.00465856
0.00447892
0.0043047
0.00413551
0.003971
0.00381084
0.00365468
0.00350223
0.00335317
0.00320724
0.00306418
0.00292374
0.00278569
0.00264983
0.00251596
0.00238389
0.00225347
0.00212456
0.00199701
0.00187072
0.0017456
0.00162157
0.00149859
0.00137663
0.00125571
0.00113585
0.00101716
0.000899784
0.000783939
0.000669952
0.00055829
0.000449605
0.000344793
0.00024505
0.000151192
6.94525e-05
0.0175897
0.0174834
0.017372
0.0172535
0.0171278
0.0169953
0.0168555
0.0167083
0.0165533
0.0163902
0.016219
0.0160393
0.015851
0.0156539
0.015448
0.0152332
0.0150095
0.014777
0.0145357
0.0142859
0.0140277
0.0137615
0.0134876
0.0132066
0.0129189
0.0126251
0.0123259
0.012022
0.0117141
0.0114032
0.01109
0.0107755
0.0104606
0.0101462
0.00983318
0.00952245
0.00921488
0.00891126
0.00861234
0.0083188
0.00803122
0.00775014
0.00747595
0.00720899
0.0069495
0.0066976
0.00645337
0.00621678
0.00598774
0.00576608
0.00555161
0.00534407
0.00514318
0.00494862
0.00476008
0.00457721
0.00439969
0.00422717
0.00405932
0.00389583
0.00373638
0.00358068
0.00342844
0.0032794
0.0031333
0.00298989
0.00284897
0.00271031
0.00257372
0.00243902
0.00230605
0.00217465
0.00204469
0.00191606
0.00178867
0.00166242
0.00153728
0.0014132
0.00129019
0.00116829
0.00104757
0.000928164
0.00081028
0.000694215
0.00058039
0.000469387
0.000361978
0.000259143
0.000161334
7.47157e-05
0.017204
0.0171024
0.0169962
0.0168833
0.0167639
0.0166382
0.0165058
0.0163666
0.0162203
0.0160665
0.0159052
0.0157362
0.0155592
0.0153741
0.0151808
0.0149793
0.0147695
0.0145514
0.0143252
0.0140908
0.0138486
0.0135987
0.0133414
0.0130771
0.0128063
0.0125294
0.012247
0.0119597
0.0116682
0.0113732
0.0110755
0.0107758
0.010475
0.0101738
0.00987327
0.00957405
0.00927699
0.00898286
0.00869237
0.0084062
0.00812495
0.00784914
0.00757924
0.0073156
0.00705853
0.00680822
0.0065648
0.00632834
0.0060988
0.00587612
0.00566016
0.00545073
0.00524763
0.00505061
0.00485938
0.00467368
0.00449321
0.00431766
0.00414674
0.00398016
0.00381762
0.00365885
0.00350358
0.00335155
0.00320252
0.00305625
0.00291252
0.00277112
0.00263186
0.00249457
0.00235906
0.0022252
0.00209285
0.00196188
0.00183221
0.00170373
0.00157641
0.00145019
0.00132507
0.00120108
0.00107829
0.000956807
0.000836824
0.000718608
0.000602533
0.000489109
0.000378983
0.000272942
0.000171121
7.96851e-05
0.0168302
0.0167331
0.0166318
0.0165244
0.016411
0.0162917
0.0161663
0.0160347
0.0158964
0.0157514
0.0155994
0.0154402
0.0152737
0.0150997
0.0149182
0.014729
0.0145321
0.0143274
0.0141151
0.0138951
0.0136677
0.013433
0.0131912
0.0129426
0.0126876
0.0124267
0.0121601
0.0118886
0.0116127
0.0113329
0.01105
0.0107646
0.0104775
0.0101894
0.00990114
0.0096134
0.00932694
0.00904249
0.00876073
0.00848231
0.00820784
0.00793784
0.0076728
0.00741311
0.0071591
0.00691105
0.00666912
0.00643345
0.00620408
0.005981
0.00576415
0.0055534
0.00534862
0.00514961
0.00495615
0.00476802
0.00458496
0.00440671
0.00423301
0.00406358
0.00389818
0.00373654
0.00357841
0.00342354
0.0032717
0.00312266
0.00297621
0.00283215
0.00269029
0.00255044
0.00241244
0.00227614
0.00214141
0.00200812
0.00187616
0.00174545
0.00161593
0.00148755
0.0013603
0.0012342
0.00110929
0.000985683
0.000863543
0.000743105
0.000624697
0.000508755
0.000395807
0.000286461
0.000180587
8.44046e-05
0.0164672
0.0163746
0.0162781
0.0161758
0.0160681
0.0159549
0.0158362
0.0157116
0.015581
0.0154441
0.0153008
0.0151509
0.0149942
0.0148306
0.0146599
0.0144821
0.0142972
0.014105
0.0139056
0.013699
0.0134854
0.0132648
0.0130375
0.0128036
0.0125635
0.0123175
0.0120659
0.0118093
0.0115481
0.0112829
0.0110142
0.0107426
0.0104689
0.0101936
0.00991738
0.00964103
0.00936519
0.00909053
0.00881771
0.00854736
0.00828004
0.00801631
0.00775663
0.00750145
0.00725111
0.00700592
0.00676612
0.00653187
0.00630329
0.00608042
0.00586326
0.00565175
0.00544581
0.0052453
0.00505007
0.00485992
0.00467464
0.00449403
0.00431785
0.00414587
0.00397784
0.00381354
0.00365273
0.00349518
0.00334067
0.00318899
0.00303993
0.00289329
0.00274888
0.00260654
0.0024661
0.0023274
0.00219031
0.0020547
0.00192047
0.00178753
0.00165581
0.00152525
0.00139585
0.00126759
0.00114053
0.00101476
0.000890406
0.00076768
0.000646862
0.00052831
0.000412446
0.000299715
0.000189764
8.89101e-05
0.0161144
0.016026
0.0159341
0.0158369
0.0157346
0.0156272
0.0155148
0.0153969
0.0152734
0.0151442
0.015009
0.0148677
0.0147201
0.0145662
0.0144057
0.0142385
0.0140647
0.0138841
0.0136967
0.0135026
0.0133019
0.0130945
0.0128806
0.0126605
0.0124343
0.0122024
0.011965
0.0117225
0.0114754
0.011224
0.0109689
0.0107107
0.0104498
0.0101869
0.00992258
0.00965747
0.00939221
0.0091274
0.00886367
0.0086016
0.00834175
0.00808466
0.0078308
0.00758061
0.00733447
0.00709271
0.00685561
0.00662338
0.00639617
0.00617409
0.00595719
0.00574547
0.00553889
0.00533738
0.00514081
0.00494907
0.00476197
0.00457935
0.00440101
0.00422675
0.00405636
0.00388963
0.00372634
0.0035663
0.00340928
0.00325508
0.00310352
0.0029544
0.00280754
0.00266277
0.00251993
0.00237887
0.00223946
0.00210156
0.00196507
0.00182991
0.00169598
0.00156324
0.00143166
0.00130123
0.00117199
0.001044
0.000917383
0.000792307
0.000669004
0.000547762
0.000428898
0.000312717
0.000198679
9.32308e-05
0.0157709
0.0156867
0.0155992
0.0155068
0.0154096
0.0153079
0.0152013
0.0150898
0.0149731
0.0148511
0.0147235
0.0145903
0.0144512
0.0143063
0.0141552
0.013998
0.0138345
0.0136647
0.0134886
0.0133061
0.0131173
0.0129223
0.0127211
0.0125138
0.0123007
0.012082
0.011858
0.0116288
0.011395
0.0111569
0.0109148
0.0106693
0.0104209
0.01017
0.00991731
0.00966327
0.00940848
0.00915352
0.00889896
0.00864534
0.0083932
0.00814306
0.00789538
0.00765062
0.00740915
0.00717133
0.00693747
0.00670779
0.00648252
0.00626178
0.00604568
0.00583427
0.00562756
0.00542552
0.00522809
0.00503518
0.00484665
0.00466239
0.00448222
0.00430599
0.00413351
0.00396459
0.00379905
0.00363669
0.00347732
0.00332077
0.00316683
0.00301534
0.00286612
0.002719
0.00257384
0.00243047
0.00228878
0.00214862
0.0020099
0.00187252
0.00173639
0.00160146
0.00146769
0.00133507
0.00120361
0.00107337
0.00094444
0.000816956
0.000691101
0.000567097
0.000445162
0.000325478
0.000207355
9.73906e-05
0.0154361
0.0153559
0.0152727
0.0151849
0.0150927
0.0149962
0.0148953
0.0147898
0.0146795
0.0145642
0.0144438
0.0143182
0.0141871
0.0140506
0.0139084
0.0137604
0.0136066
0.0134469
0.0132812
0.0131096
0.012932
0.0127485
0.0125591
0.0123639
0.0121631
0.0119568
0.0117453
0.0115288
0.0113076
0.011082
0.0108524
0.0106192
0.0103827
0.0101436
0.00990214
0.00965894
0.0094145
0.00916933
0.00892396
0.00867889
0.00843465
0.0081917
0.00795052
0.00771154
0.00747516
0.00724173
0.00701158
0.00678497
0.00656214
0.00634327
0.00612849
0.0059179
0.00571156
0.00550947
0.00531162
0.00511796
0.00492841
0.00474287
0.00456122
0.00438333
0.00420904
0.00403819
0.00387062
0.00370616
0.00354464
0.00338588
0.00322972
0.00307598
0.0029245
0.00277513
0.00262771
0.00248211
0.00233818
0.0021958
0.00205487
0.00191529
0.00177697
0.00163985
0.00150389
0.00136905
0.00123536
0.00110283
0.000971544
0.000841599
0.000713133
0.000586301
0.000461235
0.000338011
0.000215813
0.000101409
0.0151095
0.0150332
0.014954
0.0148707
0.0147832
0.0146917
0.0145961
0.0144963
0.014392
0.0142831
0.0141695
0.014051
0.0139275
0.0137988
0.0136649
0.0135256
0.0133808
0.0132305
0.0130746
0.0129131
0.012746
0.0125732
0.0123949
0.0122111
0.0120218
0.0118273
0.0116276
0.011423
0.0112138
0.0110001
0.0107824
0.0105609
0.010336
0.0101081
0.00987763
0.00964503
0.00941075
0.00917527
0.00893906
0.00870261
0.00846637
0.00823081
0.00799638
0.0077635
0.00753255
0.00730391
0.0070779
0.00685482
0.0066349
0.00641838
0.00620541
0.00599613
0.00579062
0.00558895
0.00539113
0.00519715
0.00500697
0.00482054
0.00463775
0.00445852
0.00428271
0.0041102
0.00394085
0.00377451
0.00361103
0.00345025
0.00329201
0.00313616
0.00298255
0.00283102
0.00268144
0.00253366
0.00238756
0.00224301
0.00209991
0.00195816
0.00181766
0.00167836
0.0015402
0.00140314
0.00126718
0.00113234
0.000998659
0.000866207
0.000735075
0.00060536
0.000477115
0.000350324
0.000224069
0.000105302
0.0147904
0.0147178
0.0146426
0.0145635
0.0144805
0.0143939
0.0143034
0.014209
0.0141104
0.0140075
0.0139003
0.0137885
0.013672
0.0135507
0.0134245
0.0132934
0.0131571
0.0130156
0.0128689
0.0127168
0.0125595
0.0123969
0.0122289
0.0120557
0.0118772
0.0116937
0.0115052
0.0113119
0.011114
0.0109117
0.0107053
0.010495
0.0102812
0.0100642
0.00984433
0.00962204
0.00939772
0.0091718
0.00894469
0.00871684
0.00848868
0.00826064
0.00803315
0.00780661
0.00758141
0.0073579
0.00713641
0.00691726
0.0067007
0.00648697
0.00627627
0.00606875
0.00586454
0.00566373
0.00546637
0.00527249
0.00508208
0.00489512
0.00471156
0.00453131
0.0043543
0.00418041
0.00400953
0.00384154
0.0036763
0.00351368
0.00335354
0.00319572
0.0030401
0.00288654
0.00273489
0.00258502
0.00243682
0.00229016
0.00214493
0.00200104
0.00185839
0.00171692
0.00157656
0.00143727
0.00129904
0.00116186
0.00102575
0.000890748
0.000756906
0.000624261
0.000492799
0.000362424
0.000232139
0.000109082
0.0144784
0.0144094
0.0143381
0.014263
0.0141844
0.0141023
0.0140167
0.0139273
0.0138342
0.013737
0.0136358
0.0135303
0.0134204
0.0133061
0.0131872
0.0130637
0.0129353
0.0128021
0.0126639
0.0125208
0.0123727
0.0122195
0.0120612
0.011898
0.0117297
0.0115566
0.0113786
0.011196
0.0110088
0.0108173
0.0106216
0.0104221
0.0102189
0.0100123
0.00980276
0.0095905
0.00937591
0.00915936
0.00894124
0.00872196
0.0085019
0.00828147
0.00806107
0.00784107
0.00762185
0.00740376
0.00718713
0.00697227
0.00675946
0.00654894
0.00634092
0.0061356
0.00593311
0.00573359
0.00553711
0.00534374
0.0051535
0.00496639
0.00478239
0.00460147
0.00442355
0.00424857
0.00407643
0.00390704
0.00374027
0.003576
0.00341413
0.00325451
0.00309703
0.00294154
0.00278794
0.00263608
0.00248585
0.00233714
0.00218984
0.00204384
0.00189908
0.00175545
0.00161291
0.00147139
0.00133087
0.00119134
0.00105277
0.00091519
0.0007786
0.00064299
0.000508282
0.000374318
0.000240033
0.00011276
0.0141731
0.0141076
0.0140399
0.0139687
0.0138942
0.0138165
0.0137355
0.0136511
0.013563
0.0134713
0.0133757
0.0132762
0.0131726
0.0130648
0.0129528
0.0128364
0.0127155
0.01259
0.0124599
0.0123251
0.0121855
0.0120412
0.0118921
0.0117382
0.0115796
0.0114162
0.0112482
0.0110756
0.0108986
0.0107174
0.0105319
0.0103426
0.0101496
0.0099531
0.00975344
0.0095509
0.00934578
0.00913841
0.00892915
0.00871836
0.00850638
0.0082936
0.00808037
0.00786706
0.00765403
0.0074416
0.00723012
0.00701987
0.00681115
0.0066042
0.00639926
0.00619653
0.00599618
0.00579835
0.00560316
0.00541069
0.00522099
0.0050341
0.00485003
0.00466876
0.00449026
0.00431448
0.00414135
0.00397079
0.00380272
0.00363703
0.00347361
0.00331236
0.00315316
0.0029959
0.00284045
0.0026867
0.00253453
0.00238385
0.00223453
0.00208649
0.00193964
0.00179389
0.00164918
0.00150544
0.00136264
0.00122073
0.00107969
0.0009395
0.000800134
0.000661531
0.00052356
0.000386009
0.000247762
0.000116344
0.0138741
0.013812
0.0137478
0.0136804
0.0136098
0.0135363
0.0134597
0.0133799
0.0132967
0.0132101
0.0131199
0.013026
0.0129283
0.0128267
0.0127211
0.0126114
0.0124975
0.0123793
0.0122567
0.0121298
0.0119983
0.0118623
0.0117218
0.0115767
0.0114271
0.011273
0.0111143
0.0109513
0.0107839
0.0106123
0.0104367
0.0102571
0.0100738
0.00988699
0.00969688
0.00950373
0.00930781
0.00910941
0.00890885
0.00870642
0.00850247
0.00829733
0.00809134
0.00788482
0.00767812
0.00747156
0.00726545
0.00706009
0.00685577
0.00665273
0.00645122
0.00625145
0.00605361
0.00585786
0.00566433
0.00547313
0.00528435
0.00509804
0.00491424
0.00473296
0.00455419
0.0043779
0.00420406
0.0040326
0.00386347
0.00369656
0.00353181
0.0033691
0.00320835
0.00304945
0.00289229
0.00273676
0.00258275
0.00243017
0.00227892
0.00212889
0.00198
0.00183216
0.0016853
0.00153935
0.00139426
0.00124998
0.00110646
0.000963644
0.000821481
0.000679868
0.000538626
0.000397499
0.000255332
0.000119841
0.0135811
0.0135222
0.0134614
0.0133976
0.0133308
0.0132613
0.0131889
0.0131135
0.0130349
0.0129531
0.012868
0.0127794
0.0126873
0.0125916
0.012492
0.0123886
0.0122813
0.01217
0.0120545
0.0119349
0.0118111
0.0116829
0.0115505
0.0114137
0.0112726
0.0111271
0.0109773
0.0108233
0.010665
0.0105027
0.0103363
0.010166
0.00999202
0.00981447
0.00963355
0.00944947
0.00926247
0.00907281
0.00888074
0.00868656
0.00849055
0.00829301
0.00809426
0.0078946
0.00769434
0.0074938
0.00729326
0.00709302
0.00689335
0.00669452
0.00649675
0.00630027
0.00610529
0.00591197
0.00572047
0.00553091
0.00534341
0.00515803
0.00497484
0.00479387
0.00461514
0.00443865
0.00426437
0.00409228
0.00392231
0.00375442
0.00358853
0.00342457
0.00326244
0.00310205
0.00294331
0.00278612
0.00263039
0.00247601
0.00232289
0.00217093
0.00202006
0.00187017
0.0017212
0.00157306
0.0014257
0.00127905
0.00113303
0.000987586
0.000842616
0.000697983
0.000553472
0.000408789
0.000262748
0.000123256
0.0132938
0.0132381
0.0131805
0.0131201
0.013057
0.0129913
0.0129229
0.0128516
0.0127775
0.0127003
0.01262
0.0125365
0.0124496
0.0123593
0.0122655
0.0121681
0.012067
0.0119621
0.0118533
0.0117406
0.0116239
0.0115032
0.0113784
0.0112494
0.0111163
0.010979
0.0108375
0.010692
0.0105424
0.0103888
0.0102312
0.0100698
0.0099047
0.00973601
0.00956392
0.00938859
0.00921023
0.00902904
0.00884527
0.00865916
0.00847097
0.00828097
0.00808944
0.00789666
0.00770292
0.0075085
0.00731369
0.00711876
0.00692397
0.00672959
0.00653585
0.00634296
0.00615115
0.0059606
0.00577146
0.00558388
0.00539799
0.00521387
0.00503162
0.00485129
0.00467291
0.0044965
0.00432208
0.00414961
0.00397907
0.00381043
0.00364362
0.00347858
0.00331525
0.00315354
0.00299337
0.00283466
0.00267731
0.00252123
0.00236633
0.00221253
0.00205973
0.00190784
0.00175679
0.0016065
0.00145689
0.00130787
0.00115937
0.00101129
0.000863509
0.000715859
0.000568089
0.000419876
0.000270013
0.000126592
0.0130121
0.0129593
0.0129049
0.0128478
0.0127882
0.0127261
0.0126615
0.0125942
0.0125242
0.0124514
0.0123757
0.0122969
0.012215
0.0121299
0.0120416
0.0119498
0.0118545
0.0117557
0.0116532
0.011547
0.0114371
0.0113233
0.0112056
0.011084
0.0109584
0.0108288
0.0106953
0.0105578
0.0104164
0.010271
0.0101219
0.0099689
0.00981227
0.00965208
0.00948846
0.00932155
0.00915152
0.00897856
0.00880286
0.00862465
0.00844414
0.00826158
0.00807722
0.00789131
0.00770411
0.00751589
0.00732692
0.00713745
0.00694773
0.00675801
0.00656853
0.00637951
0.00619116
0.00600366
0.00581719
0.00563191
0.00544795
0.00526543
0.00508443
0.00490504
0.00472732
0.00455129
0.00437699
0.00420441
0.00403356
0.00386439
0.00369688
0.00353098
0.00336663
0.00320377
0.00304233
0.00288223
0.00272338
0.00256572
0.00240914
0.00225357
0.00209891
0.00194509
0.00179201
0.0016396
0.00148775
0.00133639
0.00118542
0.00103472
0.000884132
0.000733475
0.000582465
0.000430759
0.000277129
0.000129852
0.0127357
0.0126858
0.0126344
0.0125805
0.0125241
0.0124655
0.0124045
0.012341
0.012275
0.0122064
0.0121349
0.0120607
0.0119835
0.0119033
0.0118201
0.0117336
0.0116438
0.0115507
0.0114542
0.0113542
0.0112506
0.0111433
0.0110324
0.0109177
0.0107992
0.010677
0.0105509
0.010421
0.0102873
0.0101499
0.0100086
0.00986372
0.00971518
0.00956311
0.0094076
0.00924878
0.0090868
0.00892179
0.00875393
0.00858341
0.00841043
0.00823519
0.00805791
0.00787883
0.00769818
0.00751621
0.00733314
0.00714924
0.00696474
0.00677987
0.00659486
0.00640993
0.00622529
0.00604112
0.00585761
0.00567492
0.00549319
0.00531256
0.00513312
0.00495498
0.0047782
0.00460284
0.00442894
0.00425652
0.00408559
0.00391614
0.00374815
0.00358159
0.00341642
0.00325259
0.00309003
0.00292869
0.00276849
0.00260935
0.0024512
0.00229395
0.00213752
0.00198182
0.00182677
0.00167227
0.00151824
0.00136457
0.00121114
0.00105782
0.000904455
0.000750811
0.000596589
0.00044143
0.000284094
0.000133037
0.0124645
0.0124174
0.0123688
0.0123179
0.0122647
0.0122094
0.0121519
0.012092
0.0120298
0.0119651
0.0118977
0.0118278
0.0117551
0.0116795
0.0116011
0.0115196
0.0114351
0.0113474
0.0112564
0.0111622
0.0110645
0.0109635
0.0108589
0.0107508
0.010639
0.0105237
0.0104047
0.010282
0.0101556
0.0100256
0.00989194
0.00975466
0.00961383
0.00946951
0.00932178
0.00917074
0.00901649
0.00885916
0.00869891
0.00853587
0.00837023
0.00820217
0.00803188
0.00785956
0.00768542
0.00750969
0.00733259
0.00715434
0.00697516
0.00679528
0.00661492
0.00643428
0.00625356
0.00607297
0.00589267
0.00571284
0.00553362
0.00535516
0.00517757
0.00500096
0.00482541
0.00465099
0.00447776
0.00430576
0.004135
0.00396551
0.00379726
0.00363026
0.00346446
0.00329984
0.00313634
0.00297391
0.00281248
0.002652
0.00249238
0.00233355
0.00217543
0.00201794
0.00186098
0.00170446
0.00154828
0.00139232
0.00123647
0.00108058
0.000924446
0.000767843
0.000610447
0.000451885
0.000290909
0.000136147
0.0121985
0.012154
0.0121082
0.0120601
0.01201
0.0119578
0.0119035
0.0118471
0.0117885
0.0117275
0.011664
0.0115981
0.0115296
0.0114585
0.0113846
0.0113078
0.0112282
0.0111456
0.01106
0.0109712
0.0108792
0.0107839
0.0106854
0.0105834
0.010478
0.0103692
0.0102568
0.010141
0.0100216
0.00989861
0.00977212
0.00964212
0.00950864
0.00937172
0.00923143
0.00908783
0.00894103
0.00879111
0.0086382
0.00848243
0.00832395
0.0081629
0.00799947
0.00783382
0.00766614
0.00749664
0.00732551
0.00715295
0.00697918
0.0068044
0.00662882
0.00645263
0.00627604
0.00609922
0.00592236
0.00574563
0.00556918
0.00539315
0.00521768
0.00504286
0.00486881
0.0046956
0.00452331
0.00435198
0.00418164
0.00401234
0.00384407
0.00367683
0.00351061
0.00334538
0.0031811
0.00301774
0.00285524
0.00269355
0.00253258
0.00237228
0.00221257
0.00205336
0.00189455
0.00173607
0.00157779
0.00141961
0.00126137
0.00110293
0.000944072
0.000784549
0.000624023
0.000462114
0.000297568
0.000139183
0.0119375
0.0118955
0.0118523
0.011807
0.0117597
0.0117105
0.0116594
0.0116063
0.011551
0.0114935
0.0114338
0.0113717
0.0113072
0.0112402
0.0111706
0.0110984
0.0110234
0.0109456
0.0108649
0.0107813
0.0106947
0.0106049
0.010512
0.0104159
0.0103165
0.0102138
0.0101078
0.00999832
0.00988549
0.00976924
0.00964957
0.00952648
0.00939999
0.00927013
0.00913695
0.00900049
0.00886083
0.00871804
0.00857223
0.0084235
0.00827197
0.00811777
0.00796104
0.00780195
0.00764066
0.00747733
0.00731216
0.00714532
0.006977
0.0068074
0.0066367
0.0064651
0.00629278
0.00611993
0.00594671
0.0057733
0.00559984
0.00542648
0.00525337
0.00508061
0.00490831
0.00473656
0.00456545
0.00439504
0.00422537
0.00405649
0.00388841
0.00372115
0.0035547
0.00338906
0.00322419
0.00306006
0.00289664
0.00273387
0.00257168
0.00241002
0.00224882
0.00208798
0.00192741
0.00176703
0.00160672
0.00144635
0.00128579
0.00112484
0.000963301
0.000800903
0.000637302
0.000472109
0.000304068
0.000142144
0.0116815
0.011642
0.0116012
0.0115585
0.011514
0.0114677
0.0114195
0.0113695
0.0113174
0.0112633
0.0112071
0.0111486
0.0110879
0.0110248
0.0109593
0.0108913
0.0108207
0.0107475
0.0106715
0.0105927
0.0105111
0.0104265
0.010339
0.0102484
0.0101546
0.0100578
0.00995766
0.00985433
0.00974773
0.00963783
0.00952463
0.0094081
0.00928827
0.00916514
0.00903875
0.00890912
0.00877631
0.00864038
0.00850141
0.00835948
0.00821469
0.00806715
0.00791698
0.00776432
0.0076093
0.00745208
0.00729282
0.00713168
0.00696884
0.00680447
0.00663874
0.00647183
0.00630391
0.00613517
0.00596576
0.00579585
0.00562559
0.00545512
0.00528459
0.00511412
0.00494381
0.00477377
0.00460408
0.00443482
0.00426605
0.00409782
0.00393015
0.00376308
0.00359661
0.00343074
0.00326546
0.00310074
0.00293655
0.00277284
0.00260957
0.00244667
0.00228407
0.0021217
0.00195947
0.00179727
0.00163499
0.00147251
0.00130966
0.00114626
0.000982096
0.000816881
0.000650264
0.000481858
0.000310403
0.000145026
0.0114305
0.0113933
0.0113549
0.0113147
0.0112728
0.0112292
0.0111839
0.0111367
0.0110878
0.0110368
0.0109839
0.0109289
0.0108717
0.0108124
0.0107507
0.0106867
0.0106202
0.0105513
0.0104798
0.0104056
0.0103287
0.010249
0.0101665
0.0100811
0.00999272
0.00990133
0.00980687
0.00970931
0.00960861
0.00950473
0.00939765
0.00928737
0.00917387
0.00905715
0.00893723
0.00881413
0.00868789
0.00855854
0.00842615
0.00829078
0.00815251
0.00801144
0.00786765
0.00772127
0.00757241
0.00742121
0.0072678
0.00711233
0.00695496
0.00679583
0.00663511
0.00647297
0.00630956
0.00614504
0.00597959
0.00581334
0.00564646
0.00547907
0.00531133
0.00514335
0.00497526
0.00480714
0.00463911
0.00447123
0.00430358
0.00413621
0.00396918
0.0038025
0.00363621
0.00347031
0.00330479
0.00313964
0.00297484
0.00281035
0.00264612
0.00248211
0.00231824
0.00215445
0.00199063
0.0018267
0.00166253
0.001498
0.00133294
0.00116716
0.00100042
0.000832454
0.000662892
0.000491349
0.000316568
0.000147829
0.0111846
0.0111495
0.0111134
0.0110756
0.0110361
0.0109951
0.0109525
0.0109081
0.010862
0.0108141
0.0107643
0.0107126
0.0106588
0.0106029
0.0105449
0.0104847
0.0104221
0.0103572
0.0102899
0.01022
0.0101476
0.0100726
0.00999484
0.00991433
0.009831
0.0097448
0.00965567
0.00956356
0.00946844
0.00937026
0.009269
0.00916464
0.00905715
0.00894654
0.00883279
0.00871593
0.00859596
0.00847293
0.00834686
0.00821781
0.00808585
0.00795103
0.00781345
0.00767319
0.00753035
0.00738505
0.00723741
0.00708755
0.00693561
0.00678173
0.00662604
0.00646871
0.00630987
0.00614968
0.00598829
0.00582585
0.00566249
0.00549836
0.00533359
0.0051683
0.00500261
0.00483663
0.00467046
0.00450418
0.00433786
0.00417158
0.00400538
0.0038393
0.00367338
0.00350763
0.00334205
0.00317665
0.0030114
0.00284628
0.00268124
0.00251624
0.00235122
0.00218611
0.00202082
0.00185525
0.00168928
0.00152277
0.00135557
0.00118747
0.00101825
0.000847597
0.000675167
0.000500571
0.000322554
0.000150549
0.0109437
0.0109108
0.0108768
0.0108412
0.0108041
0.0107655
0.0107254
0.0106837
0.0106404
0.0105953
0.0105485
0.0104998
0.0104492
0.0103967
0.0103421
0.0102854
0.0102265
0.0101655
0.0101021
0.0100363
0.00996813
0.00989744
0.00982419
0.00974831
0.00966974
0.00958844
0.00950434
0.00941739
0.00932755
0.00923477
0.00913902
0.00904028
0.00893851
0.00883369
0.00872583
0.00861491
0.00850095
0.00838395
0.00826395
0.00814098
0.00801509
0.00788632
0.00775475
0.00762044
0.00748348
0.00734396
0.00720198
0.00705765
0.00691109
0.00676242
0.00661177
0.00645927
0.00630505
0.00614925
0.00599202
0.00583348
0.00567378
0.00551304
0.0053514
0.00518897
0.00502587
0.00486222
0.0046981
0.00453361
0.00436883
0.00420382
0.00403866
0.00387338
0.00370802
0.0035426
0.00337715
0.00321166
0.00304612
0.00288052
0.00271482
0.00254897
0.00238293
0.00221661
0.00204995
0.00188284
0.00171516
0.00154677
0.00137751
0.00120718
0.00103553
0.000862281
0.000687066
0.000509508
0.000328354
0.000153183
0.0107081
0.0106771
0.0106452
0.0106117
0.0105768
0.0105405
0.0105028
0.0104636
0.0104229
0.0103805
0.0103364
0.0102907
0.0102431
0.0101937
0.0101423
0.010089
0.0100336
0.00997615
0.0099165
0.00985459
0.00979039
0.00972381
0.00965479
0.00958328
0.00950922
0.00943254
0.00935318
0.00927111
0.00918626
0.00909859
0.00900807
0.00891464
0.0088183
0.008719
0.00861672
0.00851147
0.00840324
0.00829202
0.00817783
0.0080607
0.00794065
0.00781771
0.00769195
0.00756341
0.00743216
0.00729828
0.00716185
0.00702296
0.00688171
0.0067382
0.00659255
0.00644487
0.00629529
0.00614393
0.00599092
0.00583637
0.00568042
0.0055232
0.00536482
0.00520539
0.00504505
0.00488388
0.004722
0.00455948
0.00439642
0.00423289
0.00406894
0.00390465
0.00374003
0.00357514
0.00340998
0.00324458
0.00307891
0.00291298
0.00274676
0.0025802
0.00241326
0.00224586
0.00207794
0.00190939
0.0017401
0.00156992
0.00139869
0.00122621
0.00105224
0.000876477
0.000698572
0.000518148
0.00033396
0.000155728
0.0104777
0.0104485
0.0104185
0.0103871
0.0103543
0.0103202
0.0102847
0.0102479
0.0102096
0.0101698
0.0101284
0.0100853
0.0100406
0.00999412
0.00994584
0.00989568
0.00984359
0.00978951
0.00973336
0.00967509
0.00961463
0.00955193
0.00948691
0.00941952
0.0093497
0.00927738
0.00920251
0.00912504
0.00904491
0.00896207
0.00887648
0.0087881
0.0086969
0.00860283
0.00850588
0.00840602
0.00830324
0.00819754
0.00808891
0.00797737
0.00786293
0.00774561
0.00762546
0.0075025
0.00737679
0.00724839
0.00711737
0.0069838
0.00684777
0.00670936
0.00656866
0.00642579
0.00628084
0.00613393
0.00598517
0.00583467
0.00568256
0.00552894
0.00537393
0.00521764
0.00506018
0.00490166
0.00474216
0.00458179
0.00442062
0.00425873
0.00409618
0.00393305
0.00376936
0.00360515
0.00344047
0.00327531
0.00310968
0.00294357
0.00277697
0.00260984
0.00244213
0.00227379
0.00210472
0.00193485
0.00176405
0.00159218
0.00141908
0.00124455
0.00106834
0.00089016
0.000709661
0.000526475
0.000339363
0.000158179
0.0102526
0.0102252
0.0101971
0.0101675
0.0101367
0.0101047
0.0100714
0.0100367
0.0100007
0.00996331
0.00992439
0.00988394
0.00984189
0.00979819
0.00975279
0.00970561
0.00965661
0.00960572
0.00955288
0.00949803
0.00944111
0.00938205
0.0093208
0.00925729
0.00919146
0.00912326
0.00905262
0.00897949
0.00890381
0.00882554
0.00874463
0.00866102
0.00857469
0.00848558
0.00839368
0.00829895
0.00820137
0.00810092
0.00799761
0.00789141
0.00778235
0.00767043
0.00755567
0.0074381
0.00731775
0.00719468
0.00706892
0.00694055
0.00680962
0.00667621
0.00654041
0.00640229
0.00626195
0.00611948
0.00597499
0.00582858
0.00568035
0.0055304
0.00537885
0.0052258
0.00507135
0.00491559
0.00475862
0.00460054
0.00444141
0.00428133
0.00412035
0.00395853
0.00379593
0.00363259
0.00346853
0.00330378
0.00313834
0.00297221
0.00280538
0.00263782
0.00246948
0.0023003
0.00213022
0.00195914
0.00178694
0.00161349
0.00143862
0.00126214
0.00108379
0.000903302
0.000720315
0.000534477
0.000344555
0.000160534
0.0100331
0.0100074
0.00998089
0.00995315
0.0099242
0.0098941
0.00986282
0.00983029
0.00979646
0.00976129
0.00972471
0.00968669
0.00964716
0.00960607
0.00956338
0.00951901
0.00947291
0.00942503
0.0093753
0.00932367
0.00927007
0.00921445
0.00915674
0.00909688
0.00903481
0.00897048
0.00890383
0.00883479
0.00876332
0.00868936
0.00861286
0.00853377
0.00845204
0.00836764
0.00828052
0.00819066
0.00809802
0.00800258
0.00790433
0.00780324
0.00769932
0.00759257
0.007483
0.00737062
0.00725544
0.00713752
0.00701687
0.00689355
0.00676761
0.0066391
0.0065081
0.00637467
0.00623889
0.00610084
0.00596061
0.00581829
0.00567398
0.00552776
0.00537973
0.00522999
0.00507864
0.00492575
0.00477144
0.00461577
0.00445883
0.00430069
0.00414142
0.00398108
0.00381973
0.0036574
0.00349412
0.00332993
0.00316484
0.00299884
0.00283192
0.00266406
0.00249522
0.00232535
0.00215437
0.0019822
0.00180872
0.0016338
0.00145727
0.00127894
0.00109857
0.000915876
0.000730514
0.000542138
0.000349526
0.000162789
0.00981917
0.00979504
0.00977018
0.00974413
0.00971694
0.00968867
0.00965928
0.00962872
0.00959693
0.00956388
0.0095295
0.00949376
0.0094566
0.00941797
0.00937782
0.00933609
0.00929272
0.00924766
0.00920086
0.00915225
0.00910177
0.00904938
0.008995
0.00893858
0.00888005
0.00881937
0.00875647
0.00869129
0.00862378
0.00855388
0.00848154
0.00840671
0.00832934
0.00824939
0.0081668
0.00808155
0.0079936
0.00790292
0.00780949
0.00771328
0.00761427
0.00751247
0.00740787
0.00730046
0.00719027
0.00707732
0.00696161
0.00684319
0.0067221
0.00659838
0.00647207
0.00634324
0.00621196
0.00607828
0.00594229
0.00580405
0.00566366
0.00552119
0.00537673
0.00523036
0.00508218
0.00493225
0.00478068
0.00462754
0.0044729
0.00431684
0.00415941
0.00400069
0.00384072
0.00367955
0.00351721
0.00335373
0.00318912
0.00302339
0.00285653
0.00268851
0.00251931
0.00234887
0.00217712
0.00200398
0.00182934
0.00165306
0.00147499
0.00129493
0.00111264
0.000927859
0.000740238
0.000549445
0.00035427
0.000164939
0.0096111
0.00958844
0.0095651
0.00954063
0.00951509
0.00948854
0.00946093
0.00943222
0.00940235
0.00937128
0.00933898
0.00930538
0.00927044
0.00923411
0.00919635
0.00915709
0.00911628
0.00907388
0.00902982
0.00898404
0.0089365
0.00888713
0.00883588
0.00878269
0.00872749
0.00867023
0.00861086
0.00854931
0.00848553
0.00841945
0.00835104
0.00828023
0.00820697
0.00813122
0.00805292
0.00797204
0.00788854
0.00780237
0.00771352
0.00762194
0.00752762
0.00743054
0.00733069
0.00722806
0.00712266
0.00701448
0.00690354
0.00678987
0.00667347
0.0065544
0.00643268
0.00630835
0.00618148
0.00605211
0.0059203
0.00578612
0.00564963
0.00551091
0.00537004
0.00522708
0.00508211
0.00493522
0.00478647
0.00463594
0.0044837
0.00432982
0.00417437
0.00401739
0.00385893
0.00369905
0.00353778
0.00337515
0.00321116
0.00304584
0.00287917
0.00271113
0.00254169
0.00237081
0.00219842
0.00202443
0.00184875
0.00167124
0.00149174
0.00131006
0.00112598
0.000939228
0.00074947
0.000556387
0.000358777
0.000166981
0.00940904
0.00938776
0.00936583
0.00934285
0.00931887
0.00929392
0.00926798
0.009241
0.00921293
0.00918373
0.00915335
0.00912176
0.0090889
0.00905474
0.0090192
0.00898226
0.00894386
0.00890394
0.00886245
0.00881933
0.00877454
0.00872801
0.00867969
0.00862952
0.00857745
0.00852341
0.00846735
0.00840921
0.00834893
0.00828646
0.00822174
0.00815471
0.00808533
0.00801354
0.00793929
0.00786254
0.00778324
0.00770135
0.00761684
0.00752966
0.0074398
0.00734722
0.0072519
0.00715384
0.00705302
0.00694943
0.00684308
0.00673397
0.00662212
0.00650755
0.00639029
0.00627035
0.00614779
0.00602264
0.00589494
0.00576477
0.00563215
0.00549717
0.00535988
0.00522034
0.00507863
0.0049348
0.00478894
0.00464109
0.00449134
0.00433973
0.00418634
0.0040312
0.00387438
0.00371592
0.00355584
0.00339417
0.00323094
0.00306615
0.0028998
0.00273187
0.00256233
0.00239114
0.00221823
0.00204352
0.00186692
0.00168829
0.00150749
0.00132432
0.00113857
0.000949964
0.000758196
0.000562951
0.000363041
0.000168913
0.00921318
0.0091932
0.0091726
0.00915101
0.00912847
0.00910502
0.00908064
0.00905528
0.00902889
0.00900144
0.00897287
0.00894316
0.00891225
0.0088801
0.00884666
0.00881188
0.00877572
0.00873812
0.00869904
0.00865841
0.00861619
0.00857232
0.00852675
0.00847942
0.00843027
0.00837924
0.00832629
0.00827134
0.00821435
0.00815526
0.00809401
0.00803054
0.00796481
0.00789675
0.00782632
0.00775346
0.00767813
0.00760029
0.00751988
0.00743688
0.00735124
0.00726294
0.00717195
0.00707823
0.00698179
0.00688259
0.00678064
0.00667593
0.00656846
0.00645824
0.00634528
0.0062296
0.00611124
0.00599021
0.00586655
0.00574031
0.00561152
0.00548023
0.0053465
0.00521038
0.00507192
0.00493119
0.00478824
0.00464313
0.00449592
0.00434666
0.00419541
0.00404222
0.00388713
0.00373018
0.0035714
0.00341083
0.00324847
0.00308434
0.00291843
0.00275073
0.0025812
0.00240982
0.00223652
0.00206122
0.00188382
0.0017042
0.00152221
0.00133767
0.00115037
0.000960049
0.000766401
0.000569128
0.000367055
0.00017073
0.00902376
0.00900498
0.00898562
0.00896533
0.00894414
0.0089221
0.00889917
0.00887532
0.0088505
0.00882467
0.00879779
0.00876983
0.00874073
0.00871047
0.00867898
0.00864623
0.00861216
0.00857673
0.00853989
0.00850159
0.00846177
0.00842039
0.00837738
0.0083327
0.00828629
0.00823808
0.00818803
0.00813608
0.00808218
0.00802625
0.00796825
0.00790813
0.00784582
0.00778127
0.00771442
0.00764523
0.00757365
0.00749962
0.0074231
0.00734404
0.0072624
0.00717816
0.00709126
0.00700169
0.00690941
0.00681441
0.00671666
0.00661616
0.00651289
0.00640685
0.00629806
0.0061865
0.0060722
0.00595518
0.00583546
0.00571306
0.00558802
0.00546038
0.00533017
0.00519743
0.00506222
0.00492459
0.00478457
0.00464223
0.0044976
0.00435074
0.0042017
0.00405052
0.00389724
0.0037419
0.00358453
0.00342514
0.00326376
0.0031004
0.00293504
0.00276769
0.00259831
0.00242686
0.00225328
0.0020775
0.00189942
0.00171894
0.00153589
0.00135011
0.00116138
0.000969471
0.000774074
0.00057491
0.000370815
0.000172431
0.008841
0.00882334
0.00880514
0.00878605
0.00876612
0.00874538
0.00872381
0.00870137
0.00867801
0.00865369
0.00862839
0.00860206
0.00857465
0.00854614
0.00851647
0.0084856
0.00845349
0.00842008
0.00838533
0.0083492
0.00831162
0.00827255
0.00823194
0.00818973
0.00814587
0.0081003
0.00805297
0.00800381
0.00795279
0.00789983
0.00784487
0.00778788
0.00772878
0.00766752
0.00760404
0.00753829
0.00747023
0.00739979
0.00732692
0.00725159
0.00717373
0.00709332
0.00701031
0.00692466
0.00683634
0.00674533
0.00665159
0.0065551
0.00645586
0.00635384
0.00624903
0.00614145
0.00603108
0.00591794
0.00580203
0.00568338
0.005562
0.00543792
0.00531117
0.00518178
0.00504979
0.00491523
0.00477815
0.00463857
0.00449656
0.00435213
0.00420535
0.00405624
0.00390483
0.00375117
0.00359528
0.00343717
0.00327687
0.00311437
0.00294968
0.00278278
0.00261364
0.00244223
0.0022685
0.00209236
0.00191373
0.00173249
0.00154851
0.00136161
0.00117159
0.000978219
0.000781209
0.000580291
0.000374316
0.000174015
0.00866516
0.00864855
0.00863141
0.00861345
0.00859469
0.00857516
0.00855485
0.00853371
0.0085117
0.0084888
0.00846495
0.00844013
0.0084143
0.00838742
0.00835944
0.00833032
0.00830002
0.00826849
0.00823569
0.00820157
0.00816608
0.00812917
0.00809078
0.00805087
0.00800939
0.00796627
0.00792147
0.00787493
0.00782659
0.00777639
0.00772428
0.00767021
0.00761411
0.00755593
0.0074956
0.00743309
0.00736832
0.00730125
0.00723182
0.00715999
0.0070857
0.0070089
0.00692955
0.00684762
0.00676305
0.00667581
0.00658588
0.00649322
0.00639781
0.00629962
0.00619864
0.00609486
0.00598827
0.00587887
0.00576665
0.00565163
0.00553381
0.0054132
0.00528984
0.00516373
0.0050349
0.00490338
0.0047692
0.00463239
0.00449298
0.00435101
0.00420651
0.0040595
0.00391002
0.0037581
0.00360375
0.003447
0.00328785
0.0031263
0.00296237
0.00279602
0.00262724
0.00245598
0.00228219
0.00210581
0.00192673
0.00174487
0.00156007
0.00137217
0.00118099
0.000986288
0.0007878
0.000585268
0.000377556
0.000175479
0.00849653
0.00848088
0.00846473
0.00844781
0.00843013
0.00841172
0.00839258
0.00837265
0.0083519
0.00833029
0.0083078
0.00828439
0.00826001
0.00823463
0.00820822
0.00818072
0.00815211
0.00812232
0.00809132
0.00805907
0.00802551
0.0079906
0.00795428
0.00791651
0.00787724
0.0078364
0.00779395
0.00774983
0.00770399
0.00765637
0.00760691
0.00755556
0.00750226
0.00744695
0.00738957
0.00733007
0.00726839
0.00720447
0.00713826
0.00706971
0.00699876
0.00692536
0.00684947
0.00677103
0.00669
0.00660634
0.00652001
0.00643097
0.0063392
0.00624466
0.00614732
0.00604718
0.0059442
0.00583839
0.00572972
0.00561819
0.00550381
0.00538658
0.0052665
0.00514359
0.00501786
0.00488932
0.004758
0.00462393
0.00448711
0.00434758
0.00420537
0.00406048
0.00391296
0.00376281
0.00361006
0.00345472
0.00329679
0.00313628
0.00297317
0.00280746
0.00263912
0.00246811
0.00229438
0.00211785
0.00193845
0.00175606
0.00157057
0.0013818
0.00118957
0.000993678
0.000793846
0.000589839
0.000380535
0.000176824
0.0083354
0.00832063
0.00830541
0.00828944
0.00827275
0.00825539
0.00823732
0.0082185
0.00819891
0.00817851
0.00815727
0.00813515
0.00811211
0.00808813
0.00806316
0.00803717
0.0080101
0.00798193
0.0079526
0.00792208
0.0078903
0.00785724
0.00782284
0.00778705
0.00774982
0.00771109
0.00767082
0.00762895
0.00758543
0.0075402
0.0074932
0.00744438
0.00739368
0.00734104
0.0072864
0.00722971
0.0071709
0.00710993
0.00704673
0.00698124
0.00691342
0.00684321
0.00677054
0.00669539
0.00661768
0.00653738
0.00645445
0.00636884
0.0062805
0.00618942
0.00609554
0.00599885
0.00589932
0.00579693
0.00569165
0.00558348
0.00547241
0.00535842
0.00524152
0.00512171
0.00499898
0.00487336
0.00474484
0.00461345
0.00447919
0.00434208
0.00420214
0.00405938
0.00391382
0.00376548
0.00361435
0.00346046
0.0033038
0.00314438
0.00298217
0.00281718
0.00264936
0.00247868
0.00230509
0.00212853
0.0019489
0.0017661
0.00158002
0.0013905
0.00119736
0.00100039
0.000799352
0.000594006
0.000383254
0.00017805
0.00818209
0.00816815
0.00815376
0.00813867
0.00812291
0.00810649
0.00808941
0.00807162
0.0080531
0.0080338
0.00801371
0.00799278
0.00797099
0.00794829
0.00792465
0.00790004
0.0078744
0.00784771
0.00781992
0.00779099
0.00776086
0.00772951
0.00769687
0.0076629
0.00762756
0.00759078
0.00755253
0.00751273
0.00747135
0.00742833
0.00738361
0.00733713
0.00728883
0.00723867
0.00718657
0.00713249
0.00707636
0.00701812
0.00695771
0.00689508
0.00683017
0.00676293
0.00669329
0.0066212
0.0065466
0.00646946
0.00638971
0.00630731
0.00622222
0.00613439
0.00604378
0.00595036
0.00585409
0.00575495
0.0056529
0.00554793
0.00544001
0.00532913
0.00521528
0.00509845
0.00497863
0.00485583
0.00473003
0.00460125
0.0044695
0.00433476
0.00419707
0.00405641
0.00391281
0.00376626
0.00361678
0.00346436
0.00330901
0.00315072
0.00298947
0.00282525
0.00265802
0.00248775
0.00231439
0.00213787
0.00195811
0.00177501
0.00158846
0.00139829
0.00120436
0.00100645
0.000804323
0.000597776
0.000385716
0.000179159
0.00803697
0.00802378
0.00801016
0.00799588
0.00798095
0.00796541
0.00794924
0.00793239
0.00791484
0.00789656
0.00787752
0.00785768
0.00783702
0.0078155
0.00779308
0.00776973
0.00774541
0.00772008
0.0076937
0.00766623
0.00763762
0.00760783
0.00757681
0.00754452
0.00751091
0.00747593
0.00743952
0.00740164
0.00736223
0.00732124
0.00727861
0.00723429
0.00718822
0.00714034
0.00709059
0.00703891
0.00698525
0.00692954
0.00687172
0.00681174
0.00674953
0.00668504
0.00661821
0.00654897
0.00647728
0.00640307
0.0063263
0.00624691
0.00616484
0.00608006
0.00599252
0.00590218
0.00580898
0.00571291
0.00561391
0.00551197
0.00540705
0.00529913
0.00518819
0.00507421
0.00495718
0.00483708
0.00471391
0.00458766
0.00445833
0.00432591
0.0041904
0.00405181
0.00391014
0.00376538
0.00361753
0.0034666
0.00331257
0.00315543
0.00299517
0.00283177
0.00266519
0.0024954
0.00232234
0.00214594
0.00196614
0.00178283
0.0015959
0.0014052
0.00121058
0.00101185
0.000808772
0.000601155
0.000387924
0.000180152
0.00790043
0.00788792
0.007875
0.00786145
0.00784729
0.00783255
0.0078172
0.00780121
0.00778455
0.00776719
0.00774911
0.00773027
0.00771064
0.00769019
0.00766889
0.00764669
0.00762357
0.00759948
0.00757439
0.00754825
0.00752102
0.00749266
0.00746313
0.00743237
0.00740034
0.007367
0.00733229
0.00729616
0.00725855
0.00721943
0.00717872
0.00713638
0.00709234
0.00704655
0.00699896
0.0069495
0.0068981
0.00684472
0.00678929
0.00673175
0.00667204
0.00661009
0.00654585
0.00647925
0.00641024
0.00633876
0.00626474
0.00618814
0.0061089
0.00602697
0.00594229
0.00585481
0.00576449
0.00567129
0.00557516
0.00547607
0.00537398
0.00526886
0.00516067
0.0050494
0.00493501
0.00481749
0.00469683
0.004573
0.004446
0.00431581
0.00418243
0.00404585
0.00390605
0.00376304
0.00361681
0.00346735
0.00331464
0.00315867
0.00299942
0.00283687
0.00267098
0.00250171
0.00232901
0.00215281
0.00197304
0.00178961
0.00160239
0.00141126
0.00121607
0.00101662
0.000812714
0.000604155
0.000389889
0.000181034
0.00777289
0.00776099
0.00774872
0.00773583
0.00772236
0.00770834
0.00769373
0.00767852
0.00766267
0.00764615
0.00762894
0.007611
0.00759231
0.00757283
0.00755254
0.00753139
0.00750935
0.00748639
0.00746247
0.00743754
0.00741156
0.0073845
0.00735631
0.00732695
0.00729636
0.00726451
0.00723134
0.0071968
0.00716084
0.00712341
0.00708445
0.00704391
0.00700173
0.00695786
0.00691223
0.00686479
0.00681547
0.00676422
0.00671097
0.00665566
0.00659823
0.00653862
0.00647675
0.00641258
0.00634604
0.00627707
0.0062056
0.00613157
0.00605494
0.00597563
0.0058936
0.00580878
0.00572114
0.00563061
0.00553715
0.00544072
0.00534127
0.00523876
0.00513316
0.00502443
0.00491254
0.00479746
0.00467917
0.00455764
0.00443286
0.0043048
0.00417345
0.0040388
0.00390082
0.00375951
0.00361485
0.00346682
0.00331541
0.00316061
0.00300237
0.00284069
0.00267551
0.0025068
0.0023345
0.00215855
0.00197888
0.00179539
0.00160798
0.00141651
0.00122084
0.00102079
0.000816169
0.00060679
0.000391615
0.000181806
0.00765483
0.00764348
0.00763178
0.00761949
0.00760665
0.00759327
0.00757933
0.00756482
0.00754969
0.00753392
0.00751749
0.00750037
0.00748252
0.00746392
0.00744454
0.00742433
0.00740327
0.00738132
0.00735845
0.00733461
0.00730977
0.00728388
0.0072569
0.00722879
0.00719951
0.007169
0.00713722
0.00710411
0.00706964
0.00703374
0.00699636
0.00695745
0.00691696
0.00687481
0.00683097
0.00678535
0.00673792
0.0066886
0.00663733
0.00658405
0.00652869
0.0064712
0.0064115
0.00634954
0.00628525
0.00621856
0.00614942
0.00607775
0.0060035
0.0059266
0.005847
0.00576463
0.00567945
0.00559138
0.00550039
0.00540641
0.00530941
0.00520932
0.00510612
0.00499976
0.0048902
0.0047774
0.00466133
0.00454196
0.00441927
0.00429322
0.00416379
0.00403097
0.00389472
0.00375503
0.00361188
0.00346524
0.0033151
0.00316142
0.00300419
0.00284336
0.00267891
0.00251078
0.00233892
0.00216326
0.00198374
0.00180026
0.00161272
0.001421
0.00122494
0.0010244
0.000819162
0.000609078
0.000393118
0.000182477
0.00754676
0.00753591
0.00752471
0.00751295
0.00750066
0.00748786
0.00747453
0.00746063
0.00744615
0.00743105
0.00741532
0.00739892
0.00738183
0.007364
0.00734543
0.00732606
0.00730588
0.00728483
0.0072629
0.00724003
0.0072162
0.00719135
0.00716546
0.00713847
0.00711035
0.00708104
0.0070505
0.00701868
0.00698553
0.00695101
0.00691504
0.0068776
0.0068386
0.00679801
0.00675576
0.00671179
0.00666604
0.00661845
0.00656896
0.00651751
0.00646402
0.00640844
0.00635069
0.00629072
0.00622846
0.00616384
0.0060968
0.00602726
0.00595517
0.00588046
0.00580306
0.00572292
0.00563996
0.00555414
0.0054654
0.00537366
0.0052789
0.00518104
0.00508004
0.00497585
0.00486843
0.00475773
0.00464372
0.00452635
0.00440559
0.00428142
0.00415378
0.00402267
0.00388804
0.00374988
0.00360816
0.00346284
0.0033139
0.00316131
0.00300505
0.00284506
0.00268132
0.00251377
0.00234237
0.00216704
0.00198771
0.00180429
0.00161668
0.00142477
0.00122842
0.00102746
0.000821716
0.000611035
0.000394405
0.000183049
0.00744926
0.00743884
0.00742809
0.0074168
0.007405
0.00739271
0.0073799
0.00736655
0.00735264
0.00733813
0.00732301
0.00730725
0.00729081
0.00727368
0.00725582
0.00723719
0.00721777
0.00719753
0.00717642
0.00715441
0.00713146
0.00710754
0.0070826
0.0070566
0.0070295
0.00700125
0.00697181
0.00694113
0.00690915
0.00687583
0.00684112
0.00680496
0.0067673
0.00672808
0.00668724
0.00664473
0.00660047
0.00655442
0.00650651
0.00645667
0.00640484
0.00635096
0.00629495
0.00623675
0.0061763
0.00611352
0.00604834
0.00598071
0.00591054
0.00583778
0.00576236
0.00568421
0.00560326
0.00551945
0.00543273
0.00534302
0.00525026
0.00515441
0.0050554
0.00495318
0.0048477
0.00473891
0.00462677
0.00451122
0.00439224
0.00426977
0.00414378
0.00401424
0.00388112
0.00374437
0.00360396
0.00345987
0.00331206
0.0031605
0.00300515
0.00284597
0.00268291
0.00251594
0.00234498
0.00216999
0.00199087
0.00180756
0.00161994
0.0014279
0.00123131
0.00103003
0.000823867
0.000612689
0.000395495
0.000183531
0.00736298
0.00735294
0.00734257
0.00733169
0.00732031
0.00730845
0.0072961
0.00728323
0.0072698
0.00725581
0.00724122
0.007226
0.00721014
0.0071936
0.00717636
0.00715837
0.00713962
0.00712006
0.00709967
0.0070784
0.00705622
0.0070331
0.00700899
0.00698385
0.00695763
0.0069303
0.00690181
0.00687211
0.00684115
0.00680889
0.00677526
0.00674022
0.00670372
0.00666569
0.00662608
0.00658483
0.00654188
0.00649717
0.00645063
0.0064022
0.00635181
0.00629941
0.00624491
0.00618826
0.00612939
0.00606822
0.00600468
0.00593872
0.00587024
0.0057992
0.00572551
0.0056491
0.00556992
0.00548789
0.00540294
0.00531501
0.00522403
0.00512995
0.00503271
0.00493223
0.00482848
0.00472139
0.00461091
0.00449699
0.00437959
0.00425866
0.00413415
0.00400602
0.00387424
0.00373877
0.00359957
0.00345659
0.00330982
0.00315919
0.00300468
0.00284625
0.00268384
0.0025174
0.00234688
0.00217222
0.00199333
0.00181014
0.00162254
0.00143043
0.00123367
0.00103213
0.000825635
0.000614051
0.000396393
0.000183925
0.00728865
0.00727892
0.00726888
0.00725834
0.00724732
0.00723583
0.00722386
0.00721138
0.00719837
0.00718481
0.00717067
0.00715592
0.00714054
0.0071245
0.00710778
0.00709033
0.00707214
0.00705317
0.00703338
0.00701274
0.00699121
0.00696877
0.00694535
0.00692094
0.00689547
0.00686892
0.00684124
0.00681237
0.00678227
0.0067509
0.00671819
0.0066841
0.00664858
0.00661156
0.00657299
0.00653282
0.00649097
0.00644739
0.00640202
0.00635479
0.00630564
0.00625449
0.00620129
0.00614595
0.00608842
0.00602863
0.00596649
0.00590194
0.00583491
0.00576533
0.00569312
0.00561822
0.00554055
0.00546003
0.00537661
0.00529022
0.00520077
0.00510822
0.00501249
0.00491353
0.00481126
0.00470564
0.0045966
0.0044841
0.00436807
0.00424847
0.00412525
0.00399837
0.00386777
0.00373342
0.00359527
0.00345328
0.00330741
0.00315762
0.00300387
0.0028461
0.00268427
0.00251833
0.00234821
0.00217386
0.0019952
0.00181214
0.00162459
0.00143244
0.00123556
0.00103383
0.000827068
0.00061516
0.000397128
0.000184247
0.00722707
0.0072176
0.00720782
0.00719756
0.00718682
0.00717564
0.00716398
0.00715183
0.00713916
0.00712595
0.00711217
0.0070978
0.00708281
0.00706718
0.00705088
0.00703388
0.00701614
0.00699764
0.00697835
0.00695822
0.00693723
0.00691533
0.00689248
0.00686866
0.00684381
0.00681789
0.00679086
0.00676267
0.00673328
0.00670263
0.00667068
0.00663737
0.00660264
0.00656645
0.00652873
0.00648944
0.00644849
0.00640584
0.00636143
0.00631518
0.00626703
0.00621692
0.00616477
0.00611052
0.00605409
0.00599542
0.00593443
0.00587106
0.00580521
0.00573684
0.00566585
0.00559218
0.00551575
0.00543649
0.00535433
0.0052692
0.00518103
0.00508974
0.00499527
0.00489755
0.00479653
0.00469212
0.00458429
0.00447296
0.00435808
0.00423959
0.00411745
0.0039916
0.00386199
0.00372858
0.00359132
0.00345017
0.00330507
0.00315599
0.00300287
0.00284568
0.00268435
0.00251884
0.00234908
0.00217501
0.00199655
0.00181362
0.00162612
0.00143396
0.00123701
0.00103513
0.000828173
0.000616015
0.000397694
0.000184488
0.00717917
0.0071699
0.00716032
0.00715027
0.00713976
0.0071288
0.00711739
0.00710548
0.00709307
0.00708013
0.00706663
0.00705255
0.00703787
0.00702255
0.00700657
0.00698991
0.00697253
0.00695439
0.00693547
0.00691574
0.00689515
0.00687368
0.00685127
0.0068279
0.00680352
0.00677809
0.00675157
0.0067239
0.00669505
0.00666496
0.00663358
0.00660087
0.00656676
0.0065312
0.00649414
0.00645552
0.00641527
0.00637334
0.00632966
0.00628417
0.00623679
0.00618748
0.00613614
0.00608273
0.00602715
0.00596935
0.00590925
0.00584678
0.00578185
0.00571441
0.00564437
0.00557165
0.00549619
0.0054179
0.00533672
0.00525257
0.00516538
0.00507508
0.00498159
0.00488484
0.00478478
0.00468133
0.00457443
0.00446402
0.00435004
0.00423243
0.00411113
0.00398609
0.00385727
0.0037246
0.00358804
0.00344754
0.00330305
0.00315453
0.00300193
0.00284519
0.00268427
0.0025191
0.00234963
0.00217578
0.0019975
0.00181468
0.00162724
0.00143509
0.00123808
0.00103611
0.000829007
0.000616667
0.00039813
0.000184677
0.00714598
0.00713684
0.00712741
0.00711751
0.00710714
0.00709635
0.00708509
0.00707336
0.00706113
0.00704837
0.00703506
0.00702118
0.0070067
0.0069916
0.00697585
0.00695942
0.00694227
0.00692439
0.00690573
0.00688627
0.00686596
0.00684477
0.00682267
0.00679961
0.00677555
0.00675045
0.00672428
0.00669697
0.00666849
0.00663878
0.0066078
0.0065755
0.00654181
0.00650669
0.00647008
0.00643192
0.00639215
0.00635071
0.00630754
0.00626257
0.00621573
0.00616696
0.00611619
0.00606334
0.00600836
0.00595116
0.00589167
0.00582981
0.00576552
0.00569872
0.00562933
0.00555727
0.00548248
0.00540487
0.00532436
0.00524089
0.00515438
0.00506476
0.00497194
0.00487588
0.00477648
0.00467369
0.00456744
0.00445767
0.00434431
0.00422731
0.0041066
0.00398213
0.00385384
0.00372169
0.00358562
0.00344559
0.00330153
0.0031534
0.00300116
0.00284474
0.0026841
0.00251918
0.00234991
0.00217624
0.00199807
0.00181534
0.00162796
0.0014358
0.00123878
0.00103674
0.000829544
0.000617085
0.000398407
0.000184793
0.00712871
0.00711965
0.00711029
0.00710046
0.00709018
0.00707946
0.00706829
0.00705665
0.00704451
0.00703184
0.00701863
0.00700486
0.00699049
0.0069755
0.00695986
0.00694355
0.00692653
0.00690878
0.00689025
0.00687093
0.00685076
0.00682973
0.00680778
0.00678488
0.00676099
0.00673607
0.00671007
0.00668295
0.00665466
0.00662515
0.00659438
0.00656228
0.00652882
0.00649393
0.00645755
0.00641963
0.00638011
0.00633893
0.00629602
0.00625131
0.00620475
0.00615627
0.00610579
0.00605324
0.00599856
0.00594167
0.0058825
0.00582097
0.00575701
0.00569054
0.00562149
0.00554978
0.00547533
0.00539807
0.00531791
0.0052348
0.00514864
0.00505937
0.00496691
0.0048712
0.00477215
0.0046697
0.0045638
0.00445436
0.00434132
0.00422464
0.00410423
0.00398006
0.00385206
0.00372018
0.00358437
0.00344458
0.00330074
0.00315283
0.00300077
0.00284453
0.00268404
0.00251924
0.00235009
0.0021765
0.0019984
0.00181572
0.00162836
0.00143621
0.00123917
0.0010371
0.000829862
0.000617341
0.00039858
0.000184922
)
;

boundaryField
{
    inlet
    {
        type            zeroGradient;
    }
    outlet
    {
        type            fixedValue;
        value           uniform 0;
    }
    topWall
    {
        type            zeroGradient;
    }
    symmetry
    {
        type            zeroGradient;
    }
    bottomWall
    {
        type            zeroGradient;
    }
    frontAndBack
    {
        type            empty;
    }
}


// ************************************************************************* //
