/*--------------------------------*- C++ -*----------------------------------*\
| =========                 |                                                 |
| \\      /  F ield         | OpenFOAM: The Open Source CFD Toolbox           |
|  \\    /   O peration     | Version:  2312                                  |
|   \\  /    A nd           | Website:  www.openfoam.com                      |
|    \\/     M anipulation  |                                                 |
\*---------------------------------------------------------------------------*/
FoamFile
{
    version     2.0;
    format      ascii;
    arch        "LSB;label=32;scalar=64";
    class       volScalarField;
    location    "5110";
    object      p;
}
// * * * * * * * * * * * * * * * * * * * * * * * * * * * * * * * * * * * * * //

dimensions      [0 2 -2 0 0 0 0];

internalField   nonuniform List<scalar> 
1600
(
98.75
96.25
93.75
91.25
88.75
86.25
83.75
81.25
78.75
76.25
73.75
71.25
68.75
66.25
63.75
61.25
58.75
56.25
53.75
51.25
48.75
46.25
43.75
41.25
38.75
36.25
33.75
31.25
28.75
26.25
23.75
21.25
18.75
16.25
13.75
11.25
8.75
6.25
3.75
1.25
98.75
96.25
93.75
91.25
88.75
86.25
83.75
81.25
78.75
76.25
73.75
71.25
68.75
66.25
63.75
61.25
58.75
56.25
53.75
51.25
48.75
46.25
43.75
41.25
38.75
36.25
33.75
31.25
28.75
26.25
23.75
21.25
18.75
16.25
13.75
11.25
8.75
6.25
3.75
1.25
98.75
96.25
93.75
91.25
88.75
86.25
83.75
81.25
78.75
76.25
73.75
71.25
68.75
66.25
63.75
61.25
58.75
56.25
53.75
51.25
48.75
46.25
43.75
41.25
38.75
36.25
33.75
31.25
28.75
26.25
23.75
21.25
18.75
16.25
13.75
11.25
8.75
6.25
3.75
1.25
98.75
96.25
93.75
91.25
88.75
86.25
83.75
81.25
78.75
76.25
73.75
71.25
68.75
66.25
63.75
61.25
58.75
56.25
53.75
51.25
48.75
46.25
43.75
41.25
38.75
36.25
33.75
31.25
28.75
26.25
23.75
21.25
18.75
16.25
13.75
11.25
8.75
6.25
3.75
1.25
98.75
96.25
93.75
91.25
88.75
86.25
83.75
81.25
78.75
76.25
73.75
71.25
68.75
66.25
63.75
61.25
58.75
56.25
53.75
51.25
48.75
46.25
43.75
41.25
38.75
36.25
33.75
31.25
28.75
26.25
23.75
21.25
18.75
16.25
13.75
11.25
8.75
6.25
3.75
1.25
98.75
96.25
93.75
91.25
88.75
86.25
83.75
81.25
78.75
76.25
73.75
71.25
68.75
66.25
63.75
61.25
58.75
56.25
53.75
51.25
48.75
46.25
43.75
41.25
38.75
36.25
33.75
31.25
28.75
26.25
23.75
21.25
18.75
16.25
13.75
11.25
8.75
6.25
3.75
1.25
98.75
96.25
93.75
91.25
88.75
86.25
83.75
81.25
78.75
76.25
73.75
71.25
68.75
66.25
63.75
61.25
58.75
56.25
53.75
51.25
48.75
46.25
43.75
41.25
38.75
36.25
33.75
31.25
28.75
26.25
23.75
21.25
18.75
16.25
13.75
11.25
8.75
6.25
3.75
1.25
98.75
96.25
93.75
91.25
88.75
86.25
83.75
81.25
78.75
76.25
73.75
71.25
68.75
66.25
63.75
61.25
58.75
56.25
53.75
51.25
48.75
46.25
43.75
41.25
38.75
36.25
33.75
31.25
28.75
26.25
23.75
21.25
18.75
16.25
13.75
11.25
8.75
6.25
3.75
1.25
98.75
96.25
93.75
91.25
88.75
86.25
83.75
81.25
78.75
76.25
73.75
71.25
68.75
66.25
63.75
61.25
58.75
56.25
53.75
51.25
48.75
46.25
43.75
41.25
38.75
36.25
33.75
31.25
28.75
26.25
23.75
21.25
18.75
16.25
13.75
11.25
8.75
6.25
3.75
1.25
98.75
96.25
93.75
91.25
88.75
86.25
83.75
81.25
78.75
76.25
73.75
71.25
68.75
66.25
63.75
61.25
58.75
56.25
53.75
51.25
48.75
46.25
43.75
41.25
38.75
36.25
33.75
31.25
28.75
26.25
23.75
21.25
18.75
16.25
13.75
11.25
8.75
6.25
3.75
1.25
98.75
96.25
93.75
91.25
88.75
86.25
83.75
81.25
78.75
76.25
73.75
71.25
68.75
66.25
63.75
61.25
58.75
56.25
53.75
51.25
48.75
46.25
43.75
41.25
38.75
36.25
33.75
31.25
28.75
26.25
23.75
21.25
18.75
16.25
13.75
11.25
8.75
6.25
3.75
1.25
98.75
96.25
93.75
91.25
88.75
86.25
83.75
81.25
78.75
76.25
73.75
71.25
68.75
66.25
63.75
61.25
58.75
56.25
53.75
51.25
48.75
46.25
43.75
41.25
38.75
36.25
33.75
31.25
28.75
26.25
23.75
21.25
18.75
16.25
13.75
11.25
8.75
6.25
3.75
1.25
98.75
96.25
93.75
91.25
88.75
86.25
83.75
81.25
78.75
76.25
73.75
71.25
68.75
66.25
63.75
61.25
58.75
56.25
53.75
51.25
48.75
46.25
43.75
41.25
38.75
36.25
33.75
31.25
28.75
26.25
23.75
21.25
18.75
16.25
13.75
11.25
8.75
6.25
3.75
1.25
98.75
96.25
93.75
91.25
88.75
86.25
83.75
81.25
78.75
76.25
73.75
71.25
68.75
66.25
63.75
61.25
58.75
56.25
53.75
51.25
48.75
46.25
43.75
41.25
38.75
36.25
33.75
31.25
28.75
26.25
23.75
21.25
18.75
16.25
13.75
11.25
8.75
6.25
3.75
1.25
98.75
96.25
93.75
91.25
88.75
86.25
83.75
81.25
78.75
76.25
73.75
71.25
68.75
66.25
63.75
61.25
58.75
56.25
53.75
51.25
48.75
46.25
43.75
41.25
38.75
36.25
33.75
31.25
28.75
26.25
23.75
21.25
18.75
16.25
13.75
11.25
8.75
6.25
3.75
1.25
98.75
96.25
93.75
91.25
88.75
86.25
83.75
81.25
78.75
76.25
73.75
71.25
68.75
66.25
63.75
61.25
58.75
56.25
53.75
51.25
48.75
46.25
43.75
41.25
38.75
36.25
33.75
31.25
28.75
26.25
23.75
21.25
18.75
16.25
13.75
11.25
8.75
6.25
3.75
1.25
98.75
96.25
93.75
91.25
88.75
86.25
83.75
81.25
78.75
76.25
73.75
71.25
68.75
66.25
63.75
61.25
58.75
56.25
53.75
51.25
48.75
46.25
43.75
41.25
38.75
36.25
33.75
31.25
28.75
26.25
23.75
21.25
18.75
16.25
13.75
11.25
8.75
6.25
3.75
1.25
98.75
96.25
93.75
91.25
88.75
86.25
83.75
81.25
78.75
76.25
73.75
71.25
68.75
66.25
63.75
61.25
58.75
56.25
53.75
51.25
48.75
46.25
43.75
41.25
38.75
36.25
33.75
31.25
28.75
26.25
23.75
21.25
18.75
16.25
13.75
11.25
8.75
6.25
3.75
1.25
98.75
96.25
93.75
91.25
88.75
86.25
83.75
81.25
78.75
76.25
73.75
71.25
68.75
66.25
63.75
61.25
58.75
56.25
53.75
51.25
48.75
46.25
43.75
41.25
38.75
36.25
33.75
31.25
28.75
26.25
23.75
21.25
18.75
16.25
13.75
11.25
8.75
6.25
3.75
1.25
98.75
96.25
93.75
91.25
88.75
86.25
83.75
81.25
78.75
76.25
73.75
71.25
68.75
66.25
63.75
61.25
58.75
56.25
53.75
51.25
48.75
46.25
43.75
41.25
38.75
36.25
33.75
31.25
28.75
26.25
23.75
21.25
18.75
16.25
13.75
11.25
8.75
6.25
3.75
1.25
98.75
96.25
93.75
91.25
88.75
86.25
83.75
81.25
78.75
76.25
73.75
71.25
68.75
66.25
63.75
61.25
58.75
56.25
53.75
51.25
48.75
46.25
43.75
41.25
38.75
36.25
33.75
31.25
28.75
26.25
23.75
21.25
18.75
16.25
13.75
11.25
8.75
6.25
3.75
1.25
98.75
96.25
93.75
91.25
88.75
86.25
83.75
81.25
78.75
76.25
73.75
71.25
68.75
66.25
63.75
61.25
58.75
56.25
53.75
51.25
48.75
46.25
43.75
41.25
38.75
36.25
33.75
31.25
28.75
26.25
23.75
21.25
18.75
16.25
13.75
11.25
8.75
6.25
3.75
1.25
98.75
96.25
93.75
91.25
88.75
86.25
83.75
81.25
78.75
76.25
73.75
71.25
68.75
66.25
63.75
61.25
58.75
56.25
53.75
51.25
48.75
46.25
43.75
41.25
38.75
36.25
33.75
31.25
28.75
26.25
23.75
21.25
18.75
16.25
13.75
11.25
8.75
6.25
3.75
1.25
98.75
96.25
93.75
91.25
88.75
86.25
83.75
81.25
78.75
76.25
73.75
71.25
68.75
66.25
63.75
61.25
58.75
56.25
53.75
51.25
48.75
46.25
43.75
41.25
38.75
36.25
33.75
31.25
28.75
26.25
23.75
21.25
18.75
16.25
13.75
11.25
8.75
6.25
3.75
1.25
98.75
96.25
93.75
91.25
88.75
86.25
83.75
81.25
78.75
76.25
73.75
71.25
68.75
66.25
63.75
61.25
58.75
56.25
53.75
51.25
48.75
46.25
43.75
41.25
38.75
36.25
33.75
31.25
28.75
26.25
23.75
21.25
18.75
16.25
13.75
11.25
8.75
6.25
3.75
1.25
98.75
96.25
93.75
91.25
88.75
86.25
83.75
81.25
78.75
76.25
73.75
71.25
68.75
66.25
63.75
61.25
58.75
56.25
53.75
51.25
48.75
46.25
43.75
41.25
38.75
36.25
33.75
31.25
28.75
26.25
23.75
21.25
18.75
16.25
13.75
11.25
8.75
6.25
3.75
1.25
98.75
96.25
93.75
91.25
88.75
86.25
83.75
81.25
78.75
76.25
73.75
71.25
68.75
66.25
63.75
61.25
58.75
56.25
53.75
51.25
48.75
46.25
43.75
41.25
38.75
36.25
33.75
31.25
28.75
26.25
23.75
21.25
18.75
16.25
13.75
11.25
8.75
6.25
3.75
1.25
98.75
96.25
93.75
91.25
88.75
86.25
83.75
81.25
78.75
76.25
73.75
71.25
68.75
66.25
63.75
61.25
58.75
56.25
53.75
51.25
48.75
46.25
43.75
41.25
38.75
36.25
33.75
31.25
28.75
26.25
23.75
21.25
18.75
16.25
13.75
11.25
8.75
6.25
3.75
1.25
98.75
96.25
93.75
91.25
88.75
86.25
83.75
81.25
78.75
76.25
73.75
71.25
68.75
66.25
63.75
61.25
58.75
56.25
53.75
51.25
48.75
46.25
43.75
41.25
38.75
36.25
33.75
31.25
28.75
26.25
23.75
21.25
18.75
16.25
13.75
11.25
8.75
6.25
3.75
1.25
98.75
96.25
93.75
91.25
88.75
86.25
83.75
81.25
78.75
76.25
73.75
71.25
68.75
66.25
63.75
61.25
58.75
56.25
53.75
51.25
48.75
46.25
43.75
41.25
38.75
36.25
33.75
31.25
28.75
26.25
23.75
21.25
18.75
16.25
13.75
11.25
8.75
6.25
3.75
1.25
98.75
96.25
93.75
91.25
88.75
86.25
83.75
81.25
78.75
76.25
73.75
71.25
68.75
66.25
63.75
61.25
58.75
56.25
53.75
51.25
48.75
46.25
43.75
41.25
38.75
36.25
33.75
31.25
28.75
26.25
23.75
21.25
18.75
16.25
13.75
11.25
8.75
6.25
3.75
1.25
98.75
96.25
93.75
91.25
88.75
86.25
83.75
81.25
78.75
76.25
73.75
71.25
68.75
66.25
63.75
61.25
58.75
56.25
53.75
51.25
48.75
46.25
43.75
41.25
38.75
36.25
33.75
31.25
28.75
26.25
23.75
21.25
18.75
16.25
13.75
11.25
8.75
6.25
3.75
1.25
98.75
96.25
93.75
91.25
88.75
86.25
83.75
81.25
78.75
76.25
73.75
71.25
68.75
66.25
63.75
61.25
58.75
56.25
53.75
51.25
48.75
46.25
43.75
41.25
38.75
36.25
33.75
31.25
28.75
26.25
23.75
21.25
18.75
16.25
13.75
11.25
8.75
6.25
3.75
1.25
98.75
96.25
93.75
91.25
88.75
86.25
83.75
81.25
78.75
76.25
73.75
71.25
68.75
66.25
63.75
61.25
58.75
56.25
53.75
51.25
48.75
46.25
43.75
41.25
38.75
36.25
33.75
31.25
28.75
26.25
23.75
21.25
18.75
16.25
13.75
11.25
8.75
6.25
3.75
1.25
98.75
96.25
93.75
91.25
88.75
86.25
83.75
81.25
78.75
76.25
73.75
71.25
68.75
66.25
63.75
61.25
58.75
56.25
53.75
51.25
48.75
46.25
43.75
41.25
38.75
36.25
33.75
31.25
28.75
26.25
23.75
21.25
18.75
16.25
13.75
11.25
8.75
6.25
3.75
1.25
98.75
96.25
93.75
91.25
88.75
86.25
83.75
81.25
78.75
76.25
73.75
71.25
68.75
66.25
63.75
61.25
58.75
56.25
53.75
51.25
48.75
46.25
43.75
41.25
38.75
36.25
33.75
31.25
28.75
26.25
23.75
21.25
18.75
16.25
13.75
11.25
8.75
6.25
3.75
1.25
98.75
96.25
93.75
91.25
88.75
86.25
83.75
81.25
78.75
76.25
73.75
71.25
68.75
66.25
63.75
61.25
58.75
56.25
53.75
51.25
48.75
46.25
43.75
41.25
38.75
36.25
33.75
31.25
28.75
26.25
23.75
21.25
18.75
16.25
13.75
11.25
8.75
6.25
3.75
1.25
98.75
96.25
93.75
91.25
88.75
86.25
83.75
81.25
78.75
76.25
73.75
71.25
68.75
66.25
63.75
61.25
58.75
56.25
53.75
51.25
48.75
46.25
43.75
41.25
38.75
36.25
33.75
31.25
28.75
26.25
23.75
21.25
18.75
16.25
13.75
11.25
8.75
6.25
3.75
1.25
98.75
96.25
93.75
91.25
88.75
86.25
83.75
81.25
78.75
76.25
73.75
71.25
68.75
66.25
63.75
61.25
58.75
56.25
53.75
51.25
48.75
46.25
43.75
41.25
38.75
36.25
33.75
31.25
28.75
26.25
23.75
21.25
18.75
16.25
13.75
11.25
8.75
6.25
3.75
1.25
98.75
96.25
93.75
91.25
88.75
86.25
83.75
81.25
78.75
76.25
73.75
71.25
68.75
66.25
63.75
61.25
58.75
56.25
53.75
51.25
48.75
46.25
43.75
41.25
38.75
36.25
33.75
31.25
28.75
26.25
23.75
21.25
18.75
16.25
13.75
11.25
8.75
6.25
3.75
1.25
)
;

boundaryField
{
    inlet
    {
        type            fixedValue;
        value           uniform 100;
    }
    outlet
    {
        type            fixedValue;
        value           uniform 0;
    }
    walls
    {
        type            zeroGradient;
    }
    movingwall
    {
        type            zeroGradient;
    }
    frontAndBack
    {
        type            empty;
    }
}


// ************************************************************************* //
