/*--------------------------------*- C++ -*----------------------------------*\
| =========                 |                                                 |
| \\      /  F ield         | OpenFOAM: The Open Source CFD Toolbox           |
|  \\    /   O peration     | Version:  2312                                  |
|   \\  /    A nd           | Website:  www.openfoam.com                      |
|    \\/     M anipulation  |                                                 |
\*---------------------------------------------------------------------------*/
FoamFile
{
    version     2.0;
    format      ascii;
    arch        "LSB;label=32;scalar=64";
    class       surfaceScalarField;
    location    "5110";
    object      phi;
}
// * * * * * * * * * * * * * * * * * * * * * * * * * * * * * * * * * * * * * //

dimensions      [0 3 -1 0 0 0 0];

oriented        oriented;

internalField   nonuniform List<scalar> 
3120
(
0.00015625
-9.52821e-15
0.00015625
-8.07664e-15
0.00015625
-4.72116e-15
0.00015625
-9.65941e-15
0.00015625
-1.43451e-13
0.00015625
2.31246e-13
0.00015625
3.47844e-13
0.00015625
-7.32445e-13
0.00015625
-1.56042e-15
0.00015625
7.12398e-13
0.00015625
-7.12271e-13
0.00015625
-1.17721e-15
0.00015625
7.47025e-13
0.00015625
-7.25643e-16
0.00015625
-7.48442e-13
0.00015625
-3.87277e-16
0.00015625
7.10147e-13
0.00015625
-7.15925e-13
0.00015625
-2.37799e-16
0.00015625
7.15411e-13
0.00015625
-7.10647e-13
0.00015625
-6.65023e-17
0.00015625
7.47978e-13
0.00015625
2.33395e-16
0.00015625
-7.47364e-13
0.00015625
1.05202e-15
0.00015625
7.12565e-13
0.00015625
-7.11002e-13
0.00015625
6.3851e-16
0.00015625
7.49217e-13
0.00015625
1.8877e-15
0.00015625
-7.45274e-13
0.00015625
3.59737e-15
0.00015625
7.1533e-13
0.00015625
-7.08912e-13
0.00015625
9.5562e-15
0.00015625
7.28998e-13
0.00015625
-6.94926e-13
0.00015625
7.9967e-15
7.33243e-13
0.000453125
-2.23286e-14
0.000453125
-1.95298e-14
0.000453125
-2.35664e-14
0.000453125
-3.0943e-13
0.000453125
5.15333e-13
0.000453125
3.51349e-13
0.000453125
-1.20153e-12
0.000453125
1.02466e-12
0.000453125
-2.63819e-14
0.000453125
-1.79467e-12
0.000453125
1.79064e-12
0.000453125
4.17158e-14
0.000453125
-2.89484e-13
0.000453125
-2.99346e-15
0.000453125
2.83373e-13
0.000453125
-4.84253e-14
0.000453125
-1.79896e-12
0.000453125
1.7868e-12
0.000453125
-8.48117e-16
0.000453125
-1.78848e-12
0.000453125
1.79732e-12
0.000453125
4.68971e-14
0.000453125
-2.84831e-13
0.000453125
1.72581e-15
0.000453125
2.8873e-13
0.000453125
-4.16281e-14
0.000453125
-1.78913e-12
0.000453125
1.79516e-12
0.000453125
4.79727e-14
0.000453125
-2.8182e-13
0.000453125
6.1704e-15
0.000453125
2.94406e-13
0.000453125
-3.49011e-14
0.000453125
-1.78193e-12
0.000453125
1.80896e-12
0.000453125
2.91785e-14
0.000453125
-1.74612e-12
0.000453125
1.85962e-12
0.000453125
1.48072e-13
-1.19429e-13
0.000734375
-3.28003e-14
0.000734375
-3.97557e-14
0.000734375
-4.81379e-13
0.000734375
7.39848e-13
0.000734375
5.94676e-13
0.000734375
-1.76443e-12
0.000734375
8.10803e-13
0.000734375
6.75501e-13
0.000734375
-1.15613e-12
0.000734375
1.35997e-13
0.000734375
-1.29505e-13
0.000734375
2.27521e-12
0.000734375
-2.4483e-12
0.000734375
-6.61892e-15
0.000734375
2.43465e-12
0.000734375
-2.29015e-12
0.000734375
1.15435e-13
0.000734375
-1.67523e-13
0.000734375
-1.69878e-15
0.000734375
1.64225e-13
0.000734375
-1.1858e-13
0.000734375
2.28709e-12
0.000734375
-2.43734e-12
0.000734375
4.59255e-15
0.000734375
2.44723e-12
0.000734375
-2.27461e-12
0.000734375
1.29382e-13
0.000734375
-1.16612e-13
0.000734375
2.28779e-12
0.000734375
-2.43293e-12
0.000734375
1.16059e-14
0.000734375
2.45618e-12
0.000734375
-2.26461e-12
0.000734375
1.45863e-13
0.000734375
-1.31313e-13
0.000734375
4.07141e-14
0.000734375
2.11505e-13
0.000734375
-7.29725e-14
0.000734375
2.30913e-12
-2.48591e-12
0.001
-4.978e-14
0.001
-6.46779e-13
0.001
9.40784e-13
0.001
8.08537e-13
0.001
-2.2815e-12
0.001
9.99216e-13
0.001
8.64605e-13
0.001
-2.20449e-12
0.001
1.05565e-12
0.001
1.60459e-12
0.001
-1.11304e-13
0.001
-3.35248e-12
0.001
3.19869e-12
0.001
-1.12981e-14
0.001
-3.2219e-12
0.001
3.33068e-12
0.001
7.44042e-14
0.001
-3.13574e-12
0.001
-2.63948e-15
0.001
3.13051e-12
0.001
-7.94904e-14
0.001
-3.33538e-12
0.001
3.21788e-12
0.001
8.39597e-15
0.001
-3.19994e-12
0.001
3.35047e-12
0.001
1.27231e-13
0.001
-1.06364e-13
0.001
-3.3289e-12
0.001
3.22313e-12
0.001
1.73739e-14
0.001
-3.18856e-12
0.001
3.36934e-12
0.001
1.19067e-13
0.001
-3.08472e-12
0.001
5.40723e-14
0.001
3.18966e-12
0.001
-2.68269e-14
0.001
-3.31216e-12
3.16675e-12
0.00125
-7.93281e-13
0.00125
1.12657e-12
0.00125
1.00518e-12
0.00125
-2.77386e-12
0.00125
1.1865e-12
0.00125
1.0538e-12
0.00125
-2.71368e-12
0.00125
1.24781e-12
0.00125
1.13742e-12
0.00125
1.01624e-12
0.00125
-1.95893e-12
0.00125
5.49323e-14
0.00125
-2.07426e-13
0.00125
-1.66494e-14
0.00125
1.7656e-13
0.00125
-9.87417e-14
0.00125
7.40042e-14
0.00125
2.3176e-13
0.00125
-3.69529e-15
0.00125
-2.39197e-13
0.00125
-8.12155e-14
0.00125
9.22778e-14
0.00125
-1.81958e-13
0.00125
1.27396e-14
0.00125
2.02894e-13
0.00125
-4.30776e-14
0.00125
3.80146e-12
0.00125
-3.7719e-12
0.00125
7.37927e-14
0.00125
-1.70198e-13
0.00125
2.29255e-14
0.00125
2.21931e-13
0.00125
-4.70243e-14
0.00125
1.32656e-13
0.00125
2.97753e-13
0.00125
6.96637e-14
0.00125
-1.58903e-13
0.00125
6.32977e-15
0.00125
1.96897e-13
-3.73367e-14
0.00148437
2.1612e-12
0.00148437
1.19356e-12
0.00148437
-3.23627e-12
0.00148437
1.35993e-12
0.00148437
1.23568e-12
0.00148437
-3.18204e-12
0.00148437
1.41313e-12
0.00148437
1.31544e-12
0.00148437
1.21448e-12
0.00148437
-3.21821e-12
0.00148437
1.36651e-12
0.00148437
2.17682e-12
0.00148437
-4.5025e-12
0.00148437
-1.93567e-14
0.00148437
4.45027e-12
0.00148437
-4.39506e-12
0.00148437
6.02968e-14
0.00148437
4.54085e-12
0.00148437
-5.00029e-15
0.00148437
-4.55066e-12
0.00148437
-6.95882e-14
0.00148437
4.38663e-12
0.00148437
-4.45726e-12
0.00148437
1.17218e-14
0.00148437
4.50978e-12
0.00148437
-1.19706e-14
0.00148437
-4.57282e-12
0.00148437
4.61125e-12
0.00148437
5.16339e-14
0.00148437
-4.4678e-12
0.00148437
3.36618e-14
0.00148437
4.50698e-12
0.00148437
-4.33155e-12
0.00148437
1.30697e-13
0.00148437
4.61771e-12
0.00148437
7.67026e-14
0.00148437
-4.46792e-12
0.00148437
6.08101e-15
0.00148437
4.43701e-12
-4.46212e-12
0.00170312
-2.04634e-13
0.00170312
-2.67704e-12
0.00170312
1.52356e-12
0.00170312
1.40392e-12
0.00170312
-3.61615e-12
0.00170312
1.56859e-12
0.00170312
1.47813e-12
0.00170312
1.38814e-12
0.00170312
-3.6448e-12
0.00170312
1.53815e-12
0.00170312
1.42164e-12
0.00170312
-3.60831e-12
0.00170312
2.63488e-12
0.00170312
-3.4192e-14
0.00170312
-5.16326e-12
0.00170312
5.19876e-12
0.00170312
7.40258e-14
0.00170312
-1.45493e-13
0.00170312
-6.37474e-15
0.00170312
1.33105e-13
0.00170312
-8.56021e-14
0.00170312
-5.20922e-12
0.00170312
5.15206e-12
0.00170312
3.66691e-14
0.00170312
-1.6999e-13
0.00170312
-1.7429e-14
0.00170312
1.41307e-13
0.00170312
-9.43822e-14
0.00170312
6.54559e-14
0.00170312
2.20566e-13
0.00170312
1.74598e-14
0.00170312
-5.0936e-12
0.00170312
5.27283e-12
0.00170312
1.54881e-13
0.00170312
-5.86405e-14
0.00170312
8.46431e-14
0.00170312
2.2456e-13
0.00170312
-9.47706e-16
0.00170312
-5.14808e-12
5.16072e-12
0.00190625
-5.67266e-12
0.00190625
-5.34746e-14
0.00190625
2.66273e-12
0.00190625
-4.01574e-12
0.00190625
1.71161e-12
0.00190625
1.62906e-12
0.00190625
1.54682e-12
0.00190625
-4.04197e-12
0.00190625
1.68947e-12
0.00190625
1.58166e-12
0.00190625
-4.00005e-12
0.00190625
1.73483e-12
0.00190625
1.62485e-12
0.00190625
-2.7897e-12
0.00190625
1.08852e-13
0.00190625
-7.88719e-14
0.00190625
5.56019e-12
0.00190625
-5.62092e-12
0.00190625
-7.71495e-15
0.00190625
5.60574e-12
0.00190625
-5.57443e-12
0.00190625
6.40041e-14
0.00190625
-1.11481e-13
0.00190625
5.5323e-12
0.00190625
-5.63888e-12
0.00190625
-1.4773e-14
0.00190625
5.60934e-12
0.00190625
-5.55486e-12
0.00190625
7.05415e-14
0.00190625
5.69695e-12
0.00190625
-5.47078e-12
0.00190625
1.77417e-13
0.00190625
6.81078e-15
0.00190625
5.65023e-12
0.00190625
-5.52476e-12
0.00190625
9.38574e-14
0.00190625
5.71249e-12
0.00190625
-5.4605e-12
0.00190625
2.01809e-13
4.92496e-14
0.00209375
6.14778e-12
0.00209375
-6.68342e-14
0.00209375
-6.25888e-12
0.00209375
3.05111e-12
0.00209375
1.7715e-12
0.00209375
1.69275e-12
0.00209375
-4.4086e-12
0.00209375
1.82627e-12
0.00209375
1.72893e-12
0.00209375
-4.36633e-12
0.00209375
1.86973e-12
0.00209375
1.77427e-12
0.00209375
-4.31704e-12
0.00209375
1.91247e-12
0.00209375
3.09767e-12
0.00209375
-6.66256e-14
0.00209375
-6.266e-12
0.00209375
6.19306e-12
0.00209375
-9.19123e-15
0.00209375
-6.21113e-12
0.00209375
6.24695e-12
0.00209375
5.85936e-14
0.00209375
-9.94552e-14
0.00209375
-6.28397e-12
0.00209375
6.18105e-12
0.00209375
-1.20576e-14
0.00209375
-6.20487e-12
0.00209375
6.26592e-12
0.00209375
7.43112e-14
0.00209375
-6.11659e-12
0.00209375
6.35163e-12
0.00209375
1.71197e-13
0.00209375
1.74153e-14
0.00209375
-6.16683e-12
0.00209375
6.29495e-12
0.00209375
9.56882e-14
0.00209375
-6.10598e-12
0.00209375
6.35223e-12
0.00209375
1.35054e-13
-6.05386e-12
0.00226562
-1.77662e-13
0.00226562
-6.4981e-14
0.00226562
4.64775e-14
0.00226562
-1.10452e-13
0.00226562
3.13066e-12
0.00226562
-4.73998e-12
0.00226562
1.94975e-12
0.00226562
1.86292e-12
0.00226562
-4.70171e-12
0.00226562
1.99285e-12
0.00226562
1.90674e-12
0.00226562
-4.65602e-12
0.00226562
2.03707e-12
0.00226562
1.96915e-12
0.00226562
1.89565e-12
0.00226562
-3.32602e-12
0.00226562
4.55711e-14
0.00226562
-1.3019e-13
0.00226562
-1.08009e-14
0.00226562
1.07262e-13
0.00226562
-5.91299e-14
0.00226562
6.55723e-12
0.00226562
-6.59391e-12
0.00226562
2.56942e-14
0.00226562
-1.35094e-13
0.00226562
-9.76657e-15
0.00226562
1.20038e-13
0.00226562
-5.35653e-14
0.00226562
7.72014e-14
0.00226562
2.04742e-13
0.00226562
4.69702e-14
0.00226562
6.66997e-12
0.00226562
-6.47735e-12
0.00226562
1.42768e-13
0.00226562
-2.0813e-14
0.00226562
9.83147e-14
0.00226562
2.18244e-13
0.00226562
3.13998e-14
0.00226562
1.46567e-13
2.53798e-13
0.00242187
-7.07757e-12
0.00242187
-7.1218e-14
0.00242187
6.96344e-12
0.00242187
-9.99694e-14
0.00242187
-7.17569e-12
0.00242187
3.45091e-12
0.00242187
1.9873e-12
0.00242187
-5.00589e-12
0.00242187
2.1034e-12
0.00242187
2.02665e-12
0.00242187
-4.96188e-12
0.00242187
2.14542e-12
0.00242187
2.08364e-12
0.00242187
2.02271e-12
0.00242187
-4.97452e-12
0.00242187
2.12636e-12
0.00242187
3.47941e-12
0.00242187
-7.04115e-12
0.00242187
-1.40257e-14
0.00242187
7.02224e-12
0.00242187
-3.70879e-14
0.00242187
-7.12062e-12
0.00242187
7.08643e-12
0.00242187
5.59897e-15
0.00242187
-7.04892e-12
0.00242187
-4.5504e-15
0.00242187
7.02428e-12
0.00242187
-6.95374e-12
0.00242187
7.61612e-14
0.00242187
7.12246e-12
0.00242187
7.06164e-14
0.00242187
-7.00699e-12
0.00242187
7.20367e-12
0.00242187
1.23865e-13
0.00242187
-6.93238e-12
0.00242187
1.07502e-13
0.00242187
7.12897e-12
0.00242187
-6.85986e-12
0.00242187
1.53934e-13
7.17703e-12
0.0025625
7.37996e-12
0.0025625
-6.05715e-14
0.0025625
-1.91694e-13
0.0025625
-1.01557e-13
0.0025625
-8.2717e-15
0.0025625
-1.47089e-13
0.0025625
-3.81103e-12
0.0025625
2.20413e-12
0.0025625
2.13401e-12
0.0025625
-5.23568e-12
0.0025625
2.24162e-12
0.0025625
2.18711e-12
0.0025625
2.13347e-12
0.0025625
-5.24583e-12
0.0025625
2.22971e-12
0.0025625
2.16032e-12
0.0025625
-5.21689e-12
0.0025625
3.76333e-12
0.0025625
-9.47641e-15
0.0025625
-1.33155e-13
0.0025625
-4.23728e-14
0.0025625
5.54918e-14
0.0025625
-8.85825e-14
0.0025625
1.14362e-14
0.0025625
1.08024e-13
0.0025625
-1.47293e-14
0.0025625
-7.44041e-12
0.0025625
7.51385e-12
0.0025625
8.91902e-14
0.0025625
-3.18754e-14
0.0025625
6.70936e-14
0.0025625
1.70373e-13
0.0025625
3.00012e-14
0.0025625
1.31707e-13
0.0025625
2.28109e-13
0.0025625
1.03769e-13
0.0025625
-7.32385e-12
0.0025625
7.63073e-12
0.0025625
2.16533e-13
1.24783e-13
0.0026875
-1.5859e-13
0.0026875
7.59932e-12
0.0026875
-7.8325e-12
0.0026875
-9.8179e-14
0.0026875
7.63626e-12
0.0026875
-7.79354e-12
0.0026875
-5.1034e-14
0.0026875
3.76463e-12
0.0026875
-5.47531e-12
0.0026875
2.32557e-12
0.0026875
2.27862e-12
0.0026875
2.23212e-12
0.0026875
-5.48427e-12
0.0026875
2.31672e-12
0.0026875
2.25577e-12
0.0026875
-5.45443e-12
0.0026875
2.34724e-12
0.0026875
2.29414e-12
0.0026875
3.81536e-12
0.0026875
-7.78312e-12
0.0026875
-4.18692e-14
0.0026875
7.69503e-12
0.0026875
-7.72838e-12
0.0026875
1.17591e-14
0.0026875
7.75272e-12
0.0026875
-7.67203e-12
0.0026875
8.47073e-14
0.0026875
-9.47681e-15
0.0026875
7.74794e-12
0.0026875
-7.67525e-12
0.0026875
6.8089e-14
0.0026875
7.81124e-12
0.0026875
-7.60857e-12
0.0026875
1.33543e-13
0.0026875
7.87473e-12
0.0026875
-7.55154e-12
0.0026875
2.01826e-13
0.0026875
1.01514e-13
0.0026875
7.84594e-12
-7.60379e-12
0.00279687
-1.4951e-13
0.00279687
-8.19488e-12
0.00279687
7.96616e-12
0.00279687
-9.44089e-14
0.00279687
-8.1554e-12
0.00279687
8.00559e-12
0.00279687
-5.67891e-14
0.00279687
-8.1105e-12
0.00279687
3.99234e-12
0.00279687
2.35983e-12
0.00279687
2.31866e-12
0.00279687
-5.6905e-12
0.00279687
2.39149e-12
0.00279687
2.33959e-12
0.00279687
-5.66392e-12
0.00279687
2.41864e-12
0.00279687
2.37668e-12
0.00279687
2.33673e-12
0.00279687
-5.6769e-12
0.00279687
4.02901e-12
0.00279687
-4.652e-14
0.00279687
-8.0996e-12
0.00279687
8.06586e-12
0.00279687
1.14031e-14
0.00279687
-8.04216e-12
0.00279687
8.12489e-12
0.00279687
7.64253e-14
0.00279687
-6.54736e-16
0.00279687
-8.04856e-12
0.00279687
8.11989e-12
0.00279687
6.85542e-14
0.00279687
-7.98308e-12
0.00279687
8.18681e-12
0.00279687
1.34444e-13
0.00279687
-7.91853e-12
0.00279687
8.2474e-12
0.00279687
1.9562e-13
0.00279687
1.11888e-13
0.00279687
-7.95017e-12
8.18527e-12
0.00289062
-8.35209e-12
0.00289062
-7.23092e-14
0.00289062
-1.53217e-13
0.00289062
-9.08359e-14
0.00289062
-2.74207e-14
0.00289062
-1.16088e-13
0.00289062
-5.27418e-14
0.00289062
7.76169e-15
0.00289062
-6.92107e-14
0.00289062
4.03877e-12
0.00289062
-5.86317e-12
0.00289062
2.4542e-12
0.00289062
2.41134e-12
0.00289062
-5.84159e-12
0.00289062
2.47823e-12
0.00289062
2.44339e-12
0.00289062
2.40982e-12
0.00289062
-5.84932e-12
0.00289062
2.46995e-12
0.00289062
2.42458e-12
0.00289062
-4.15701e-12
0.00289062
2.10028e-14
0.00289062
-5.90511e-14
0.00289062
1.05814e-14
0.00289062
8.03588e-14
0.00289062
5.84616e-15
0.00289062
8.2946e-12
0.00289062
-8.21935e-12
0.00289062
7.00566e-14
0.00289062
-3.25286e-15
0.00289062
6.83567e-14
0.00289062
1.41367e-13
0.00289062
6.21479e-14
0.00289062
1.34614e-13
0.00289062
2.05459e-13
0.00289062
1.31033e-13
0.00289062
8.41918e-12
0.00289062
-8.09512e-12
0.00289062
1.98949e-13
1.34879e-13
0.00296875
8.42773e-12
0.00296875
-7.65502e-14
0.00296875
-8.56611e-12
0.00296875
-8.49344e-14
0.00296875
8.39144e-12
0.00296875
-8.52696e-12
0.00296875
-5.06738e-14
0.00296875
8.43032e-12
0.00296875
-6.06803e-14
0.00296875
-8.55904e-12
0.00296875
4.1924e-12
0.00296875
2.47212e-12
0.00296875
-5.98708e-12
0.00296875
2.52571e-12
0.00296875
2.4977e-12
0.00296875
2.47104e-12
0.00296875
-5.99297e-12
0.00296875
2.51804e-12
0.00296875
2.48428e-12
0.00296875
-5.97214e-12
0.00296875
2.54106e-12
0.00296875
4.21922e-12
0.00296875
-8.47698e-12
0.00296875
8.87293e-15
0.00296875
8.49805e-12
0.00296875
1.75932e-14
0.00296875
-8.47617e-12
0.00296875
8.55028e-12
0.00296875
5.70769e-14
0.00296875
-8.42239e-12
0.00296875
6.87619e-14
0.00296875
8.55512e-12
0.00296875
-8.35336e-12
0.00296875
1.32678e-13
0.00296875
8.62311e-12
0.00296875
1.4257e-13
0.00296875
-8.35227e-12
0.00296875
8.6711e-12
0.00296875
1.64825e-13
-8.31506e-12
0.00303125
-9.77493e-14
0.00303125
-6.47912e-14
0.00303125
-3.32327e-14
0.00303125
-8.07456e-14
0.00303125
-8.72315e-12
0.00303125
8.5977e-12
0.00303125
-4.45884e-14
0.00303125
-9.2041e-14
0.00303125
-5.97468e-14
0.00303125
-2.61986e-14
0.00303125
-7.83957e-14
0.00303125
-4.37979e-12
0.00303125
2.56187e-12
0.00303125
2.54007e-12
0.00303125
2.52014e-12
0.00303125
-6.1048e-12
0.00303125
2.55421e-12
0.00303125
2.52896e-12
0.00303125
-6.08939e-12
0.00303125
2.57432e-12
0.00303125
2.55442e-12
0.00303125
-6.06077e-12
0.00303125
4.34301e-12
0.00303125
8.52638e-15
0.00303125
-2.83735e-14
0.00303125
1.39382e-14
0.00303125
5.91785e-14
0.00303125
1.35635e-14
0.00303125
5.90631e-14
0.00303125
1.02291e-13
0.00303125
6.56162e-14
0.00303125
-8.56615e-12
0.00303125
8.76515e-12
0.00303125
1.33069e-13
0.00303125
9.57217e-14
0.00303125
1.38191e-13
0.00303125
1.84041e-13
0.00303125
1.40947e-13
0.00303125
2.08379e-13
1.74707e-11
0.00307812
-8.79548e-12
0.00307812
-5.57872e-14
0.00307812
8.68732e-12
0.00307812
-8.79268e-12
0.00307812
-4.18018e-14
0.00307812
-7.20933e-14
0.00307812
8.67894e-12
0.00307812
-8.80066e-12
0.00307812
-5.68595e-14
0.00307812
8.68704e-12
0.00307812
-8.79138e-12
0.00307812
-4.38623e-14
0.00307812
4.3153e-12
0.00307812
2.5576e-12
0.00307812
-6.18427e-12
0.00307812
2.57829e-12
0.00307812
2.56129e-12
0.00307812
-6.17443e-12
0.00307812
2.59289e-12
0.00307812
2.58089e-12
0.00307812
-6.14942e-12
0.00307812
2.62373e-12
0.00307812
2.6157e-12
0.00307812
4.36602e-12
0.00307812
-8.74233e-12
0.00307812
1.29388e-14
0.00307812
8.76862e-12
0.00307812
-8.69718e-12
0.00307812
5.85172e-14
0.00307812
8.8139e-12
0.00307812
-8.6544e-12
0.00307812
1.07609e-13
0.00307812
8.78867e-14
0.00307812
8.84905e-12
0.00307812
-8.621e-12
0.00307812
1.31686e-13
0.00307812
8.88215e-12
0.00307812
-8.59413e-12
0.00307812
1.75744e-11
-3.49036e-11
0.00310937
8.77458e-12
0.00310937
-4.55479e-14
0.00310937
-8.86654e-12
0.00310937
8.77956e-12
0.00310937
-4.35646e-14
0.00310937
-5.76628e-14
0.00310937
-8.8806e-12
0.00310937
8.76615e-12
0.00310937
-5.34769e-14
0.00310937
-8.87307e-12
0.00310937
8.77391e-12
0.00310937
-4.78595e-14
0.00310937
-6.41423e-14
0.00310937
-4.47124e-12
0.00310937
2.59043e-12
0.00310937
2.58189e-12
0.00310937
-6.22738e-12
0.00310937
2.59908e-12
0.00310937
2.59521e-12
0.00310937
-6.20837e-12
0.00310937
2.6243e-12
0.00310937
2.62466e-12
0.00310937
2.62744e-12
0.00310937
-6.17813e-12
0.00310937
4.41967e-12
0.00310937
1.26801e-14
0.00310937
-8.79463e-12
0.00310937
8.86513e-12
0.00310937
5.8339e-14
0.00310937
-8.7489e-12
0.00310937
8.90966e-12
0.00310937
9.79434e-14
0.00310937
9.4511e-14
0.00310937
-8.71835e-12
0.00310937
8.93842e-12
0.00310937
1.29315e-13
0.00310937
-8.6853e-12
0.00310937
2.65787e-11
0.00310937
-4.39177e-11
4.42635e-11
0.003125
-3.60579e-14
0.003125
-3.60303e-14
0.003125
-3.48761e-14
0.003125
-3.77836e-14
0.003125
8.79894e-12
0.003125
-8.8867e-12
0.003125
-4.97054e-14
0.003125
-5.20079e-14
0.003125
-4.97205e-14
0.003125
-4.74034e-14
0.003125
-4.95925e-14
0.003125
8.78776e-12
0.003125
-8.89673e-12
0.003125
-6.06581e-14
0.003125
4.35743e-12
0.003125
-6.24836e-12
0.003125
2.59361e-12
0.003125
2.59736e-12
0.003125
-6.23565e-12
0.003125
2.61243e-12
0.003125
2.61916e-12
0.003125
2.6283e-12
0.003125
-6.20401e-12
0.003125
2.64469e-12
0.003125
2.65507e-12
0.003125
-4.40439e-12
0.003125
2.87989e-14
0.003125
4.30932e-14
0.003125
5.90204e-14
0.003125
7.45829e-14
0.003125
8.45866e-14
0.003125
8.93289e-12
0.003125
-8.74232e-12
0.003125
1.04656e-13
0.003125
1.13671e-13
0.003125
1.15955e-13
0.003125
1.78122e-11
0.003125
-4.40697e-11
0.003125
5.31898e-11
-4.40538e-11
0.003125
-8.84638e-12
0.003125
-2.5357e-14
0.003125
8.79064e-12
0.003125
-2.65146e-14
0.003125
-8.84555e-12
0.003125
8.77161e-12
0.003125
-4.72346e-14
0.003125
-8.86387e-12
0.003125
-4.56468e-14
0.003125
8.77256e-12
0.003125
-4.41034e-14
0.003125
-8.86293e-12
0.003125
8.75464e-12
0.003125
-6.31044e-14
0.003125
-8.87913e-12
0.003125
4.34088e-12
0.003125
2.58693e-12
0.003125
-6.23039e-12
0.003125
2.58818e-12
0.003125
2.60083e-12
0.003125
2.61621e-12
0.003125
-6.20033e-12
0.003125
2.61971e-12
0.003125
2.64025e-12
0.003125
-6.16953e-12
0.003125
2.65541e-12
0.003125
4.43988e-12
0.003125
-8.77515e-12
0.003125
6.16266e-14
0.003125
8.89349e-12
0.003125
8.96587e-14
0.003125
-8.71798e-12
0.003125
8.90937e-12
0.003125
1.02304e-13
0.003125
-8.72025e-12
0.003125
1.77801e-11
0.003125
-3.51715e-11
0.003125
4.42186e-11
0.003125
-4.39575e-11
5.30364e-11
0.00310937
8.72646e-12
0.00310937
-2.28931e-14
0.00310937
8.50416e-15
0.00310937
-1.9344e-14
0.00310937
-4.68078e-14
0.00310937
-1.34038e-14
0.00310937
-4.09063e-14
0.00310937
-6.67961e-14
0.00310937
-4.13272e-14
0.00310937
-1.59262e-14
0.00310937
-4.21238e-14
0.00310937
-7.00569e-14
0.00310937
-3.6899e-14
0.00310937
-6.39891e-14
0.00310937
-9.03436e-14
0.00310937
-5.49765e-14
0.00310937
-4.43931e-12
0.00310937
2.55091e-12
0.00310937
2.57066e-12
0.00310937
2.59131e-12
0.00310937
-6.16587e-12
0.00310937
2.58097e-12
0.00310937
2.61032e-12
0.00310937
-6.13901e-12
0.00310937
2.61497e-12
0.00310937
2.65009e-12
0.00310937
-6.09496e-12
0.00310937
4.40733e-12
0.00310937
6.14567e-14
0.00310937
1.06586e-13
0.00310937
9.31417e-14
0.00310937
7.69023e-14
0.00310937
1.23079e-13
0.00310937
8.38145e-14
0.00310937
1.76393e-11
0.00310937
-4.36865e-11
0.00310937
4.38894e-11
0.00310937
-3.48759e-11
0.00310937
4.39278e-11
-4.35438e-11
0.00307812
1.74561e-14
0.00307812
8.65918e-12
0.00307812
-8.65978e-12
0.00307812
-1.20638e-14
0.00307812
8.63592e-12
0.00307812
-8.68235e-12
0.00307812
-3.26231e-14
0.00307812
8.60524e-12
0.00307812
-3.67387e-14
0.00307812
-8.67901e-12
0.00307812
-4.18376e-14
0.00307812
8.60693e-12
0.00307812
-8.7124e-12
0.00307812
-6.52114e-14
0.00307812
8.58275e-12
0.00307812
-8.73398e-12
0.00307812
-8.2126e-14
0.00307812
4.26208e-12
0.00307812
2.55277e-12
0.00307812
-6.09948e-12
0.00307812
2.52868e-12
0.00307812
2.56605e-12
0.00307812
-6.07922e-12
0.00307812
2.55865e-12
0.00307812
2.60418e-12
0.00307812
-6.03432e-12
0.00307812
2.61045e-12
0.00307812
2.64957e-12
0.00307812
4.40705e-12
0.00307812
-8.55829e-12
0.00307812
9.89796e-14
0.00307812
8.76312e-12
0.00307812
-8.57191e-12
0.00307812
1.747e-11
0.00307812
-3.45176e-11
0.00307812
4.32861e-11
0.00307812
-4.30992e-11
0.00307812
4.33665e-11
0.00307812
-3.44405e-11
4.32883e-11
0.00303125
2.98598e-14
0.00303125
-8.4574e-12
0.00303125
8.46833e-12
0.00303125
-4.4012e-15
0.00303125
-8.47737e-12
0.00303125
8.44772e-12
0.00303125
-3.7133e-14
0.00303125
2.41425e-14
0.00303125
-3.2004e-14
0.00303125
-8.85951e-14
0.00303125
-2.84858e-14
0.00303125
-8.51493e-12
0.00303125
8.40826e-12
0.00303125
-6.65473e-14
0.00303125
-8.54053e-12
0.00303125
8.38497e-12
0.00303125
-9.70169e-14
0.00303125
-3.26779e-14
0.00303125
-4.2964e-12
0.00303125
2.46183e-12
0.00303125
2.5087e-12
0.00303125
-5.98997e-12
0.00303125
2.48657e-12
0.00303125
2.54176e-12
0.00303125
-5.94647e-12
0.00303125
2.54083e-12
0.00303125
2.59051e-12
0.00303125
2.64004e-12
0.00303125
-5.85247e-12
0.00303125
4.30791e-12
0.00303125
1.19713e-13
0.00303125
-8.37773e-12
0.00303125
2.56657e-11
0.00303125
-4.24072e-11
0.00303125
4.25562e-11
0.00303125
-3.38421e-11
0.00303125
4.25537e-11
0.00303125
-4.22697e-11
0.00303125
4.26948e-11
-3.36257e-11
0.00296875
-8.32147e-12
0.00296875
-2.43807e-14
0.00296875
5.7834e-14
0.00296875
3.05806e-15
0.00296875
-5.24962e-14
0.00296875
2.72656e-14
0.00296875
8.31753e-12
0.00296875
-8.32171e-12
0.00296875
-2.72185e-14
0.00296875
8.26675e-12
0.00296875
-8.37411e-12
0.00296875
-8.63585e-14
0.00296875
-9.44541e-15
0.00296875
-6.79066e-14
0.00296875
-1.25753e-13
0.00296875
-4.66237e-14
0.00296875
8.24506e-12
0.00296875
-8.38933e-12
0.00296875
-8.99996e-14
0.00296875
4.10559e-12
0.00296875
-5.87247e-12
0.00296875
2.40004e-12
0.00296875
2.46281e-12
0.00296875
-5.83216e-12
0.00296875
2.45264e-12
0.00296875
2.51306e-12
0.00296875
2.57478e-12
0.00296875
-5.71965e-12
0.00296875
2.55577e-12
0.00296875
2.62527e-12
0.00296875
-4.07081e-12
0.00296875
1.68015e-11
0.00296875
-4.13633e-11
0.00296875
4.98465e-11
0.00296875
-4.13383e-11
0.00296875
4.16219e-11
0.00296875
-3.30033e-11
0.00296875
4.15743e-11
0.00296875
-4.13114e-11
4.15297e-11
0.00289062
8.00105e-12
0.00289062
-1.37901e-14
0.00289062
-8.04682e-12
0.00289062
8.98527e-15
0.00289062
8.06386e-12
0.00289062
2.76151e-14
0.00289062
-8.00014e-12
0.00289062
8.00889e-12
0.00289062
-2.23565e-14
0.00289062
-8.05437e-12
0.00289062
7.95239e-12
0.00289062
-7.89138e-14
0.00289062
-8.11949e-12
0.00289062
-6.93971e-14
0.00289062
7.98136e-12
0.00289062
-5.72679e-14
0.00289062
-8.08505e-12
0.00289062
7.92694e-12
0.00289062
-9.6657e-14
0.00289062
-8.12093e-12
0.00289062
3.92013e-12
0.00289062
2.36583e-12
0.00289062
-5.69028e-12
0.00289062
2.34535e-12
0.00289062
2.41524e-12
0.00289062
2.48848e-12
0.00289062
-5.56253e-12
0.00289062
2.47122e-12
0.00289062
2.55731e-12
0.00289062
-5.54288e-12
0.00289062
1.8777e-11
0.00289062
-3.61693e-11
0.00289062
4.03469e-11
0.00289062
-4.00326e-11
0.00289062
4.84701e-11
0.00289062
-4.00504e-11
0.00289062
4.04848e-11
0.00289062
-3.19468e-11
0.00289062
4.05013e-11
-3.97999e-11
0.00279687
6.61795e-14
0.00279687
-1.26785e-14
0.00279687
-8.85854e-14
0.00279687
1.34293e-14
0.00279687
1.14848e-13
0.00279687
3.50193e-14
0.00279687
-5.22929e-14
0.00279687
7.20429e-14
0.00279687
-1.73943e-14
0.00279687
-1.08015e-13
0.00279687
1.31276e-14
0.00279687
-7.901e-14
0.00279687
-1.65158e-13
0.00279687
-7.07681e-14
0.00279687
2.41867e-14
0.00279687
-6.03312e-14
0.00279687
-1.49889e-13
0.00279687
-2.43832e-14
0.00279687
-1.08429e-13
0.00279687
-1.87311e-13
0.00279687
-5.38516e-14
0.00279687
-3.95494e-12
0.00279687
2.21692e-12
0.00279687
2.2976e-12
0.00279687
2.37959e-12
0.00279687
-5.38481e-12
0.00279687
2.36297e-12
0.00279687
2.46817e-12
0.00279687
-5.3457e-12
0.00279687
1.81479e-11
0.00279687
-3.64088e-11
0.00279687
4.12751e-11
0.00279687
-3.47414e-11
0.00279687
3.90121e-11
0.00279687
-3.84899e-11
0.00279687
4.68382e-11
0.00279687
-3.8539e-11
0.00279687
3.91123e-11
0.00279687
-3.07974e-11
3.88749e-11
0.0026875
-7.46649e-12
0.0026875
-4.14775e-15
0.0026875
7.43014e-12
0.0026875
1.69443e-14
0.0026875
-7.39686e-12
0.0026875
3.51984e-14
0.0026875
7.48923e-12
0.0026875
-7.45875e-12
0.0026875
-1.23328e-14
0.0026875
7.4326e-12
0.0026875
-7.51972e-12
0.0026875
-7.2464e-14
0.0026875
7.35125e-12
0.0026875
-7.17842e-14
0.0026875
-7.49456e-12
0.0026875
-7.00655e-14
0.0026875
7.3789e-12
0.0026875
-7.57058e-12
0.0026875
-1.20836e-13
0.0026875
7.33343e-12
0.0026875
-7.60109e-12
0.0026875
-1.34549e-13
0.0026875
3.66175e-12
0.0026875
2.2451e-12
0.0026875
-5.18713e-12
0.0026875
2.22787e-12
0.0026875
2.35201e-12
0.0026875
-5.13024e-12
0.0026875
1.74088e-11
0.0026875
-3.48528e-11
0.0026875
3.95371e-11
0.0026875
-3.46839e-11
0.0026875
3.96454e-11
0.0026875
-3.31268e-11
0.0026875
3.74737e-11
0.0026875
-3.67029e-11
0.0026875
4.49877e-11
0.0026875
-3.67133e-11
0.0026875
3.7668e-11
-2.88502e-11
0.0025625
7.01316e-12
0.0025625
-2.16216e-14
0.0025625
1.25893e-13
0.0025625
1.81332e-14
0.0025625
-8.96299e-14
0.0025625
5.91575e-14
0.0025625
-6.97964e-12
0.0025625
7.01572e-12
0.0025625
-6.89475e-15
0.0025625
-7.03147e-12
0.0025625
6.95801e-12
0.0025625
-8.9848e-14
0.0025625
4.77889e-14
0.0025625
-7.22998e-14
0.0025625
-1.92598e-13
0.0025625
-5.50841e-14
0.0025625
-7.10269e-12
0.0025625
6.88768e-12
0.0025625
-1.34671e-13
0.0025625
-7.1521e-12
0.0025625
6.8529e-12
0.0025625
-1.68291e-13
0.0025625
-1.18442e-15
0.0025625
-3.54162e-12
0.0025625
2.06104e-12
0.0025625
2.20611e-12
0.0025625
-4.9019e-12
0.0025625
1.65517e-11
0.0025625
-3.31024e-11
0.0025625
3.75575e-11
0.0025625
-3.28899e-11
0.0025625
3.76949e-11
0.0025625
-3.27731e-11
0.0025625
3.77912e-11
0.0025625
-3.13053e-11
0.0025625
3.57337e-11
0.0025625
-3.46565e-11
0.0025625
4.28934e-11
0.0025625
-3.4372e-11
-3.51429e-11
0.00242187
9.91649e-14
0.00242187
6.73208e-12
0.00242187
-6.6449e-12
0.00242187
1.74099e-14
0.00242187
6.68004e-12
0.00242187
-6.69482e-12
0.00242187
-5.03974e-14
0.00242187
1.13843e-13
0.00242187
-7.84353e-16
0.00242187
-1.18245e-13
0.00242187
3.8331e-14
0.00242187
6.67124e-12
0.00242187
-6.71826e-12
0.00242187
-7.22592e-14
0.00242187
6.57344e-12
0.00242187
-6.81721e-12
0.00242187
-1.86015e-13
0.00242187
-3.11152e-14
0.00242187
-1.49598e-13
0.00242187
-2.63289e-13
0.00242187
-9.32877e-14
0.00242187
6.56444e-12
0.00242187
-6.78574e-12
0.00242187
-9.54843e-14
0.00242187
3.37457e-12
0.00242187
-4.66881e-12
0.00242187
1.55707e-11
0.00242187
-3.11654e-11
0.00242187
3.53276e-11
0.00242187
-3.08992e-11
0.00242187
3.55061e-11
0.00242187
-3.07494e-11
0.00242187
3.5621e-11
0.00242187
-3.06614e-11
0.00242187
3.56966e-11
0.00242187
-2.92928e-11
0.00242187
3.36985e-11
0.00242187
-3.22877e-11
0.00242187
-2.70644e-11
3.26746e-11
0.00226562
9.80633e-14
0.00226562
-6.06579e-12
0.00226562
6.14209e-12
0.00226562
1.7488e-14
0.00226562
-6.10715e-12
0.00226562
6.09536e-12
0.00226562
-2.94216e-14
0.00226562
-6.17807e-12
0.00226562
6.06214e-15
0.00226562
6.18674e-12
0.00226562
2.84133e-14
0.00226562
-6.11075e-12
0.00226562
6.07377e-12
0.00226562
-7.11854e-14
0.00226562
-6.21684e-12
0.00226562
5.96554e-12
0.00226562
-1.77211e-13
0.00226562
-6.34028e-12
0.00226562
-1.65273e-13
0.00226562
6.01436e-12
0.00226562
-1.34192e-13
0.00226562
-6.25034e-12
0.00226562
5.97288e-12
0.00226562
-1.02732e-13
0.00226562
-6.24917e-12
0.00226562
1.57151e-11
0.00226562
-2.90552e-11
0.00226562
3.28377e-11
0.00226562
-2.87198e-11
0.00226562
3.3073e-11
0.00226562
-2.85215e-11
0.00226562
3.32211e-11
0.00226562
-2.84154e-11
0.00226562
3.32973e-11
0.00226562
-2.83572e-11
0.00226562
3.32953e-11
0.00226562
-2.69084e-11
0.00226562
-3.13974e-11
0.00226562
3.07622e-11
-2.45676e-11
0.00209375
-5.74473e-12
0.00209375
-6.02344e-14
0.00209375
1.44826e-13
0.00209375
1.79159e-14
0.00209375
-1.16396e-13
0.00209375
1.12187e-13
0.00209375
-2.68868e-14
0.00209375
-1.58949e-13
0.00209375
1.40885e-14
0.00209375
1.82667e-13
0.00209375
3.84024e-14
0.00209375
-1.18469e-13
0.00209375
8.8972e-14
0.00209375
-6.89154e-14
0.00209375
-2.27942e-13
0.00209375
-2.36298e-14
0.00209375
-1.85564e-13
0.00209375
-3.3777e-13
0.00209375
-1.80566e-13
0.00209375
-1.95604e-14
0.00209375
-1.59637e-13
0.00209375
-2.97139e-13
0.00209375
-3.95248e-14
0.00209375
-2.09142e-13
0.00209375
1.14396e-11
0.00209375
-2.84403e-11
0.00209375
3.12297e-11
0.00209375
-2.63726e-11
0.00209375
3.03841e-11
0.00209375
-2.60951e-11
0.00209375
3.05882e-11
0.00209375
-2.59544e-11
0.00209375
3.0677e-11
0.00209375
-2.59025e-11
0.00209375
3.06426e-11
0.00209375
-2.56925e-11
0.00209375
-2.72942e-11
0.00209375
3.06623e-11
0.00209375
-2.88265e-11
2.76826e-11
0.00190625
4.9803e-12
0.00190625
-5.53836e-14
0.00190625
-5.12694e-12
0.00190625
8.70576e-15
0.00190625
5.17702e-12
0.00190625
-5.17492e-12
0.00190625
-1.28302e-14
0.00190625
5.10998e-12
0.00190625
2.37096e-14
0.00190625
-5.06899e-12
0.00190625
3.74329e-14
0.00190625
5.17785e-12
0.00190625
-5.19914e-12
0.00190625
-6.54412e-14
0.00190625
5.06702e-12
0.00190625
-5.31374e-12
0.00190625
-1.79598e-13
0.00190625
4.91679e-12
0.00190625
-1.93777e-13
0.00190625
-5.3026e-12
0.00190625
-1.99393e-13
0.00190625
4.96726e-12
0.00190625
-5.45218e-12
0.00190625
1.0394e-11
0.00190625
-2.07412e-11
0.00190625
2.54078e-11
0.00190625
-2.537e-11
0.00190625
2.84605e-11
0.00190625
-2.34934e-11
0.00190625
2.77154e-11
0.00190625
-2.32779e-11
0.00190625
2.78402e-11
0.00190625
-2.32156e-11
0.00190625
2.7792e-11
0.00190625
-2.30101e-11
0.00190625
-2.47567e-11
0.00190625
2.66246e-11
0.00190625
-2.43754e-11
0.00190625
2.78625e-11
-2.54989e-11
0.00170312
6.811e-14
0.00170312
-7.9005e-14
0.00170312
-2.19405e-13
0.00170312
3.27838e-14
0.00170312
-4.43805e-12
0.00170312
4.44463e-12
0.00170312
-3.4032e-14
0.00170312
2.02506e-13
0.00170312
3.53433e-14
0.00170312
-1.41703e-13
0.00170312
7.20605e-14
0.00170312
-4.43365e-12
0.00170312
4.41254e-12
0.00170312
-6.06025e-14
0.00170312
-4.53517e-12
0.00170312
4.30687e-12
0.00170312
-2.04649e-13
0.00170312
-6.62515e-16
0.00170312
-2.02789e-13
0.00170312
-4.06154e-13
0.00170312
-1.90814e-13
0.00170312
-4.77442e-12
0.00170312
1.35893e-11
0.00170312
-2.30551e-11
0.00170312
2.24294e-11
0.00170312
-1.8064e-11
0.00170312
2.26836e-11
0.00170312
-2.20703e-11
0.00170312
2.55044e-11
0.00170312
-2.04028e-11
0.00170312
2.47851e-11
0.00170312
-2.02972e-11
0.00170312
2.47349e-11
0.00170312
-2.0098e-11
0.00170312
-2.20049e-11
0.00170312
2.34029e-11
0.00170312
-2.16842e-11
0.00170312
2.34753e-11
0.00170312
-2.16632e-11
2.4118e-11
0.00148437
-4.04368e-12
0.00148437
-9.70405e-14
0.00148437
3.84896e-12
0.00148437
-4.03518e-12
0.00148437
-1.1554e-13
0.00148437
1.25764e-13
0.00148437
4.0372e-12
0.00148437
-3.86539e-12
0.00148437
4.98687e-14
0.00148437
3.94928e-12
0.00148437
-3.98656e-12
0.00148437
-1.16646e-13
0.00148437
1.23571e-13
0.00148437
-5.44546e-14
0.00148437
-2.34498e-13
0.00148437
1.09366e-15
0.00148437
3.86819e-12
0.00148437
-4.07119e-12
0.00148437
-2.04426e-13
0.00148437
3.67207e-12
0.00148437
-4.37279e-12
0.00148437
7.73207e-12
0.00148437
-1.98068e-11
0.00148437
2.28944e-11
0.00148437
-1.96022e-11
0.00148437
1.94584e-11
0.00148437
-1.52021e-11
0.00148437
1.98284e-11
0.00148437
-1.84858e-11
0.00148437
2.23023e-11
0.00148437
-1.71525e-11
0.00148437
2.14789e-11
0.00148437
-1.6936e-11
0.00148437
-1.89988e-11
0.00148437
1.99994e-11
0.00148437
-1.86929e-11
0.00148437
2.00892e-11
0.00148437
-1.84989e-11
0.00148437
2.03909e-11
-1.79966e-11
0.00125
2.9716e-12
0.00125
-1.18279e-13
0.00125
-3.20583e-12
0.00125
3.00426e-12
0.00125
-1.27997e-13
0.00125
1.40232e-13
0.00125
-3.00016e-12
0.00125
3.19075e-12
0.00125
6.94354e-14
0.00125
-3.08013e-12
0.00125
3.05146e-12
0.00125
-9.66852e-14
0.00125
-3.25458e-12
0.00125
-4.7212e-14
0.00125
3.15711e-12
0.00125
-7.62729e-15
0.00125
-3.15379e-12
0.00125
2.99465e-12
0.00125
-1.78919e-13
0.00125
-3.46956e-12
0.00125
9.5397e-12
0.00125
-1.66732e-11
0.00125
1.54704e-11
0.00125
-1.61622e-11
0.00125
1.89527e-11
0.00125
-1.59409e-11
0.00125
1.63486e-11
0.00125
-1.20609e-11
0.00125
1.68577e-11
0.00125
-1.47016e-11
0.00125
1.86915e-11
0.00125
-1.35349e-11
0.00125
-1.57372e-11
0.00125
1.64018e-11
0.00125
-1.54801e-11
0.00125
1.6413e-11
0.00125
-1.53839e-11
0.00125
1.65031e-11
0.00125
-1.53976e-11
1.62244e-11
0.001
1.89966e-14
0.001
-1.45301e-13
0.001
-2.7465e-13
0.001
3.30943e-14
0.001
2.53202e-12
0.001
-2.51974e-12
0.001
-2.80228e-14
0.001
2.62704e-13
0.001
9.71847e-14
0.001
-1.29947e-13
0.001
1.13988e-13
0.001
-1.17029e-13
0.001
-2.84744e-13
0.001
-3.8281e-14
0.001
2.02424e-13
0.001
1.88353e-14
0.001
-2.05696e-13
0.001
1.20611e-13
0.001
-2.50234e-13
0.001
4.94714e-12
0.001
-1.282e-11
0.001
1.42236e-11
0.001
-1.28301e-11
0.001
1.19421e-11
0.001
-1.23443e-11
0.001
1.48033e-11
0.001
-1.20011e-11
0.001
1.31548e-11
0.001
-8.55667e-12
0.001
1.35106e-11
0.001
-1.05763e-11
0.001
-1.17052e-11
0.001
1.26266e-11
0.001
-1.19864e-11
0.001
1.25799e-11
0.001
-1.19418e-11
0.001
1.26824e-11
0.001
-1.17608e-11
0.001
1.30268e-11
-1.11617e-11
0.000734375
-1.96022e-12
0.000734375
-1.63079e-13
0.000734375
1.63485e-12
0.000734375
-1.47587e-16
0.000734375
-1.60294e-12
0.000734375
1.61336e-12
0.000734375
6.25323e-15
0.000734375
-1.64102e-12
0.000734375
1.27012e-13
0.000734375
1.84457e-12
0.000734375
-1.85092e-12
0.000734375
-1.35812e-13
0.000734375
1.62601e-12
0.000734375
-2.59915e-14
0.000734375
-1.68776e-12
0.000734375
2.68548e-14
0.000734375
1.77281e-12
0.000734375
-1.87213e-12
0.000734375
3.75992e-12
0.000734375
-7.21252e-12
0.000734375
7.91225e-12
0.000734375
-8.73925e-12
0.000734375
9.71772e-12
0.000734375
-8.84271e-12
0.000734375
8.22064e-12
0.000734375
-8.27433e-12
0.000734375
1.0395e-11
0.000734375
-7.65694e-12
0.000734375
9.9743e-12
0.000734375
-4.77212e-12
0.000734375
-9.1022e-12
0.000734375
8.17395e-12
0.000734375
-7.84548e-12
0.000734375
8.57652e-12
0.000734375
-8.25755e-12
0.000734375
8.5822e-12
0.000734375
-8.20356e-12
0.000734375
8.65229e-12
0.000734375
-8.20807e-12
8.38425e-12
0.000453125
5.68474e-13
0.000453125
-2.32149e-13
0.000453125
2.30206e-13
0.000453125
2.98523e-15
0.000453125
-2.35391e-13
0.000453125
2.40429e-13
0.000453125
6.8588e-16
0.000453125
-2.31687e-13
0.000453125
2.16286e-13
0.000453125
-6.5507e-13
0.000453125
6.54067e-13
0.000453125
-2.18277e-13
0.000453125
2.27064e-13
0.000453125
-9.98457e-15
0.000453125
-2.52483e-13
0.000453125
1.03269e-13
0.000453125
-8.96061e-13
0.000453125
3.0838e-12
0.000453125
-4.71965e-12
0.000453125
4.23376e-12
0.000453125
-3.72558e-12
0.000453125
3.96723e-12
0.000453125
-4.43181e-12
0.000453125
4.94256e-12
0.000453125
-4.61066e-12
0.000453125
4.31384e-12
0.000453125
-4.10654e-12
0.000453125
5.82159e-12
0.000453125
-2.25591e-12
0.000453125
-4.54316e-12
0.000453125
5.0368e-12
0.000453125
-4.65201e-12
0.000453125
4.21563e-12
0.000453125
-4.03185e-12
0.000453125
4.34769e-12
0.000453125
-4.25858e-12
0.000453125
4.43771e-12
0.000453125
-4.09513e-12
0.000453125
4.83326e-12
-3.40561e-12
0.00015625
0.00015625
0.00015625
0.00015625
0.00015625
0.00015625
0.00015625
0.00015625
0.00015625
0.00015625
0.00015625
0.00015625
0.00015625
0.00015625
0.00015625
0.00015625
0.00015625
0.00015625
0.00015625
0.00015625
0.00015625
0.00015625
0.00015625
0.00015625
0.00015625
0.00015625
0.00015625
0.00015625
0.00015625
0.00015625
0.00015625
0.00015625
0.00015625
0.00015625
0.00015625
0.00015625
0.00015625
0.00015625
0.00015625
)
;

boundaryField
{
    inlet
    {
        type            calculated;
        value           nonuniform List<scalar> 
40
(
-0.00015625
-0.000453125
-0.000734375
-0.001
-0.00125
-0.00148437
-0.00170312
-0.00190625
-0.00209375
-0.00226562
-0.00242187
-0.0025625
-0.0026875
-0.00279687
-0.00289062
-0.00296875
-0.00303125
-0.00307812
-0.00310937
-0.003125
-0.003125
-0.00310937
-0.00307812
-0.00303125
-0.00296875
-0.00289062
-0.00279687
-0.0026875
-0.0025625
-0.00242187
-0.00226562
-0.00209375
-0.00190625
-0.00170312
-0.00148437
-0.00125
-0.001
-0.000734375
-0.000453125
-0.00015625
)
;
    }
    outlet
    {
        type            calculated;
        value           nonuniform List<scalar> 
40
(
0.00015625
0.000453125
0.000734375
0.001
0.00125
0.00148437
0.00170312
0.00190625
0.00209375
0.00226562
0.00242187
0.0025625
0.0026875
0.00279687
0.00289062
0.00296875
0.00303125
0.00307812
0.00310937
0.003125
0.003125
0.00310937
0.00307812
0.00303125
0.00296875
0.00289062
0.00279687
0.0026875
0.0025625
0.00242187
0.00226562
0.00209375
0.00190625
0.00170312
0.00148437
0.00125
0.001
0.000734375
0.000453125
0.00015625
)
;
    }
    walls
    {
        type            calculated;
        value           uniform 0;
    }
    movingwall
    {
        type            calculated;
        value           uniform 0;
    }
    frontAndBack
    {
        type            empty;
        value           nonuniform List<scalar> 0();
    }
}


// ************************************************************************* //
