/*--------------------------------*- C++ -*----------------------------------*\
| =========                 |                                                 |
| \\      /  F ield         | OpenFOAM: The Open Source CFD Toolbox           |
|  \\    /   O peration     | Version:  2312                                  |
|   \\  /    A nd           | Website:  www.openfoam.com                      |
|    \\/     M anipulation  |                                                 |
\*---------------------------------------------------------------------------*/
FoamFile
{
    version     2.0;
    format      ascii;
    arch        "LSB;label=32;scalar=64";
    class       volVectorField;
    location    "5110";
    object      Uerr;
}
// * * * * * * * * * * * * * * * * * * * * * * * * * * * * * * * * * * * * * //

dimensions      [0 1 -1 0 0 0 0];

internalField   nonuniform List<vector> 
1600
(
(0.000552426 0.000552426 0)
(0.000552426 0.000552426 -1.80249e-19)
(0.000552426 0.000552426 5.33631e-19)
(0.000552426 0.000552426 -5.19401e-19)
(0.000552426 0.000552426 4.74338e-21)
(0.000552426 0.000552426 2.37169e-21)
(0.000552426 0.000552426 0)
(0.000552426 0.000552426 0)
(0.000552426 0.000552426 0)
(0.000552426 0.000552426 0)
(0.000552426 0.000552426 0)
(0.000552426 0.000552426 0)
(0.000552426 0.000552426 0)
(0.000552426 0.000552426 0)
(0.000552426 0.000552426 0)
(0.000552426 0.000552426 0)
(0.000552426 0.000552426 0)
(0.000552426 0.000552426 0)
(0.000552426 0.000552426 0)
(0.000552426 0.000552426 0)
(0.000552426 0.000552426 0)
(0.000552426 0.000552426 0)
(0.000552426 0.000552426 0)
(0.000552426 0.000552426 0)
(0.000552426 0.000552426 0)
(0.000552426 0.000552426 0)
(0.000552426 0.000552426 0)
(0.000552426 0.000552426 0)
(0.000552426 0.000552426 0)
(0.000552426 0.000552426 0)
(0.000552426 0.000552426 0)
(0.000552426 0.000552426 0)
(0.000552426 0.000552426 0)
(0.000552426 0.000552426 0)
(0.000552426 0.000552426 0)
(0.000552426 0.000552426 0)
(0.000552426 0.000552426 0)
(0.000552426 0.000552426 0)
(0.000552426 0.000552426 -7.11508e-21)
(0.000552426 0.000552426 0)
(0.000552424 0.000552424 3.12202e-19)
(0.000552424 0.000552424 0)
(0.000552424 0.000552424 -4.44692e-19)
(0.000552424 0.000552424 2.16417e-19)
(0.000552424 0.000552424 2.10488e-19)
(0.000552424 0.000552424 4.06152e-19)
(0.000552424 0.000552424 -2.01594e-19)
(0.000552424 0.000552424 0)
(0.000552424 0.000552424 0)
(0.000552424 0.000552424 0)
(0.000552424 0.000552424 0)
(0.000552424 0.000552424 0)
(0.000552424 0.000552424 0)
(0.000552424 0.000552424 0)
(0.000552424 0.000552424 0)
(0.000552424 0.000552424 0)
(0.000552424 0.000552424 0)
(0.000552424 0.000552424 0)
(0.000552424 0.000552424 0)
(0.000552424 0.000552424 0)
(0.000552424 0.000552424 0)
(0.000552424 0.000552424 0)
(0.000552424 0.000552424 0)
(0.000552424 0.000552424 0)
(0.000552424 0.000552424 0)
(0.000552424 0.000552424 0)
(0.000552424 0.000552424 0)
(0.000552424 0.000552424 0)
(0.000552424 0.000552424 0)
(0.000552424 0.000552424 0)
(0.000552424 0.000552424 0)
(0.000552424 0.000552424 0)
(0.000552424 0.000552424 0)
(0.000552424 0.000552424 0)
(0.000552424 0.000552424 0)
(0.000552424 0.000552424 0)
(0.000552424 0.000552424 -1.77877e-20)
(0.000552424 0.000552424 2.96462e-21)
(0.000552424 0.000552424 8.89385e-21)
(0.000552424 0.000552424 0)
(0.000552423 0.000552423 -9.32523e-19)
(0.000552423 0.000552423 5.92923e-21)
(0.000552423 0.000552423 4.47657e-19)
(0.000552423 0.000552423 0)
(0.000552423 0.000552423 -4.18011e-19)
(0.000552423 0.000552423 2.96462e-21)
(0.000552423 0.000552423 1.95665e-19)
(0.000552423 0.000552423 -3.88365e-19)
(0.000552423 0.000552423 0)
(0.000552423 0.000552423 0)
(0.000552423 0.000552423 0)
(0.000552423 0.000552423 0)
(0.000552423 0.000552423 0)
(0.000552423 0.000552423 0)
(0.000552423 0.000552423 0)
(0.000552423 0.000552423 0)
(0.000552423 0.000552423 0)
(0.000552423 0.000552423 0)
(0.000552423 0.000552423 0)
(0.000552423 0.000552423 0)
(0.000552423 0.000552423 0)
(0.000552423 0.000552423 0)
(0.000552423 0.000552423 0)
(0.000552423 0.000552423 0)
(0.000552423 0.000552423 0)
(0.000552423 0.000552423 0)
(0.000552423 0.000552423 0)
(0.000552423 0.000552423 0)
(0.000552423 0.000552423 0)
(0.000552423 0.000552423 0)
(0.000552423 0.000552423 0)
(0.000552423 0.000552423 0)
(0.000552423 0.000552423 0)
(0.000552423 0.000552423 0)
(0.000552423 0.000552423 0)
(0.000552423 0.000552423 2.66815e-20)
(0.000552423 0.000552423 0)
(0.000552423 0.000552423 1.48231e-20)
(0.000552423 0.000552423 0)
(0.000552423 0.000552423 0)
(0.000552421 0.000552421 9.32399e-19)
(0.000552421 0.000552421 -2.3124e-19)
(0.000552421 0.000552421 0)
(0.000552421 0.000552421 0)
(0.000552421 0.000552421 2.07523e-19)
(0.000552421 0.000552421 2.01594e-19)
(0.000552421 0.000552421 1.98629e-19)
(0.000552421 0.000552421 -1.42402e-28)
(0.000552421 0.000552421 -1.86771e-19)
(0.000552421 0.000552421 0)
(0.000552421 0.000552421 0)
(0.000552421 0.000552421 0)
(0.000552421 0.000552421 0)
(0.000552421 0.000552421 0)
(0.000552421 0.000552421 0)
(0.000552421 0.000552421 0)
(0.000552421 0.000552421 0)
(0.000552421 0.000552421 0)
(0.000552421 0.000552421 0)
(0.000552421 0.000552421 0)
(0.000552421 0.000552421 0)
(0.000552421 0.000552421 0)
(0.000552421 0.000552421 0)
(0.000552421 0.000552421 0)
(0.000552421 0.000552421 0)
(0.000552421 0.000552421 0)
(0.000552421 0.000552421 0)
(0.000552421 0.000552421 0)
(0.000552421 0.000552421 0)
(0.000552421 0.000552421 0)
(0.000552421 0.000552421 0)
(0.000552421 0.000552421 0)
(0.000552421 0.000552421 0)
(0.000552421 0.000552421 0)
(0.000552421 0.000552421 0)
(0.000552421 0.000552421 -2.66815e-20)
(0.000552421 0.000552421 0)
(0.000552421 0.000552421 0)
(0.000552421 0.000552421 -5.92923e-21)
(0.000552421 0.000552421 7.90432e-21)
(0.000552419 0.000552419 -3.13671e-29)
(0.000552419 0.000552419 -2.25311e-19)
(0.000552419 0.000552419 4.47657e-19)
(0.000552419 0.000552419 -2.16417e-19)
(0.000552419 0.000552419 0)
(0.000552419 0.000552419 -2.04558e-19)
(0.000552419 0.000552419 -2.96462e-21)
(0.000552419 0.000552419 1.89735e-19)
(0.000552419 0.000552419 3.70577e-19)
(0.000552419 0.000552419 -3.64648e-19)
(0.000552419 0.000552419 0)
(0.000552419 0.000552419 0)
(0.000552419 0.000552419 0)
(0.000552419 0.000552419 0)
(0.000552419 0.000552419 0)
(0.000552419 0.000552419 0)
(0.000552419 0.000552419 0)
(0.000552419 0.000552419 0)
(0.000552419 0.000552419 0)
(0.000552419 0.000552419 0)
(0.000552419 0.000552419 0)
(0.000552419 0.000552419 0)
(0.000552419 0.000552419 0)
(0.000552419 0.000552419 0)
(0.000552419 0.000552419 0)
(0.000552419 0.000552419 0)
(0.000552419 0.000552419 0)
(0.000552419 0.000552419 0)
(0.000552419 0.000552419 0)
(0.000552419 0.000552419 0)
(0.000552419 0.000552419 0)
(0.000552419 0.000552419 0)
(0.000552419 0.000552419 0)
(0.000552419 0.000552419 3.854e-20)
(0.000552419 0.000552419 0)
(0.000552419 0.000552419 0)
(0.000552419 0.000552419 0)
(0.000552419 0.000552419 1.48231e-20)
(0.000552419 0.000552419 5.92923e-21)
(0.000552419 0.000552419 -7.90399e-21)
(0.000552417 0.000552417 -3.94989e-21)
(0.000552417 0.000552417 -4.59515e-19)
(0.000552418 0.000552417 -2.96462e-21)
(0.000552417 0.000552417 -2.16417e-19)
(0.000552417 0.000552417 2.13452e-19)
(0.000552417 0.000552417 0)
(0.000552417 0.000552417 0)
(0.000552417 0.000552417 -3.82435e-19)
(0.000552418 0.000552417 1.89735e-19)
(0.000552418 0.000552417 -1.26806e-28)
(0.000552417 0.000552417 -1.74912e-19)
(0.000552418 0.000552417 0)
(0.000552418 0.000552417 0)
(0.000552417 0.000552417 0)
(0.000552417 0.000552418 0)
(0.000552417 0.000552418 0)
(0.000552417 0.000552417 0)
(0.000552417 0.000552418 0)
(0.000552418 0.000552417 0)
(0.000552418 0.000552417 0)
(0.000552417 0.000552417 0)
(0.000552418 0.000552417 0)
(0.000552418 0.000552417 0)
(0.000552417 0.000552417 0)
(0.000552417 0.000552418 0)
(0.000552418 0.000552417 0)
(0.000552418 0.000552417 0)
(0.000552417 0.000552418 0)
(0.000552417 0.000552418 0)
(0.000552418 0.000552417 0)
(0.000552417 0.000552417 0)
(0.000552417 0.000552418 0)
(0.000552417 0.000552418 0)
(0.000552417 0.000552417 -7.708e-20)
(0.000552417 0.000552418 0)
(0.000552417 0.000552417 0)
(0.000552418 0.000552417 0)
(0.000552417 0.000552417 -2.96462e-21)
(0.000552417 0.000552418 -1.18585e-20)
(0.000552417 0.000552418 0)
(0.000552416 0.000552416 0)
(0.000552416 0.000552416 2.28275e-19)
(0.000552416 0.000552416 -2.22346e-19)
(0.000552416 0.000552416 0)
(0.000552416 0.000552416 -2.96462e-21)
(0.000552416 0.000552416 -2.07523e-19)
(0.000552416 0.000552416 0)
(0.000552416 0.000552416 0)
(0.000552416 0.000552416 1.83806e-19)
(0.000552416 0.000552416 -2.96462e-21)
(0.000552416 0.000552416 3.4686e-19)
(0.000552416 0.000552416 -1.71948e-19)
(0.000552416 0.000552416 0)
(0.000552416 0.000552416 0)
(0.000552416 0.000552416 0)
(0.000552416 0.000552416 0)
(0.000552416 0.000552416 0)
(0.000552416 0.000552416 0)
(0.000552416 0.000552416 0)
(0.000552416 0.000552416 0)
(0.000552416 0.000552416 0)
(0.000552416 0.000552416 0)
(0.000552416 0.000552416 0)
(0.000552416 0.000552416 0)
(0.000552416 0.000552416 0)
(0.000552416 0.000552416 0)
(0.000552416 0.000552416 0)
(0.000552416 0.000552416 0)
(0.000552416 0.000552416 0)
(0.000552416 0.000552416 0)
(0.000552416 0.000552416 0)
(0.000552416 0.000552416 0)
(0.000552416 0.000552416 -4.44692e-20)
(0.000552416 0.000552416 3.854e-20)
(0.000552416 0.000552416 0)
(0.000552416 0.000552416 2.66815e-20)
(0.000552416 0.000552416 1.77877e-20)
(0.000552416 0.000552416 -1.77877e-20)
(0.000552416 0.000552416 0)
(0.000552416 0.000552416 0)
(0.000552414 0.000552414 0)
(0.000552414 0.000552414 0)
(0.000552414 0.000552414 4.41728e-19)
(0.000552414 0.000552414 -2.19382e-19)
(0.000552414 0.000552414 2.10488e-19)
(0.000552414 0.000552414 0)
(0.000552414 0.000552414 0)
(0.000552414 0.000552414 1.927e-19)
(0.000552414 0.000552414 0)
(0.000552414 0.000552414 3.58718e-19)
(0.000552414 0.000552414 -1.80842e-19)
(0.000552414 0.000552414 -5.92923e-21)
(0.000552414 0.000552414 -3.29072e-19)
(0.000552414 0.000552414 0)
(0.000552414 0.000552414 0)
(0.000552414 0.000552414 0)
(0.000552414 0.000552414 0)
(0.000552414 0.000552414 0)
(0.000552414 0.000552414 0)
(0.000552414 0.000552414 0)
(0.000552414 0.000552414 0)
(0.000552414 0.000552414 0)
(0.000552414 0.000552414 0)
(0.000552414 0.000552414 0)
(0.000552414 0.000552414 0)
(0.000552414 0.000552414 0)
(0.000552414 0.000552414 0)
(0.000552414 0.000552414 0)
(0.000552414 0.000552414 0)
(0.000552414 0.000552414 0)
(0.000552414 0.000552414 0)
(0.000552414 0.000552414 -5.03985e-20)
(0.000552414 0.000552414 4.44692e-20)
(0.000552414 0.000552414 0)
(0.000552414 0.000552414 0)
(0.000552414 0.000552414 -2.96462e-21)
(0.000552414 0.000552414 -2.37169e-20)
(0.000552414 0.000552414 0)
(0.000552414 0.000552414 0)
(0.000552414 0.000552414 0)
(0.000552413 0.000552413 0)
(0.000552413 0.000552413 0)
(0.000552413 0.000552413 0)
(0.000552413 0.000552413 2.13452e-19)
(0.000552413 0.000552413 -4.2394e-19)
(0.000552413 0.000552413 0)
(0.000552413 0.000552413 -1.98629e-19)
(0.000552413 0.000552413 -1.927e-19)
(0.000552413 0.000552413 0)
(0.000552413 0.000552413 -1.80842e-19)
(0.000552413 0.000552413 1.74912e-19)
(0.000552413 0.000552413 0)
(0.000552413 0.000552413 -1.04924e-28)
(0.000552413 0.000552413 -1.57125e-19)
(0.000552413 0.000552413 0)
(0.000552413 0.000552413 0)
(0.000552413 0.000552413 0)
(0.000552413 0.000552413 0)
(0.000552413 0.000552413 0)
(0.000552413 0.000552413 0)
(0.000552413 0.000552413 0)
(0.000552413 0.000552413 0)
(0.000552413 0.000552413 0)
(0.000552413 0.000552413 0)
(0.000552413 0.000552413 0)
(0.000552413 0.000552413 0)
(0.000552413 0.000552413 0)
(0.000552413 0.000552413 0)
(0.000552413 0.000552413 0)
(0.000552413 0.000552413 0)
(0.000552413 0.000552413 -5.63277e-20)
(0.000552413 0.000552413 5.03985e-20)
(0.000552413 0.000552413 0)
(0.000552413 0.000552413 0)
(0.000552413 0.000552413 2.96462e-20)
(0.000552413 0.000552413 -2.96462e-20)
(0.000552413 0.000552413 0)
(0.000552413 0.000552413 0)
(0.000552413 0.000552413 0)
(0.000552413 0.000552413 0)
(0.000552411 0.000552411 0)
(0.000552411 0.000552411 0)
(0.000552411 0.000552411 0)
(0.000552411 0.000552411 0)
(0.000552411 0.000552411 4.18011e-19)
(0.000552412 0.000552411 -5.92923e-21)
(0.000552411 0.000552411 -2.96462e-21)
(0.000552411 0.000552411 -3.82435e-19)
(0.000552411 0.000552411 5.92923e-21)
(0.000552411 0.000552411 1.83806e-19)
(0.000552411 0.000552411 0)
(0.000552411 0.000552411 1.66018e-19)
(0.000552411 0.000552411 -2.96462e-21)
(0.000552411 0.000552411 3.11285e-19)
(0.000552411 0.000552411 -3.05355e-19)
(0.000552412 0.000552411 0)
(0.000552411 0.000552411 0)
(0.000552411 0.000552411 0)
(0.000552411 0.000552411 0)
(0.000552411 0.000552411 0)
(0.000552411 0.000552411 0)
(0.000552411 0.000552411 0)
(0.000552412 0.000552411 0)
(0.000552411 0.000552411 0)
(0.000552411 0.000552411 0)
(0.000552411 0.000552411 0)
(0.000552411 0.000552411 0)
(0.000552411 0.000552411 0)
(0.000552411 0.000552412 0)
(0.000552411 0.000552411 -6.22569e-20)
(0.000552411 0.000552411 5.63277e-20)
(0.000552411 0.000552412 0)
(0.000552411 0.000552412 0)
(0.000552411 0.000552411 3.55754e-20)
(0.000552411 0.000552411 -3.55754e-20)
(0.000552411 0.000552412 0)
(0.000552411 0.000552411 0)
(0.000552411 0.000552411 -1.48231e-20)
(0.000552411 0.000552412 5.92923e-21)
(0.000552411 0.000552411 -7.90266e-21)
(0.00055241 0.00055241 0)
(0.00055241 0.00055241 0)
(0.00055241 0.00055241 0)
(0.00055241 0.00055241 0)
(0.00055241 0.00055241 0)
(0.00055241 0.00055241 2.01594e-19)
(0.00055241 0.00055241 -4.00223e-19)
(0.00055241 0.00055241 1.89735e-19)
(0.00055241 0.00055241 -1.89735e-19)
(0.00055241 0.00055241 0)
(0.00055241 0.00055241 1.74912e-19)
(0.00055241 0.00055241 0)
(0.00055241 0.00055241 0)
(0.00055241 0.00055241 0)
(0.00055241 0.00055241 -8.69162e-29)
(0.00055241 0.00055241 -1.45266e-19)
(0.00055241 0.00055241 0)
(0.00055241 0.00055241 0)
(0.00055241 0.00055241 0)
(0.00055241 0.00055241 0)
(0.00055241 0.00055241 0)
(0.00055241 0.00055241 0)
(0.00055241 0.00055241 0)
(0.00055241 0.00055241 0)
(0.00055241 0.00055241 0)
(0.00055241 0.00055241 0)
(0.00055241 0.00055241 0)
(0.00055241 0.00055241 0)
(0.00055241 0.00055241 -6.81862e-20)
(0.00055241 0.00055241 6.22569e-20)
(0.00055241 0.00055241 0)
(0.00055241 0.00055241 0)
(0.00055241 0.00055241 4.15046e-20)
(0.00055241 0.00055241 -4.15046e-20)
(0.00055241 0.00055241 0)
(0.00055241 0.00055241 0)
(0.00055241 0.00055241 -2.07523e-20)
(0.00055241 0.00055241 2.66815e-20)
(0.00055241 0.00055241 -1.18585e-20)
(0.00055241 0.00055241 0)
(0.000552409 0.000552409 0)
(0.000552409 0.000552409 0)
(0.000552409 0.000552409 0)
(0.000552409 0.000552409 0)
(0.000552409 0.000552409 0)
(0.000552409 0.000552409 0)
(0.000552409 0.000552409 1.98629e-19)
(0.000552409 0.000552409 5.66463e-29)
(0.000552409 0.000552409 0)
(0.000552409 0.000552409 -1.80842e-19)
(0.000552409 0.000552409 -1.74912e-19)
(0.000552409 0.000552409 0)
(0.000552409 0.000552409 0)
(0.000552409 0.000552409 1.5416e-19)
(0.000552409 0.000552409 -2.96462e-21)
(0.000552409 0.000552409 2.87568e-19)
(0.000552409 0.000552409 -2.96462e-21)
(0.000552409 0.000552409 1.33408e-19)
(0.000552409 0.000552409 0)
(0.000552409 0.000552409 0)
(0.000552409 0.000552409 0)
(0.000552409 0.000552409 0)
(0.000552409 0.000552409 0)
(0.000552409 0.000552409 0)
(0.000552409 0.000552409 0)
(0.000552409 0.000552409 0)
(0.000552409 0.000552409 0)
(0.000552409 0.000552409 -7.41154e-20)
(0.000552409 0.000552409 6.81862e-20)
(0.000552409 0.000552409 0)
(0.000552409 0.000552409 0)
(0.000552409 0.000552409 4.74338e-20)
(0.000552409 0.000552409 -4.74338e-20)
(0.000552409 0.000552409 0)
(0.000552409 0.000552409 0)
(0.000552409 0.000552409 -2.66815e-20)
(0.000552409 0.000552409 2.96462e-21)
(0.000552409 0.000552409 1.77877e-20)
(0.000552409 0.000552409 0)
(0.000552409 0.000552409 0)
(0.000552408 0.000552408 0)
(0.000552408 0.000552408 0)
(0.000552408 0.000552408 0)
(0.000552408 0.000552408 0)
(0.000552408 0.000552408 0)
(0.000552408 0.000552408 0)
(0.000552408 0.000552408 0)
(0.000552408 0.000552408 3.82435e-19)
(0.000552408 0.000552408 -5.92923e-21)
(0.000552408 0.000552408 -2.96462e-21)
(0.000552408 0.000552408 0)
(0.000552408 0.000552408 0)
(0.000552408 0.000552408 1.63054e-19)
(0.000552408 0.000552408 0)
(0.000552408 0.000552408 0)
(0.000552408 0.000552408 0)
(0.000552408 0.000552408 -1.39337e-19)
(0.000552408 0.000552408 -2.66815e-19)
(0.000552408 0.000552408 1.27478e-19)
(0.000552408 0.000552408 0)
(0.000552408 0.000552408 0)
(0.000552408 0.000552408 0)
(0.000552408 0.000552408 0)
(0.000552408 0.000552408 0)
(0.000552408 0.000552408 0)
(0.000552408 0.000552408 0)
(0.000552408 0.000552408 -8.00446e-20)
(0.000552408 0.000552408 7.41154e-20)
(0.000552408 0.000552408 0)
(0.000552408 0.000552408 0)
(0.000552408 0.000552408 5.33631e-20)
(0.000552408 0.000552408 -5.33631e-20)
(0.000552408 0.000552408 0)
(0.000552408 0.000552408 0)
(0.000552408 0.000552408 -3.26108e-20)
(0.000552408 0.000552408 5.03985e-20)
(0.000552408 0.000552408 -2.37169e-20)
(0.000552408 0.000552408 0)
(0.000552408 0.000552408 0)
(0.000552408 0.000552408 -3.95105e-21)
(0.000552407 0.000552407 0)
(0.000552407 0.000552407 0)
(0.000552407 0.000552407 0)
(0.000552407 0.000552407 0)
(0.000552407 0.000552407 0)
(0.000552407 0.000552407 0)
(0.000552407 0.000552407 0)
(0.000552407 0.000552407 0)
(0.000552407 0.000552407 1.83806e-19)
(0.000552407 0.000552407 -3.64648e-19)
(0.000552407 0.000552407 0)
(0.000552407 0.000552407 -1.68983e-19)
(0.000552407 0.000552407 -1.63054e-19)
(0.000552407 0.000552407 1.5416e-19)
(0.000552407 0.000552407 -1.5416e-19)
(0.000552407 0.000552407 0)
(0.000552407 0.000552407 -1.39337e-19)
(0.000552407 0.000552407 1.33408e-19)
(0.000552407 0.000552407 4.03241e-29)
(0.000552407 0.000552407 1.21549e-19)
(0.000552407 0.000552407 0)
(0.000552407 0.000552407 0)
(0.000552407 0.000552407 0)
(0.000552407 0.000552407 0)
(0.000552407 0.000552407 0)
(0.000552407 0.000552407 -8.59738e-20)
(0.000552407 0.000552407 8.00446e-20)
(0.000552407 0.000552407 0)
(0.000552407 0.000552407 0)
(0.000552407 0.000552407 5.92923e-20)
(0.000552407 0.000552407 -5.92923e-20)
(0.000552407 0.000552407 0)
(0.000552407 0.000552407 0)
(0.000552407 0.000552407 -3.854e-20)
(0.000552407 0.000552407 2.96462e-21)
(0.000552407 0.000552407 2.96462e-20)
(0.000552407 0.000552407 0)
(0.000552407 0.000552407 0)
(0.000552407 0.000552407 -8.89385e-21)
(0.000552407 0.000552407 3.95098e-21)
(0.000552406 0.000552406 0)
(0.000552406 0.000552406 0)
(0.000552406 0.000552406 0)
(0.000552406 0.000552406 0)
(0.000552406 0.000552406 0)
(0.000552406 0.000552406 0)
(0.000552406 0.000552406 0)
(0.000552406 0.000552406 0)
(0.000552406 0.000552406 0)
(0.000552406 0.000552406 3.58718e-19)
(0.000552406 0.000552406 -5.92923e-21)
(0.000552406 0.000552406 -2.96462e-21)
(0.000552406 0.000552406 0)
(0.000552406 0.000552406 0)
(0.000552406 0.000552406 1.48231e-19)
(0.000552406 0.000552406 -2.90532e-19)
(0.000552406 0.000552406 2.81638e-19)
(0.000552406 0.000552406 0)
(0.000552406 0.000552406 -1.27478e-19)
(0.000552406 0.000552406 -2.43098e-19)
(0.000552406 0.000552406 0)
(0.000552406 0.000552406 0)
(0.000552406 0.000552406 0)
(0.000552406 0.000552406 9.78323e-20)
(0.000552406 0.000552406 -9.19031e-20)
(0.000552406 0.000552406 8.59738e-20)
(0.000552406 0.000552406 0)
(0.000552406 0.000552406 0)
(0.000552406 0.000552406 6.52215e-20)
(0.000552406 0.000552406 -6.52215e-20)
(0.000552406 0.000552406 0)
(0.000552406 0.000552406 0)
(0.000552406 0.000552406 -4.44692e-20)
(0.000552406 0.000552406 7.41154e-20)
(0.000552406 0.000552406 -3.55754e-20)
(0.000552406 0.000552406 0)
(0.000552406 0.000552406 0)
(0.000552406 0.000552406 -1.48231e-20)
(0.000552406 0.000552406 8.89385e-21)
(0.000552406 0.000552406 0)
(0.000552406 0.000552405 0)
(0.000552406 0.000552405 0)
(0.000552406 0.000552405 0)
(0.000552405 0.000552405 0)
(0.000552405 0.000552405 0)
(0.000552405 0.000552405 0)
(0.000552405 0.000552405 0)
(0.000552405 0.000552405 0)
(0.000552405 0.000552405 0)
(0.000552406 0.000552405 0)
(0.000552405 0.000552405 1.71948e-19)
(0.000552405 0.000552405 -3.40931e-19)
(0.000552405 0.000552405 0)
(0.000552405 0.000552405 0)
(0.000552405 0.000552405 1.51195e-19)
(0.000552405 0.000552405 1.42302e-19)
(0.000552406 0.000552405 -1.42302e-19)
(0.000552405 0.000552405 0)
(0.000552405 0.000552405 -1.27478e-19)
(0.000552405 0.000552405 2.96462e-21)
(0.000552405 0.000552405 5.92923e-21)
(0.000552405 0.000552405 1.12655e-19)
(0.000552405 0.000552405 0)
(0.000552405 0.000552405 -1.95665e-19)
(0.000552405 0.000552405 9.19031e-20)
(0.000552405 0.000552405 0)
(0.000552405 0.000552405 0)
(0.000552405 0.000552405 7.11508e-20)
(0.000552405 0.000552405 -7.11508e-20)
(0.000552405 0.000552405 0)
(0.000552405 0.000552405 0)
(0.000552405 0.000552406 -5.03985e-20)
(0.000552405 0.000552406 8.59738e-20)
(0.000552405 0.000552406 -4.15046e-20)
(0.000552405 0.000552406 0)
(0.000552405 0.000552406 0)
(0.000552405 0.000552406 -2.07523e-20)
(0.000552405 0.000552406 1.48231e-20)
(0.000552405 0.000552406 0)
(0.000552405 0.000552406 0)
(0.000552405 0.000552405 0)
(0.000552405 0.000552405 0)
(0.000552405 0.000552405 0)
(0.000552405 0.000552405 0)
(0.000552405 0.000552405 0)
(0.000552405 0.000552405 0)
(0.000552405 0.000552405 0)
(0.000552405 0.000552405 0)
(0.000552405 0.000552405 0)
(0.000552405 0.000552405 0)
(0.000552405 0.000552405 0)
(0.000552405 0.000552405 2.96462e-21)
(0.000552405 0.000552405 1.66018e-19)
(0.000552405 0.000552405 1.5416e-19)
(0.000552405 0.000552405 -3.05355e-19)
(0.000552405 0.000552405 0)
(0.000552405 0.000552405 1.36372e-19)
(0.000552405 0.000552405 -2.66815e-19)
(0.000552405 0.000552405 2.57922e-19)
(0.000552405 0.000552405 0)
(0.000552405 0.000552405 1.12655e-19)
(0.000552405 0.000552405 -2.22346e-19)
(0.000552405 0.000552405 1.03762e-19)
(0.000552405 0.000552405 9.78323e-20)
(0.000552405 0.000552405 0)
(0.000552405 0.000552405 8.59738e-20)
(0.000552405 0.000552405 7.708e-20)
(0.000552405 0.000552405 -7.708e-20)
(0.000552405 0.000552405 0)
(0.000552405 0.000552405 0)
(0.000552405 0.000552405 -5.63277e-20)
(0.000552405 0.000552405 2.96462e-21)
(0.000552405 0.000552405 4.74338e-20)
(0.000552405 0.000552405 0)
(0.000552405 0.000552405 0)
(0.000552405 0.000552405 2.66815e-20)
(0.000552405 0.000552405 2.07523e-20)
(0.000552405 0.000552405 0)
(0.000552405 0.000552405 0)
(0.000552405 0.000552405 0)
(0.000552405 0.000552404 0)
(0.000552405 0.000552404 0)
(0.000552405 0.000552404 0)
(0.000552405 0.000552404 0)
(0.000552405 0.000552404 0)
(0.000552405 0.000552404 0)
(0.000552405 0.000552404 0)
(0.000552405 0.000552404 0)
(0.000552405 0.000552404 0)
(0.000552405 0.000552404 0)
(0.000552405 0.000552404 0)
(0.000552405 0.000552404 -1.66018e-19)
(0.000552405 0.000552404 3.26108e-19)
(0.000552405 0.000552404 -1.60089e-19)
(0.000552405 0.000552404 0)
(0.000552405 0.000552404 0)
(0.000552405 0.000552404 1.39337e-19)
(0.000552405 0.000552404 0)
(0.000552405 0.000552404 -1.27478e-19)
(0.000552405 0.000552404 2.40134e-19)
(0.000552405 0.000552404 -5.92923e-21)
(0.000552404 0.000552404 -5.92923e-21)
(0.000552404 0.000552405 -3.11285e-19)
(0.000552405 0.000552405 1.00797e-19)
(0.000552405 0.000552404 0)
(0.000552404 0.000552404 -2.96462e-21)
(0.000552404 0.000552405 -8.30092e-20)
(0.000552404 0.000552405 0)
(0.000552404 0.000552405 0)
(0.000552404 0.000552405 -6.22569e-20)
(0.000552404 0.000552405 1.09691e-19)
(0.000552404 0.000552405 -5.33631e-20)
(0.000552404 0.000552405 0)
(0.000552404 0.000552405 0)
(0.000552404 0.000552405 -3.26108e-20)
(0.000552404 0.000552405 -2.66815e-20)
(0.000552404 0.000552405 0)
(0.000552404 0.000552405 0)
(0.000552404 0.000552405 0)
(0.000552405 0.000552405 -3.95079e-21)
(0.000552404 0.000552404 0)
(0.000552404 0.000552404 0)
(0.000552404 0.000552404 0)
(0.000552404 0.000552404 0)
(0.000552404 0.000552404 0)
(0.000552404 0.000552404 0)
(0.000552404 0.000552404 0)
(0.000552404 0.000552404 0)
(0.000552404 0.000552404 0)
(0.000552404 0.000552404 0)
(0.000552404 0.000552404 0)
(0.000552404 0.000552404 0)
(0.000552404 0.000552404 -1.60089e-19)
(0.000552404 0.000552404 5.92923e-21)
(0.000552404 0.000552404 1.5416e-19)
(0.000552404 0.000552404 1.42302e-19)
(0.000552404 0.000552404 -2.81638e-19)
(0.000552404 0.000552404 0)
(0.000552404 0.000552404 1.27478e-19)
(0.000552404 0.000552404 1.68047e-29)
(0.000552404 0.000552404 1.12655e-19)
(0.000552404 0.000552404 -2.96462e-21)
(0.000552404 0.000552404 1.00797e-19)
(0.000552404 0.000552404 -1.98629e-19)
(0.000552404 0.000552404 8.89385e-20)
(0.000552404 0.000552404 -8.89385e-20)
(0.000552404 0.000552404 0)
(0.000552404 0.000552404 0)
(0.000552404 0.000552404 -6.81862e-20)
(0.000552404 0.000552404 2.96462e-21)
(0.000552404 0.000552404 5.92923e-20)
(0.000552404 0.000552404 0)
(0.000552404 0.000552404 0)
(0.000552404 0.000552404 -3.854e-20)
(0.000552404 0.000552404 3.26108e-20)
(0.000552404 0.000552404 0)
(0.000552404 0.000552404 0)
(0.000552404 0.000552404 -2.66815e-20)
(0.000552404 0.000552404 8.89385e-21)
(0.000552404 0.000552404 -7.90155e-21)
(0.000552404 0.000552404 0)
(0.000552404 0.000552404 0)
(0.000552404 0.000552404 0)
(0.000552404 0.000552404 0)
(0.000552404 0.000552404 0)
(0.000552404 0.000552404 0)
(0.000552404 0.000552404 0)
(0.000552404 0.000552404 0)
(0.000552404 0.000552404 0)
(0.000552404 0.000552404 0)
(0.000552404 0.000552404 0)
(0.000552404 0.000552404 0)
(0.000552404 0.000552404 0)
(0.000552404 0.000552404 -1.5416e-19)
(0.000552404 0.000552404 3.02391e-19)
(0.000552404 0.000552404 -2.96462e-21)
(0.000552404 0.000552404 0)
(0.000552404 0.000552404 -2.63851e-19)
(0.000552404 0.000552404 2.54957e-19)
(0.000552404 0.000552404 -3.67612e-19)
(0.000552404 0.000552404 -1.1562e-19)
(0.000552404 0.000552404 2.16417e-19)
(0.000552404 0.000552404 -5.92923e-21)
(0.000552404 0.000552404 -2.96462e-21)
(0.000552404 0.000552404 -8.89385e-20)
(0.000552404 0.000552404 8.89385e-20)
(0.000552404 0.000552404 0)
(0.000552404 0.000552404 -7.41154e-20)
(0.000552404 0.000552404 1.33408e-19)
(0.000552404 0.000552404 -6.52215e-20)
(0.000552404 0.000552404 0)
(0.000552404 0.000552404 0)
(0.000552404 0.000552404 -4.44692e-20)
(0.000552404 0.000552404 3.854e-20)
(0.000552404 0.000552404 0)
(0.000552404 0.000552404 0)
(0.000552404 0.000552404 -1.77877e-20)
(0.000552404 0.000552404 2.96462e-20)
(0.000552404 0.000552404 -5.92923e-21)
(0.000552404 0.000552404 -3.95076e-21)
(0.000552404 0.000552404 0)
(0.000552404 0.000552404 0)
(0.000552404 0.000552404 0)
(0.000552404 0.000552404 0)
(0.000552404 0.000552404 0)
(0.000552404 0.000552404 0)
(0.000552404 0.000552404 0)
(0.000552404 0.000552404 0)
(0.000552404 0.000552404 0)
(0.000552404 0.000552404 0)
(0.000552404 0.000552404 0)
(0.000552404 0.000552404 0)
(0.000552404 0.000552404 0)
(0.000552404 0.000552404 0)
(0.000552404 0.000552404 0)
(0.000552404 0.000552404 5.07717e-30)
(0.000552404 0.000552404 -1.39337e-19)
(0.000552404 0.000552404 -4.35689e-30)
(0.000552404 0.000552404 -1.24514e-19)
(0.000552404 0.000552404 2.46063e-19)
(0.000552404 0.000552404 1.1562e-19)
(0.000552404 0.000552404 7.69723e-30)
(0.000552404 0.000552404 1.03762e-19)
(0.000552404 0.000552404 0)
(0.000552404 0.000552404 -8.89385e-20)
(0.000552404 0.000552404 5.92923e-21)
(0.000552404 0.000552404 1.63054e-19)
(0.000552404 0.000552404 1.45266e-19)
(0.000552404 0.000552404 -7.11508e-20)
(0.000552404 0.000552404 0)
(0.000552404 0.000552404 0)
(0.000552404 0.000552404 -5.03985e-20)
(0.000552404 0.000552404 4.44692e-20)
(0.000552404 0.000552404 0)
(0.000552404 0.000552404 0)
(0.000552404 0.000552404 0)
(0.000552404 0.000552404 -2.96462e-21)
(0.000552404 0.000552404 -5.92923e-21)
(0.000552404 0.000552404 -2.96462e-21)
(0.000552404 0.000552404 -3.95076e-21)
(0.000552404 0.000552404 0)
(0.000552404 0.000552404 0)
(0.000552404 0.000552404 0)
(0.000552404 0.000552404 0)
(0.000552404 0.000552404 0)
(0.000552404 0.000552404 0)
(0.000552404 0.000552404 0)
(0.000552404 0.000552404 0)
(0.000552404 0.000552404 0)
(0.000552404 0.000552404 0)
(0.000552404 0.000552404 0)
(0.000552404 0.000552404 0)
(0.000552404 0.000552404 0)
(0.000552404 0.000552404 0)
(0.000552404 0.000552404 0)
(0.000552404 0.000552404 -1.45266e-19)
(0.000552404 0.000552404 2.75709e-19)
(0.000552404 0.000552404 -2.96462e-21)
(0.000552404 0.000552404 0)
(0.000552404 0.000552404 -2.40134e-19)
(0.000552404 0.000552404 2.3124e-19)
(0.000552404 0.000552404 -3.29072e-19)
(0.000552404 0.000552404 -1.00797e-19)
(0.000552404 0.000552404 0)
(0.000552404 0.000552404 0)
(0.000552404 0.000552404 -2.96462e-21)
(0.000552404 0.000552404 -8.30092e-20)
(0.000552404 0.000552404 7.41154e-20)
(0.000552404 0.000552404 0)
(0.000552404 0.000552404 0)
(0.000552404 0.000552404 5.63277e-20)
(0.000552404 0.000552404 5.03985e-20)
(0.000552404 0.000552404 0)
(0.000552404 0.000552404 0)
(0.000552404 0.000552404 -2.96462e-20)
(0.000552404 0.000552404 2.66815e-20)
(0.000552404 0.000552404 -5.92923e-21)
(0.000552404 0.000552404 -2.96462e-21)
(0.000552404 0.000552404 -2.96462e-21)
(0.000552404 0.000552404 -7.90155e-21)
(0.000552405 0.000552405 0)
(0.000552405 0.000552405 0)
(0.000552405 0.000552405 0)
(0.000552405 0.000552405 0)
(0.000552405 0.000552405 0)
(0.000552405 0.000552405 0)
(0.000552405 0.000552405 0)
(0.000552405 0.000552404 0)
(0.000552405 0.000552404 0)
(0.000552405 0.000552404 0)
(0.000552405 0.000552404 0)
(0.000552405 0.000552404 0)
(0.000552405 0.000552404 0)
(0.000552405 0.000552404 0)
(0.000552405 0.000552404 0)
(0.000552405 0.000552404 0)
(0.000552405 0.000552404 -1.39337e-19)
(0.000552405 0.000552404 1.33408e-19)
(0.000552405 0.000552404 -1.27478e-19)
(0.000552405 0.000552404 3.43332e-30)
(0.000552405 0.000552405 -1.1562e-19)
(0.000552405 0.000552405 0)
(0.000552405 0.000552405 1.03762e-19)
(0.000552405 0.000552405 -9.78323e-20)
(0.000552405 0.000552405 8.89385e-20)
(0.000552405 0.000552405 -8.59738e-20)
(0.000552405 0.000552405 2.96462e-21)
(0.000552405 0.000552405 -1.48231e-19)
(0.000552404 0.000552405 6.81862e-20)
(0.000552404 0.000552405 -6.22569e-20)
(0.000552404 0.000552405 -5.63277e-20)
(0.000552404 0.000552405 0)
(0.000552404 0.000552405 0)
(0.000552404 0.000552405 0)
(0.000552404 0.000552405 -2.96462e-21)
(0.000552405 0.000552405 -5.92923e-21)
(0.000552404 0.000552405 -2.96462e-21)
(0.000552404 0.000552405 -2.96462e-21)
(0.000552404 0.000552405 -5.92923e-21)
(0.000552405 0.000552405 -7.90159e-21)
(0.000552405 0.000552405 0)
(0.000552405 0.000552405 0)
(0.000552405 0.000552405 0)
(0.000552405 0.000552405 0)
(0.000552405 0.000552405 0)
(0.000552405 0.000552405 0)
(0.000552405 0.000552405 0)
(0.000552405 0.000552405 0)
(0.000552405 0.000552405 0)
(0.000552405 0.000552405 0)
(0.000552405 0.000552405 0)
(0.000552405 0.000552405 0)
(0.000552405 0.000552405 0)
(0.000552405 0.000552405 0)
(0.000552405 0.000552405 -1.48231e-19)
(0.000552405 0.000552405 2.96462e-21)
(0.000552405 0.000552405 1.39337e-19)
(0.000552405 0.000552405 -1.33408e-19)
(0.000552405 0.000552405 2.51992e-19)
(0.000552405 0.000552405 -5.92923e-21)
(0.000552405 0.000552405 -2.96462e-21)
(0.000552405 0.000552405 0)
(0.000552405 0.000552405 0)
(0.000552405 0.000552405 1.67841e-29)
(0.000552405 0.000552405 -8.89385e-20)
(0.000552405 0.000552405 8.89385e-20)
(0.000552405 0.000552405 -8.00446e-20)
(0.000552405 0.000552405 7.41154e-20)
(0.000552405 0.000552405 -1.53774e-29)
(0.000552405 0.000552405 1.24514e-19)
(0.000552405 0.000552405 0)
(0.000552405 0.000552405 -4.74338e-20)
(0.000552405 0.000552405 5.92923e-21)
(0.000552405 0.000552405 3.854e-20)
(0.000552405 0.000552405 -5.92923e-21)
(0.000552405 0.000552405 -2.96462e-21)
(0.000552405 0.000552405 -2.96462e-21)
(0.000552405 0.000552405 -5.92923e-21)
(0.000552405 0.000552405 -5.92923e-21)
(0.000552405 0.000552405 -3.95082e-21)
(0.000552406 0.000552406 0)
(0.000552406 0.000552406 0)
(0.000552406 0.000552406 0)
(0.000552405 0.000552405 0)
(0.000552406 0.000552406 0)
(0.000552406 0.000552406 0)
(0.000552405 0.000552405 0)
(0.000552405 0.000552405 0)
(0.000552406 0.000552405 0)
(0.000552406 0.000552405 0)
(0.000552406 0.000552405 0)
(0.000552406 0.000552405 0)
(0.000552406 0.000552405 0)
(0.000552406 0.000552405 1.57125e-19)
(0.000552406 0.000552405 -1.51195e-19)
(0.000552406 0.000552405 1.45266e-19)
(0.000552406 0.000552405 0)
(0.000552406 0.000552405 0)
(0.000552406 0.000552405 -1.24514e-19)
(0.000552406 0.000552405 3.67612e-19)
(0.000552406 0.000552405 1.1562e-19)
(0.000552406 0.000552405 0)
(0.000552406 0.000552406 -1.00797e-19)
(0.000552406 0.000552406 1.03762e-19)
(0.000552406 0.000552406 1.83806e-19)
(0.000552406 0.000552406 -1.71948e-19)
(0.000552405 0.000552406 1.63054e-19)
(0.000552405 0.000552406 7.41154e-20)
(0.000552405 0.000552406 -6.81862e-20)
(0.000552405 0.000552406 -1.24514e-19)
(0.000552405 0.000552406 0)
(0.000552405 0.000552406 -4.74338e-20)
(0.000552405 0.000552405 4.44692e-20)
(0.000552406 0.000552406 -5.92923e-21)
(0.000552405 0.000552405 -2.96462e-21)
(0.000552405 0.000552406 -2.96462e-21)
(0.000552405 0.000552405 -5.92923e-21)
(0.000552405 0.000552406 -5.92923e-21)
(0.000552405 0.000552405 -2.96462e-21)
(0.000552405 0.000552406 -3.95087e-21)
(0.000552406 0.000552406 0)
(0.000552406 0.000552406 0)
(0.000552406 0.000552406 0)
(0.000552406 0.000552406 0)
(0.000552406 0.000552406 0)
(0.000552406 0.000552406 0)
(0.000552406 0.000552406 0)
(0.000552406 0.000552406 0)
(0.000552406 0.000552406 0)
(0.000552406 0.000552406 0)
(0.000552406 0.000552406 0)
(0.000552406 0.000552406 0)
(0.000552406 0.000552406 0)
(0.000552406 0.000552406 -3.14249e-19)
(0.000552406 0.000552406 1.51195e-19)
(0.000552406 0.000552406 0)
(0.000552406 0.000552406 -1.36372e-19)
(0.000552406 0.000552406 2.66815e-19)
(0.000552406 0.000552406 -1.30443e-19)
(0.000552406 0.000552406 -1.21549e-19)
(0.000552406 0.000552406 3.20266e-29)
(0.000552406 0.000552406 0)
(0.000552406 0.000552406 -1.00797e-19)
(0.000552406 0.000552406 1.00797e-19)
(0.000552406 0.000552406 9.19031e-20)
(0.000552406 0.000552406 8.30092e-20)
(0.000552406 0.000552406 -2.96462e-21)
(0.000552406 0.000552406 -7.41154e-20)
(0.000552406 0.000552406 -6.81862e-20)
(0.000552406 0.000552406 5.92923e-20)
(0.000552406 0.000552406 5.03985e-20)
(0.000552406 0.000552406 -5.63277e-20)
(0.000552406 0.000552406 -5.92923e-21)
(0.000552406 0.000552406 -2.96462e-21)
(0.000552406 0.000552406 -2.96462e-21)
(0.000552406 0.000552406 -5.92923e-21)
(0.000552406 0.000552406 -5.92923e-21)
(0.000552406 0.000552406 -2.96462e-21)
(0.000552406 0.000552406 -2.96462e-21)
(0.000552406 0.000552406 -7.90183e-21)
(0.000552407 0.000552407 0)
(0.000552407 0.000552407 0)
(0.000552407 0.000552407 0)
(0.000552407 0.000552407 0)
(0.000552407 0.000552407 0)
(0.000552407 0.000552407 0)
(0.000552407 0.000552407 0)
(0.000552407 0.000552407 0)
(0.000552407 0.000552407 0)
(0.000552407 0.000552407 0)
(0.000552407 0.000552407 0)
(0.000552407 0.000552407 0)
(0.000552407 0.000552407 -1.63054e-19)
(0.000552407 0.000552407 1.57125e-19)
(0.000552407 0.000552407 0)
(0.000552407 0.000552407 1.45266e-19)
(0.000552407 0.000552407 1.36372e-19)
(0.000552407 0.000552407 -1.36372e-19)
(0.000552407 0.000552407 0)
(0.000552407 0.000552407 0)
(0.000552407 0.000552407 -2.3124e-19)
(0.000552407 0.000552407 -1.06726e-19)
(0.000552407 0.000552407 1.06726e-19)
(0.000552407 0.000552407 9.48677e-20)
(0.000552407 0.000552407 -1.86771e-19)
(0.000552407 0.000552407 8.59738e-20)
(0.000552407 0.000552407 -2.96462e-21)
(0.000552407 0.000552407 -1.48231e-19)
(0.000552407 0.000552407 1.39337e-19)
(0.000552407 0.000552407 2.96462e-21)
(0.000552407 0.000552407 5.92923e-20)
(0.000552407 0.000552407 9.78323e-20)
(0.000552407 0.000552407 -2.96462e-21)
(0.000552407 0.000552407 -2.96462e-21)
(0.000552407 0.000552407 -5.92923e-21)
(0.000552407 0.000552407 -5.92923e-21)
(0.000552407 0.000552407 -2.96462e-21)
(0.000552407 0.000552407 -2.96462e-21)
(0.000552407 0.000552407 -5.92923e-21)
(0.000552407 0.000552407 -7.90196e-21)
(0.000552408 0.000552408 0)
(0.000552408 0.000552408 0)
(0.000552408 0.000552408 0)
(0.000552408 0.000552408 0)
(0.000552408 0.000552408 0)
(0.000552408 0.000552408 0)
(0.000552408 0.000552408 0)
(0.000552408 0.000552408 0)
(0.000552408 0.000552408 0)
(0.000552408 0.000552408 0)
(0.000552408 0.000552408 0)
(0.000552408 0.000552408 -1.68983e-19)
(0.000552408 0.000552408 1.63054e-19)
(0.000552408 0.000552408 0)
(0.000552408 0.000552408 0)
(0.000552408 0.000552408 -2.96462e-21)
(0.000552408 0.000552408 -1.42302e-19)
(0.000552408 0.000552408 0)
(0.000552408 0.000552408 0)
(0.000552408 0.000552408 -1.21549e-19)
(0.000552408 0.000552408 2.28275e-19)
(0.000552408 0.000552408 -2.19382e-19)
(0.000552408 0.000552408 2.07523e-19)
(0.000552408 0.000552408 -1.00797e-19)
(0.000552408 0.000552408 9.19031e-20)
(0.000552408 0.000552408 -8.59738e-20)
(0.000552408 0.000552408 8.00446e-20)
(0.000552408 0.000552408 -7.11508e-20)
(0.000552408 0.000552408 5.92923e-21)
(0.000552408 0.000552408 6.81862e-20)
(0.000552408 0.000552408 2.96462e-21)
(0.000552408 0.000552408 4.74338e-20)
(0.000552408 0.000552408 -5.92923e-21)
(0.000552408 0.000552408 -5.92923e-21)
(0.000552408 0.000552408 -5.92923e-21)
(0.000552408 0.000552408 -2.96462e-21)
(0.000552408 0.000552408 -2.96462e-21)
(0.000552408 0.000552408 -5.92923e-21)
(0.000552408 0.000552408 -5.92923e-21)
(0.000552407 0.000552408 -3.95105e-21)
(0.000552409 0.000552409 0)
(0.000552409 0.000552409 0)
(0.000552409 0.000552409 0)
(0.000552409 0.000552409 0)
(0.000552409 0.000552409 0)
(0.000552409 0.000552409 0)
(0.000552409 0.000552409 0)
(0.000552409 0.000552409 0)
(0.000552409 0.000552409 0)
(0.000552409 0.000552409 0)
(0.000552409 0.000552409 -1.74912e-19)
(0.000552409 0.000552409 1.68983e-19)
(0.000552409 0.000552409 0)
(0.000552409 0.000552409 0)
(0.000552409 0.000552409 1.48231e-19)
(0.000552409 0.000552409 -1.48231e-19)
(0.000552409 0.000552409 0)
(0.000552409 0.000552409 0)
(0.000552409 0.000552409 -1.27478e-19)
(0.000552409 0.000552409 2.96462e-21)
(0.000552409 0.000552409 1.18585e-19)
(0.000552409 0.000552409 0)
(0.000552409 0.000552409 -1.00797e-19)
(0.000552409 0.000552409 5.92923e-21)
(0.000552409 0.000552409 2.96462e-21)
(0.000552409 0.000552409 8.30092e-20)
(0.000552409 0.000552409 -1.63054e-19)
(0.000552409 0.000552409 -7.11508e-20)
(0.000552409 0.000552409 7.41154e-20)
(0.000552409 0.000552409 -2.57302e-29)
(0.000552409 0.000552409 -1.12655e-19)
(0.000552409 0.000552409 5.33631e-20)
(0.000552409 0.000552409 4.44692e-20)
(0.000552409 0.000552409 7.41154e-20)
(0.000552409 0.000552409 -2.96462e-21)
(0.000552409 0.000552409 -2.96462e-21)
(0.000552409 0.000552409 -5.92923e-21)
(0.000552409 0.000552409 -5.92923e-21)
(0.000552409 0.000552409 -2.96462e-21)
(0.000552409 0.000552409 -3.95113e-21)
(0.00055241 0.00055241 0)
(0.00055241 0.00055241 0)
(0.00055241 0.00055241 0)
(0.00055241 0.00055241 0)
(0.00055241 0.00055241 0)
(0.00055241 0.00055241 0)
(0.00055241 0.00055241 0)
(0.00055241 0.00055241 0)
(0.00055241 0.00055241 0)
(0.00055241 0.00055241 -1.80842e-19)
(0.00055241 0.00055241 1.74912e-19)
(0.00055241 0.00055241 0)
(0.00055241 0.00055241 0)
(0.00055241 0.00055241 1.5416e-19)
(0.00055241 0.00055241 -1.5416e-19)
(0.00055241 0.00055241 0)
(0.00055241 0.00055241 0)
(0.00055241 0.00055241 -1.33408e-19)
(0.00055241 0.00055241 2.51992e-19)
(0.00055241 0.00055241 -1.24514e-19)
(0.00055241 0.00055241 0)
(0.00055241 0.00055241 0)
(0.00055241 0.00055241 -1.03762e-19)
(0.00055241 0.00055241 -9.48677e-20)
(0.00055241 0.00055241 1.83806e-19)
(0.00055241 0.00055241 -9.19031e-20)
(0.00055241 0.00055241 -8.30092e-20)
(0.00055241 0.00055241 2.96462e-21)
(0.00055241 0.00055241 -2.5524e-29)
(0.00055241 0.00055241 -2.96462e-21)
(0.00055241 0.00055241 -2.96462e-21)
(0.00055241 0.00055241 -5.03985e-20)
(0.00055241 0.00055241 2.96462e-21)
(0.00055241 0.00055241 3.55754e-20)
(0.00055241 0.00055241 -5.92923e-21)
(0.00055241 0.00055241 -5.92923e-21)
(0.00055241 0.00055241 -5.92923e-21)
(0.00055241 0.00055241 -2.96462e-21)
(0.00055241 0.00055241 -2.96462e-21)
(0.00055241 0.00055241 -7.90245e-21)
(0.000552411 0.000552412 0)
(0.000552411 0.000552412 0)
(0.000552412 0.000552412 0)
(0.000552411 0.000552412 0)
(0.000552411 0.000552412 0)
(0.000552412 0.000552411 0)
(0.000552412 0.000552411 0)
(0.000552411 0.000552412 0)
(0.000552412 0.000552412 -1.86771e-19)
(0.000552412 0.000552411 1.80842e-19)
(0.000552411 0.000552412 0)
(0.000552411 0.000552412 0)
(0.000552412 0.000552411 1.60089e-19)
(0.000552412 0.000552411 -1.60089e-19)
(0.000552412 0.000552411 0)
(0.000552412 0.000552411 0)
(0.000552412 0.000552411 -1.39337e-19)
(0.000552412 0.000552411 2.63851e-19)
(0.000552412 0.000552411 -1.30443e-19)
(0.000552412 0.000552411 0)
(0.000552412 0.000552411 0)
(0.000552412 0.000552411 -1.09691e-19)
(0.000552412 0.000552411 1.03762e-19)
(0.000552412 0.000552411 0)
(0.000552412 0.000552412 0)
(0.000552412 0.000552412 8.59738e-20)
(0.000552411 0.000552411 -7.708e-20)
(0.000552412 0.000552412 2.96462e-21)
(0.000552411 0.000552411 1.36372e-19)
(0.000552412 0.000552412 -1.21549e-19)
(0.000552411 0.000552411 1.71948e-19)
(0.000552411 0.000552412 -5.33631e-20)
(0.000552411 0.000552411 -8.89385e-20)
(0.000552411 0.000552412 4.15046e-20)
(0.000552411 0.000552411 3.26108e-20)
(0.000552411 0.000552412 5.03985e-20)
(0.000552411 0.000552411 -2.96462e-21)
(0.000552411 0.000552411 -2.96462e-21)
(0.000552412 0.000552412 -5.92923e-21)
(0.000552411 0.000552411 -7.90266e-21)
(0.000552413 0.000552413 0)
(0.000552413 0.000552413 0)
(0.000552413 0.000552413 0)
(0.000552413 0.000552413 0)
(0.000552413 0.000552413 0)
(0.000552413 0.000552413 0)
(0.000552413 0.000552413 0)
(0.000552413 0.000552413 -1.927e-19)
(0.000552413 0.000552413 1.86771e-19)
(0.000552413 0.000552413 0)
(0.000552413 0.000552413 0)
(0.000552413 0.000552413 1.66018e-19)
(0.000552413 0.000552413 -1.66018e-19)
(0.000552413 0.000552413 0)
(0.000552413 0.000552413 0)
(0.000552413 0.000552413 -1.45266e-19)
(0.000552413 0.000552413 2.75709e-19)
(0.000552413 0.000552413 -1.36372e-19)
(0.000552413 0.000552413 0)
(0.000552413 0.000552413 0)
(0.000552413 0.000552413 1.1562e-19)
(0.000552413 0.000552413 1.09691e-19)
(0.000552413 0.000552413 0)
(0.000552413 0.000552413 9.78323e-20)
(0.000552413 0.000552413 -8.89385e-20)
(0.000552413 0.000552413 8.59738e-20)
(0.000552413 0.000552413 -1.63054e-19)
(0.000552413 0.000552413 -7.41154e-20)
(0.000552413 0.000552413 -6.81862e-20)
(0.000552413 0.000552413 6.52215e-20)
(0.000552413 0.000552413 -1.06726e-19)
(0.000552413 0.000552413 1.03762e-19)
(0.000552413 0.000552413 -2.96462e-21)
(0.000552412 0.000552413 -3.854e-20)
(0.000552413 0.000552413 2.96462e-21)
(0.000552412 0.000552413 2.37169e-20)
(0.000552413 0.000552413 -5.92923e-21)
(0.000552413 0.000552413 -5.92923e-21)
(0.000552413 0.000552413 -5.92923e-21)
(0.000552413 0.000552413 -7.90288e-21)
(0.000552414 0.000552414 0)
(0.000552414 0.000552414 0)
(0.000552414 0.000552414 0)
(0.000552414 0.000552414 0)
(0.000552414 0.000552414 0)
(0.000552414 0.000552414 0)
(0.000552414 0.000552414 -1.98629e-19)
(0.000552414 0.000552414 1.927e-19)
(0.000552414 0.000552414 0)
(0.000552414 0.000552414 0)
(0.000552414 0.000552414 1.71948e-19)
(0.000552414 0.000552414 -1.71948e-19)
(0.000552414 0.000552414 0)
(0.000552414 0.000552414 0)
(0.000552414 0.000552414 -1.51195e-19)
(0.000552414 0.000552414 2.87568e-19)
(0.000552414 0.000552414 -1.42302e-19)
(0.000552414 0.000552414 0)
(0.000552414 0.000552414 0)
(0.000552414 0.000552414 -1.21549e-19)
(0.000552414 0.000552414 -1.1562e-19)
(0.000552414 0.000552414 0)
(0.000552414 0.000552414 0)
(0.000552414 0.000552414 -1.927e-19)
(0.000552414 0.000552414 9.19031e-20)
(0.000552415 0.000552415 -5.92923e-21)
(0.000552414 0.000552414 -2.96462e-21)
(0.000552414 0.000552415 3.58581e-29)
(0.000552414 0.000552414 -6.52215e-20)
(0.000552414 0.000552415 2.96462e-21)
(0.000552414 0.000552414 1.12655e-19)
(0.000552414 0.000552415 -9.78323e-20)
(0.000552414 0.000552414 9.48677e-20)
(0.000552414 0.000552415 9.1895e-31)
(0.000552414 0.000552414 -6.52215e-20)
(0.000552414 0.000552414 3.26108e-20)
(0.000552415 0.000552414 2.37169e-20)
(0.000552414 0.000552414 2.66815e-20)
(0.000552415 0.000552414 -5.92923e-21)
(0.000552414 0.000552414 -3.95157e-21)
(0.000552416 0.000552416 0)
(0.000552416 0.000552416 0)
(0.000552416 0.000552416 0)
(0.000552416 0.000552416 0)
(0.000552416 0.000552416 -2.07523e-19)
(0.000552416 0.000552416 2.96462e-21)
(0.000552416 0.000552416 1.98629e-19)
(0.000552416 0.000552416 0)
(0.000552416 0.000552416 0)
(0.000552416 0.000552416 1.77877e-19)
(0.000552416 0.000552416 -1.77877e-19)
(0.000552416 0.000552416 0)
(0.000552416 0.000552416 0)
(0.000552416 0.000552416 -1.57125e-19)
(0.000552416 0.000552416 2.96462e-21)
(0.000552416 0.000552416 1.48231e-19)
(0.000552416 0.000552416 0)
(0.000552416 0.000552416 0)
(0.000552416 0.000552416 1.27478e-19)
(0.000552416 0.000552416 1.21549e-19)
(0.000552416 0.000552416 0)
(0.000552416 0.000552416 -1.06726e-19)
(0.000552416 0.000552416 5.92923e-21)
(0.000552416 0.000552416 9.78323e-20)
(0.000552416 0.000552416 -5.92923e-21)
(0.000552416 0.000552416 -2.96462e-21)
(0.000552416 0.000552416 -2.96462e-21)
(0.000552416 0.000552416 -5.92923e-21)
(0.000552416 0.000552416 -1.39337e-19)
(0.000552415 0.000552416 -6.22569e-20)
(0.000552416 0.000552416 -5.63277e-20)
(0.000552415 0.000552416 5.33631e-20)
(0.000552416 0.000552416 -5.63611e-31)
(0.000552415 0.000552416 -2.96462e-21)
(0.000552416 0.000552416 -2.96462e-20)
(0.000552416 0.000552416 -2.37169e-20)
(0.000552416 0.000552416 2.96462e-21)
(0.000552416 0.000552416 1.77877e-20)
(0.000552416 0.000552416 2.73713e-30)
(0.000552416 0.000552416 -3.9517e-21)
(0.000552417 0.000552417 0)
(0.000552418 0.000552418 0)
(0.000552418 0.000552417 0)
(0.000552418 0.000552417 0)
(0.000552418 0.000552418 -2.10488e-19)
(0.000552418 0.000552418 2.04558e-19)
(0.000552417 0.000552418 0)
(0.000552417 0.000552418 0)
(0.000552418 0.000552418 1.83806e-19)
(0.000552417 0.000552417 -1.83806e-19)
(0.000552417 0.000552417 0)
(0.000552418 0.000552418 0)
(0.000552418 0.000552418 -1.63054e-19)
(0.000552418 0.000552417 3.11285e-19)
(0.000552418 0.000552417 -1.5416e-19)
(0.000552418 0.000552417 0)
(0.000552417 0.000552417 0)
(0.000552417 0.000552417 -1.33408e-19)
(0.000552418 0.000552417 -1.27478e-19)
(0.000552418 0.000552417 0)
(0.000552418 0.000552417 0)
(0.000552418 0.000552418 -1.06726e-19)
(0.000552417 0.000552417 1.03762e-19)
(0.000552418 0.000552418 -5.92923e-21)
(0.000552417 0.000552417 -2.96462e-21)
(0.000552418 0.000552418 -2.96462e-21)
(0.000552417 0.000552417 -5.92923e-21)
(0.000552418 0.000552418 -5.92923e-21)
(0.000552417 0.000552418 -2.96462e-21)
(0.000552417 0.000552418 1.38063e-29)
(0.000552417 0.000552417 -5.33631e-20)
(0.000552417 0.000552418 2.96462e-21)
(0.000552417 0.000552418 8.89385e-20)
(0.000552417 0.000552418 2.96462e-21)
(0.000552418 0.000552418 9.78323e-20)
(0.000552418 0.000552417 -2.66815e-20)
(0.000552418 0.000552418 -1.77877e-20)
(0.000552418 0.000552417 1.48231e-20)
(0.000552418 0.000552418 8.89385e-21)
(0.000552417 0.000552417 3.95184e-21)
(0.000552419 0.000552419 0)
(0.000552419 0.000552419 0)
(0.000552419 0.000552419 -2.19382e-19)
(0.000552419 0.000552419 2.96462e-21)
(0.000552419 0.000552419 2.10488e-19)
(0.000552419 0.000552419 0)
(0.000552419 0.000552419 -1.95665e-19)
(0.000552419 0.000552419 3.854e-19)
(0.000552419 0.000552419 -1.89735e-19)
(0.000552419 0.000552419 0)
(0.000552419 0.000552419 0)
(0.000552419 0.000552419 -1.68983e-19)
(0.000552419 0.000552419 3.23143e-19)
(0.000552419 0.000552419 -1.60089e-19)
(0.000552419 0.000552419 0)
(0.000552419 0.000552419 0)
(0.000552419 0.000552419 -1.39337e-19)
(0.000552419 0.000552419 1.33408e-19)
(0.000552419 0.000552419 0)
(0.000552419 0.000552419 0)
(0.000552419 0.000552419 -2.28275e-19)
(0.000552419 0.000552419 1.09691e-19)
(0.000552419 0.000552419 -5.92923e-21)
(0.000552419 0.000552419 -2.96462e-21)
(0.000552419 0.000552419 -2.96462e-21)
(0.000552419 0.000552419 -5.92923e-21)
(0.000552419 0.000552419 -5.92923e-21)
(0.000552419 0.000552419 -2.96462e-21)
(0.000552419 0.00055242 -2.96462e-21)
(0.000552419 0.000552419 -5.92923e-21)
(0.000552419 0.00055242 -1.1562e-19)
(0.000552419 0.000552419 -5.03985e-20)
(0.000552419 0.000552419 -4.15046e-20)
(0.00055242 0.000552419 3.854e-20)
(0.000552419 0.000552419 -6.52215e-20)
(0.00055242 0.000552419 8.00446e-20)
(0.000552419 0.000552419 -2.96462e-21)
(0.00055242 0.000552419 -2.96462e-20)
(0.000552419 0.000552419 2.96462e-21)
(0.00055242 0.00055242 7.90399e-21)
(0.000552421 0.000552421 0)
(0.000552421 0.000552421 2.28275e-19)
(0.000552421 0.000552421 -2.22346e-19)
(0.000552421 0.000552421 2.16417e-19)
(0.000552421 0.000552421 0)
(0.000552421 0.000552421 0)
(0.000552421 0.000552421 0)
(0.000552421 0.000552421 0)
(0.000552421 0.000552421 0)
(0.000552421 0.000552421 0)
(0.000552421 0.000552421 -1.74912e-19)
(0.000552421 0.000552421 3.35002e-19)
(0.000552421 0.000552421 -1.66018e-19)
(0.000552421 0.000552421 0)
(0.000552421 0.000552421 0)
(0.000552421 0.000552421 1.45266e-19)
(0.000552421 0.000552421 1.39337e-19)
(0.000552421 0.000552421 0)
(0.000552421 0.000552421 0)
(0.000552421 0.000552421 -1.18585e-19)
(0.000552421 0.000552421 2.3124e-19)
(0.000552421 0.000552421 -5.92923e-21)
(0.000552421 0.000552421 -2.96462e-21)
(0.000552421 0.000552421 -2.96462e-21)
(0.000552421 0.000552421 -5.92923e-21)
(0.000552421 0.000552421 -5.92923e-21)
(0.000552421 0.000552421 -2.96462e-21)
(0.000552421 0.000552421 -2.96462e-21)
(0.00055242 0.000552421 -5.92923e-21)
(0.000552421 0.000552421 -5.92923e-21)
(0.00055242 0.000552421 -2.96462e-21)
(0.000552421 0.000552421 -9.01268e-29)
(0.000552421 0.000552421 -4.44692e-20)
(0.000552421 0.000552421 2.96462e-21)
(0.000552421 0.000552421 3.26108e-20)
(0.000552421 0.000552421 -5.63277e-20)
(0.000552421 0.000552421 3.854e-20)
(0.000552421 0.000552421 -1.48231e-20)
(0.000552421 0.000552421 -5.92923e-21)
(0.000552421 0.000552421 3.95216e-21)
(0.000552423 0.000552423 0)
(0.000552423 0.000552423 -2.28275e-19)
(0.000552423 0.000552423 2.22346e-19)
(0.000552423 0.000552423 0)
(0.000552423 0.000552423 -2.07523e-19)
(0.000552423 0.000552423 2.07523e-19)
(0.000552423 0.000552423 0)
(0.000552423 0.000552423 0)
(0.000552423 0.000552423 0)
(0.000552423 0.000552423 -1.80842e-19)
(0.000552423 0.000552423 3.4686e-19)
(0.000552423 0.000552423 -1.71948e-19)
(0.000552423 0.000552423 0)
(0.000552423 0.000552423 0)
(0.000552423 0.000552423 -1.51195e-19)
(0.000552423 0.000552423 -1.45266e-19)
(0.000552423 0.000552423 0)
(0.000552423 0.000552423 0)
(0.000552423 0.000552423 0)
(0.000552423 0.000552422 -2.96462e-21)
(0.000552423 0.000552423 -5.92923e-21)
(0.000552423 0.000552422 -2.96462e-21)
(0.000552423 0.000552423 -2.96462e-21)
(0.000552422 0.000552422 -5.92923e-21)
(0.000552423 0.000552423 -5.92923e-21)
(0.000552422 0.000552422 -2.96462e-21)
(0.000552423 0.000552423 -2.96462e-21)
(0.000552422 0.000552423 -5.92923e-21)
(0.000552422 0.000552423 -5.92923e-21)
(0.000552422 0.000552423 -2.96462e-21)
(0.000552423 0.000552423 -2.96462e-21)
(0.000552423 0.000552423 -5.92923e-21)
(0.000552423 0.000552423 -9.19031e-20)
(0.000552423 0.000552423 -3.854e-20)
(0.000552423 0.000552423 -2.96462e-20)
(0.000552423 0.000552423 5.33631e-20)
(0.000552423 0.000552422 -4.15046e-20)
(0.000552423 0.000552423 4.44692e-20)
(0.000552423 0.000552423 -2.96462e-21)
(0.000552423 0.000552423 -7.90467e-21)
(0.000552425 0.000552424 -3.12202e-19)
(0.000552425 0.000552424 0)
(0.000552424 0.000552425 0)
(0.000552424 0.000552424 2.16417e-19)
(0.000552424 0.000552424 0)
(0.000552424 0.000552424 0)
(0.000552424 0.000552424 0)
(0.000552425 0.000552424 0)
(0.000552424 0.000552425 -1.86771e-19)
(0.000552424 0.000552425 2.96462e-21)
(0.000552425 0.000552424 1.77877e-19)
(0.000552425 0.000552424 0)
(0.000552424 0.000552424 0)
(0.000552424 0.000552424 1.57125e-19)
(0.000552425 0.000552424 1.51195e-19)
(0.000552424 0.000552424 0)
(0.000552424 0.000552424 0)
(0.000552424 0.000552425 -2.63851e-19)
(0.000552424 0.000552424 1.27478e-19)
(0.000552425 0.000552425 -5.92923e-21)
(0.000552424 0.000552424 -2.96462e-21)
(0.000552425 0.000552424 -2.96462e-21)
(0.000552424 0.000552424 -5.92923e-21)
(0.000552425 0.000552424 -5.92923e-21)
(0.000552424 0.000552424 -2.96462e-21)
(0.000552424 0.000552424 -2.96462e-21)
(0.000552424 0.000552424 -5.92923e-21)
(0.000552424 0.000552425 -5.92923e-21)
(0.000552424 0.000552425 -2.96462e-21)
(0.000552424 0.000552425 -2.96462e-21)
(0.000552425 0.000552425 -5.92923e-21)
(0.000552425 0.000552424 -5.92923e-21)
(0.000552425 0.000552425 -5.92923e-21)
(0.000552424 0.000552424 -5.92923e-21)
(0.000552425 0.000552425 -3.55754e-20)
(0.000552424 0.000552424 2.96462e-21)
(0.000552425 0.000552425 2.07523e-20)
(0.000552424 0.000552424 -3.26108e-20)
(0.000552425 0.000552425 1.48231e-20)
(0.000552424 0.000552424 -3.95252e-21)
(0.000552426 0.000552426 2.34191e-19)
(0.000552426 0.000552426 0)
(0.000552426 0.000552426 0)
(0.000552426 0.000552426 -2.37169e-21)
(0.000552426 0.000552426 -1.70762e-19)
(0.000552426 0.000552426 0)
(0.000552426 0.000552426 0)
(0.000552426 0.000552426 -1.5416e-19)
(0.000552426 0.000552426 2.96462e-19)
(0.000552426 0.000552426 -1.47045e-19)
(0.000552426 0.000552426 0)
(0.000552426 0.000552426 0)
(0.000552426 0.000552426 -1.30443e-19)
(0.000552426 0.000552426 -1.257e-19)
(0.000552426 0.000552426 0)
(0.000552426 0.000552426 0)
(0.000552426 0.000552426 -1.09098e-19)
(0.000552426 0.000552426 2.13452e-19)
(0.000552426 0.000552426 -4.74338e-21)
(0.000552426 0.000552426 -2.37169e-21)
(0.000552426 0.000552426 -2.37169e-21)
(0.000552426 0.000552426 -4.74338e-21)
(0.000552426 0.000552426 -4.74338e-21)
(0.000552426 0.000552426 -2.37169e-21)
(0.000552426 0.000552426 -2.37169e-21)
(0.000552426 0.000552426 -4.74338e-21)
(0.000552426 0.000552426 -4.74338e-21)
(0.000552426 0.000552426 -2.37169e-21)
(0.000552426 0.000552427 -2.37169e-21)
(0.000552427 0.000552427 -4.74338e-21)
(0.000552426 0.000552426 -4.74338e-21)
(0.000552427 0.000552427 -4.74338e-21)
(0.000552426 0.000552426 -2.37169e-21)
(0.000552427 0.000552427 -2.37169e-21)
(0.000552426 0.000552426 -5.45489e-20)
(0.000552427 0.000552426 -2.13452e-20)
(0.000552426 0.000552426 -1.42302e-20)
(0.000552426 0.000552426 2.37169e-20)
(0.000552426 0.000552426 -1.42302e-20)
(0.000552426 0.000552427 8.89367e-21)
)
;

boundaryField
{
    inlet
    {
        type            calculated;
        value           nonuniform List<vector> 
40
(
(0.000552426 0.000552426 0)
(0.000552424 0.000552424 3.12202e-19)
(0.000552423 0.000552423 -9.32523e-19)
(0.000552421 0.000552421 9.32399e-19)
(0.000552419 0.000552419 -3.13671e-29)
(0.000552417 0.000552417 -3.94989e-21)
(0.000552416 0.000552416 0)
(0.000552414 0.000552414 0)
(0.000552413 0.000552413 0)
(0.000552411 0.000552411 0)
(0.00055241 0.00055241 0)
(0.000552409 0.000552409 0)
(0.000552408 0.000552408 0)
(0.000552407 0.000552407 0)
(0.000552406 0.000552406 0)
(0.000552406 0.000552405 0)
(0.000552405 0.000552405 0)
(0.000552405 0.000552405 0)
(0.000552404 0.000552404 0)
(0.000552404 0.000552404 0)
(0.000552404 0.000552404 0)
(0.000552404 0.000552404 0)
(0.000552405 0.000552405 0)
(0.000552405 0.000552405 0)
(0.000552405 0.000552405 0)
(0.000552406 0.000552406 0)
(0.000552407 0.000552407 0)
(0.000552408 0.000552408 0)
(0.000552409 0.000552409 0)
(0.00055241 0.00055241 0)
(0.000552411 0.000552412 0)
(0.000552413 0.000552413 0)
(0.000552414 0.000552414 0)
(0.000552416 0.000552416 0)
(0.000552417 0.000552417 0)
(0.000552419 0.000552419 0)
(0.000552421 0.000552421 0)
(0.000552423 0.000552423 0)
(0.000552425 0.000552424 -3.12202e-19)
(0.000552426 0.000552426 2.34191e-19)
)
;
    }
    outlet
    {
        type            calculated;
        value           nonuniform List<vector> 
40
(
(0.000552426 0.000552426 0)
(0.000552424 0.000552424 0)
(0.000552423 0.000552423 0)
(0.000552421 0.000552421 7.90432e-21)
(0.000552419 0.000552419 -7.90399e-21)
(0.000552417 0.000552417 0)
(0.000552416 0.000552416 0)
(0.000552414 0.000552414 0)
(0.000552413 0.000552413 0)
(0.000552411 0.000552411 -7.90266e-21)
(0.00055241 0.00055241 0)
(0.000552409 0.000552409 0)
(0.000552408 0.000552408 -3.95105e-21)
(0.000552407 0.000552407 3.95098e-21)
(0.000552406 0.000552406 0)
(0.000552405 0.000552406 0)
(0.000552405 0.000552405 0)
(0.000552405 0.000552405 -3.95079e-21)
(0.000552404 0.000552404 -7.90155e-21)
(0.000552404 0.000552404 -3.95076e-21)
(0.000552404 0.000552404 -3.95076e-21)
(0.000552404 0.000552404 -7.90155e-21)
(0.000552405 0.000552405 -7.90159e-21)
(0.000552405 0.000552405 -3.95082e-21)
(0.000552406 0.000552406 -3.95087e-21)
(0.000552406 0.000552406 -7.90183e-21)
(0.000552407 0.000552407 -7.90196e-21)
(0.000552407 0.000552408 -3.95105e-21)
(0.000552409 0.000552409 -3.95113e-21)
(0.000552411 0.00055241 -7.90245e-21)
(0.000552411 0.000552411 -7.90266e-21)
(0.000552413 0.000552413 -7.90288e-21)
(0.000552414 0.000552414 -3.95157e-21)
(0.000552417 0.000552416 -3.9517e-21)
(0.000552417 0.000552417 3.95184e-21)
(0.00055242 0.00055242 7.90399e-21)
(0.000552421 0.00055242 3.95216e-21)
(0.000552423 0.000552423 -7.90467e-21)
(0.000552424 0.000552424 -3.95252e-21)
(0.000552427 0.000552427 8.89367e-21)
)
;
    }
    walls
    {
        type            calculated;
        value           uniform (0 0 0);
    }
    movingwall
    {
        type            calculated;
        value           nonuniform List<vector> 
40
(
(6.7262e-11 6.7262e-11 0)
(-5.7739e-11 -5.7739e-11 0)
(-5.77378e-11 -5.77378e-11 0)
(6.7262e-11 6.7262e-11 0)
(-5.77382e-11 -5.77382e-11 0)
(-5.77382e-11 -5.77382e-11 0)
(6.7262e-11 6.7262e-11 0)
(-5.77382e-11 -5.77382e-11 0)
(-5.77378e-11 -5.77378e-11 0)
(6.7262e-11 6.7262e-11 0)
(6.7262e-11 6.7262e-11 0)
(-5.77378e-11 -5.77378e-11 0)
(-5.77382e-11 -5.77382e-11 0)
(6.7262e-11 6.7262e-11 0)
(-5.77382e-11 -5.77382e-11 0)
(-5.77378e-11 -5.77378e-11 0)
(-1.82738e-10 -1.82738e-10 0)
(1.92262e-10 1.92262e-10 0)
(6.7262e-11 6.7262e-11 0)
(-5.77382e-11 -5.77382e-11 0)
(-5.77382e-11 -5.77382e-11 0)
(-1.82739e-10 -1.82739e-10 0)
(-3.07738e-10 -3.07738e-10 0)
(-3.07738e-10 -3.07738e-10 0)
(-4.32738e-10 -4.32738e-10 0)
(-5.57738e-10 -5.57738e-10 0)
(-5.57738e-10 -5.57738e-10 0)
(-5.57738e-10 -5.57738e-10 0)
(5.67263e-10 5.67263e-10 0)
(4.42261e-10 4.42261e-10 0)
(4.42262e-10 4.42262e-10 0)
(3.17262e-10 3.17262e-10 0)
(1.92263e-10 1.92263e-10 0)
(1.92263e-10 1.92263e-10 0)
(1.29762e-10 1.29762e-10 0)
(2.97627e-11 2.97627e-11 0)
(-4.52383e-11 -4.52383e-11 0)
(-1.20238e-10 -1.20238e-10 0)
(-1.95238e-10 -1.95238e-10 0)
(-2.70238e-10 -2.70238e-10 0)
)
;
    }
    frontAndBack
    {
        type            empty;
    }
}


// ************************************************************************* //
