/*--------------------------------*- C++ -*----------------------------------*\
| =========                 |                                                 |
| \\      /  F ield         | OpenFOAM: The Open Source CFD Toolbox           |
|  \\    /   O peration     | Version:  2312                                  |
|   \\  /    A nd           | Website:  www.openfoam.com                      |
|    \\/     M anipulation  |                                                 |
\*---------------------------------------------------------------------------*/
FoamFile
{
    version     2.0;
    format      ascii;
    arch        "LSB;label=32;scalar=64";
    class       volVectorField;
    location    "5110";
    object      UPoiseuille;
}
// * * * * * * * * * * * * * * * * * * * * * * * * * * * * * * * * * * * * * //

dimensions      [0 1 -1 0 0 0 0];

internalField   nonuniform List<vector> 
1600
(
(0.0436417 0.0436417 0)
(0.0436417 0.0436417 0)
(0.0436417 0.0436417 0)
(0.0436417 0.0436417 0)
(0.0436417 0.0436417 0)
(0.0436417 0.0436417 0)
(0.0436417 0.0436417 0)
(0.0436417 0.0436417 0)
(0.0436417 0.0436417 0)
(0.0436417 0.0436417 0)
(0.0436417 0.0436417 0)
(0.0436417 0.0436417 0)
(0.0436417 0.0436417 0)
(0.0436417 0.0436417 0)
(0.0436417 0.0436417 0)
(0.0436417 0.0436417 0)
(0.0436417 0.0436417 0)
(0.0436417 0.0436417 0)
(0.0436417 0.0436417 0)
(0.0436417 0.0436417 0)
(0.0436417 0.0436417 0)
(0.0436417 0.0436417 0)
(0.0436417 0.0436417 0)
(0.0436417 0.0436417 0)
(0.0436417 0.0436417 0)
(0.0436417 0.0436417 0)
(0.0436417 0.0436417 0)
(0.0436417 0.0436417 0)
(0.0436417 0.0436417 0)
(0.0436417 0.0436417 0)
(0.0436417 0.0436417 0)
(0.0436417 0.0436417 0)
(0.0436417 0.0436417 0)
(0.0436417 0.0436417 0)
(0.0436417 0.0436417 0)
(0.0436417 0.0436417 0)
(0.0436417 0.0436417 0)
(0.0436417 0.0436417 0)
(0.0436417 0.0436417 0)
(0.0436417 0.0436417 0)
(0.127611 0.127611 0)
(0.127611 0.127611 0)
(0.127611 0.127611 0)
(0.127611 0.127611 0)
(0.127611 0.127611 0)
(0.127611 0.127611 0)
(0.127611 0.127611 0)
(0.127611 0.127611 0)
(0.127611 0.127611 0)
(0.127611 0.127611 0)
(0.127611 0.127611 0)
(0.127611 0.127611 0)
(0.127611 0.127611 0)
(0.127611 0.127611 0)
(0.127611 0.127611 0)
(0.127611 0.127611 0)
(0.127611 0.127611 0)
(0.127611 0.127611 0)
(0.127611 0.127611 0)
(0.127611 0.127611 0)
(0.127611 0.127611 0)
(0.127611 0.127611 0)
(0.127611 0.127611 0)
(0.127611 0.127611 0)
(0.127611 0.127611 0)
(0.127611 0.127611 0)
(0.127611 0.127611 0)
(0.127611 0.127611 0)
(0.127611 0.127611 0)
(0.127611 0.127611 0)
(0.127611 0.127611 0)
(0.127611 0.127611 0)
(0.127611 0.127611 0)
(0.127611 0.127611 0)
(0.127611 0.127611 0)
(0.127611 0.127611 0)
(0.127611 0.127611 0)
(0.127611 0.127611 0)
(0.127611 0.127611 0)
(0.127611 0.127611 0)
(0.20716 0.20716 0)
(0.20716 0.20716 0)
(0.20716 0.20716 0)
(0.20716 0.20716 0)
(0.20716 0.20716 0)
(0.20716 0.20716 0)
(0.20716 0.20716 0)
(0.20716 0.20716 0)
(0.20716 0.20716 0)
(0.20716 0.20716 0)
(0.20716 0.20716 0)
(0.20716 0.20716 0)
(0.20716 0.20716 0)
(0.20716 0.20716 0)
(0.20716 0.20716 0)
(0.20716 0.20716 0)
(0.20716 0.20716 0)
(0.20716 0.20716 0)
(0.20716 0.20716 0)
(0.20716 0.20716 0)
(0.20716 0.20716 0)
(0.20716 0.20716 0)
(0.20716 0.20716 0)
(0.20716 0.20716 0)
(0.20716 0.20716 0)
(0.20716 0.20716 0)
(0.20716 0.20716 0)
(0.20716 0.20716 0)
(0.20716 0.20716 0)
(0.20716 0.20716 0)
(0.20716 0.20716 0)
(0.20716 0.20716 0)
(0.20716 0.20716 0)
(0.20716 0.20716 0)
(0.20716 0.20716 0)
(0.20716 0.20716 0)
(0.20716 0.20716 0)
(0.20716 0.20716 0)
(0.20716 0.20716 0)
(0.20716 0.20716 0)
(0.28229 0.28229 0)
(0.28229 0.28229 0)
(0.28229 0.28229 0)
(0.28229 0.28229 0)
(0.28229 0.28229 0)
(0.28229 0.28229 0)
(0.28229 0.28229 0)
(0.28229 0.28229 0)
(0.28229 0.28229 0)
(0.28229 0.28229 0)
(0.28229 0.28229 0)
(0.28229 0.28229 0)
(0.28229 0.28229 0)
(0.28229 0.28229 0)
(0.28229 0.28229 0)
(0.28229 0.28229 0)
(0.28229 0.28229 0)
(0.28229 0.28229 0)
(0.28229 0.28229 0)
(0.28229 0.28229 0)
(0.28229 0.28229 0)
(0.28229 0.28229 0)
(0.28229 0.28229 0)
(0.28229 0.28229 0)
(0.28229 0.28229 0)
(0.28229 0.28229 0)
(0.28229 0.28229 0)
(0.28229 0.28229 0)
(0.28229 0.28229 0)
(0.28229 0.28229 0)
(0.28229 0.28229 0)
(0.28229 0.28229 0)
(0.28229 0.28229 0)
(0.28229 0.28229 0)
(0.28229 0.28229 0)
(0.28229 0.28229 0)
(0.28229 0.28229 0)
(0.28229 0.28229 0)
(0.28229 0.28229 0)
(0.28229 0.28229 0)
(0.353001 0.353001 0)
(0.353001 0.353001 0)
(0.353001 0.353001 0)
(0.353001 0.353001 0)
(0.353001 0.353001 0)
(0.353001 0.353001 0)
(0.353001 0.353001 0)
(0.353001 0.353001 0)
(0.353001 0.353001 0)
(0.353001 0.353001 0)
(0.353001 0.353001 0)
(0.353001 0.353001 0)
(0.353001 0.353001 0)
(0.353001 0.353001 0)
(0.353001 0.353001 0)
(0.353001 0.353001 0)
(0.353001 0.353001 0)
(0.353001 0.353001 0)
(0.353001 0.353001 0)
(0.353001 0.353001 0)
(0.353001 0.353001 0)
(0.353001 0.353001 0)
(0.353001 0.353001 0)
(0.353001 0.353001 0)
(0.353001 0.353001 0)
(0.353001 0.353001 0)
(0.353001 0.353001 0)
(0.353001 0.353001 0)
(0.353001 0.353001 0)
(0.353001 0.353001 0)
(0.353001 0.353001 0)
(0.353001 0.353001 0)
(0.353001 0.353001 0)
(0.353001 0.353001 0)
(0.353001 0.353001 0)
(0.353001 0.353001 0)
(0.353001 0.353001 0)
(0.353001 0.353001 0)
(0.353001 0.353001 0)
(0.353001 0.353001 0)
(0.419292 0.419292 0)
(0.419292 0.419292 0)
(0.419292 0.419292 0)
(0.419292 0.419292 0)
(0.419292 0.419292 0)
(0.419292 0.419292 0)
(0.419292 0.419292 0)
(0.419292 0.419292 0)
(0.419292 0.419292 0)
(0.419292 0.419292 0)
(0.419292 0.419292 0)
(0.419292 0.419292 0)
(0.419292 0.419292 0)
(0.419292 0.419292 0)
(0.419292 0.419292 0)
(0.419292 0.419292 0)
(0.419292 0.419292 0)
(0.419292 0.419292 0)
(0.419292 0.419292 0)
(0.419292 0.419292 0)
(0.419292 0.419292 0)
(0.419292 0.419292 0)
(0.419292 0.419292 0)
(0.419292 0.419292 0)
(0.419292 0.419292 0)
(0.419292 0.419292 0)
(0.419292 0.419292 0)
(0.419292 0.419292 0)
(0.419292 0.419292 0)
(0.419292 0.419292 0)
(0.419292 0.419292 0)
(0.419292 0.419292 0)
(0.419292 0.419292 0)
(0.419292 0.419292 0)
(0.419292 0.419292 0)
(0.419292 0.419292 0)
(0.419292 0.419292 0)
(0.419292 0.419292 0)
(0.419292 0.419292 0)
(0.419292 0.419292 0)
(0.481164 0.481164 0)
(0.481164 0.481164 0)
(0.481164 0.481164 0)
(0.481164 0.481164 0)
(0.481164 0.481164 0)
(0.481164 0.481164 0)
(0.481164 0.481164 0)
(0.481164 0.481164 0)
(0.481164 0.481164 0)
(0.481164 0.481164 0)
(0.481164 0.481164 0)
(0.481164 0.481164 0)
(0.481164 0.481164 0)
(0.481164 0.481164 0)
(0.481164 0.481164 0)
(0.481164 0.481164 0)
(0.481164 0.481164 0)
(0.481164 0.481164 0)
(0.481164 0.481164 0)
(0.481164 0.481164 0)
(0.481164 0.481164 0)
(0.481164 0.481164 0)
(0.481164 0.481164 0)
(0.481164 0.481164 0)
(0.481164 0.481164 0)
(0.481164 0.481164 0)
(0.481164 0.481164 0)
(0.481164 0.481164 0)
(0.481164 0.481164 0)
(0.481164 0.481164 0)
(0.481164 0.481164 0)
(0.481164 0.481164 0)
(0.481164 0.481164 0)
(0.481164 0.481164 0)
(0.481164 0.481164 0)
(0.481164 0.481164 0)
(0.481164 0.481164 0)
(0.481164 0.481164 0)
(0.481164 0.481164 0)
(0.481164 0.481164 0)
(0.538616 0.538616 0)
(0.538616 0.538616 0)
(0.538616 0.538616 0)
(0.538616 0.538616 0)
(0.538616 0.538616 0)
(0.538616 0.538616 0)
(0.538616 0.538616 0)
(0.538616 0.538616 0)
(0.538616 0.538616 0)
(0.538616 0.538616 0)
(0.538616 0.538616 0)
(0.538616 0.538616 0)
(0.538616 0.538616 0)
(0.538616 0.538616 0)
(0.538616 0.538616 0)
(0.538616 0.538616 0)
(0.538616 0.538616 0)
(0.538616 0.538616 0)
(0.538616 0.538616 0)
(0.538616 0.538616 0)
(0.538616 0.538616 0)
(0.538616 0.538616 0)
(0.538616 0.538616 0)
(0.538616 0.538616 0)
(0.538616 0.538616 0)
(0.538616 0.538616 0)
(0.538616 0.538616 0)
(0.538616 0.538616 0)
(0.538616 0.538616 0)
(0.538616 0.538616 0)
(0.538616 0.538616 0)
(0.538616 0.538616 0)
(0.538616 0.538616 0)
(0.538616 0.538616 0)
(0.538616 0.538616 0)
(0.538616 0.538616 0)
(0.538616 0.538616 0)
(0.538616 0.538616 0)
(0.538616 0.538616 0)
(0.538616 0.538616 0)
(0.59165 0.59165 0)
(0.59165 0.59165 0)
(0.59165 0.59165 0)
(0.59165 0.59165 0)
(0.59165 0.59165 0)
(0.59165 0.59165 0)
(0.59165 0.59165 0)
(0.59165 0.59165 0)
(0.59165 0.59165 0)
(0.59165 0.59165 0)
(0.59165 0.59165 0)
(0.59165 0.59165 0)
(0.59165 0.59165 0)
(0.59165 0.59165 0)
(0.59165 0.59165 0)
(0.59165 0.59165 0)
(0.59165 0.59165 0)
(0.59165 0.59165 0)
(0.59165 0.59165 0)
(0.59165 0.59165 0)
(0.59165 0.59165 0)
(0.59165 0.59165 0)
(0.59165 0.59165 0)
(0.59165 0.59165 0)
(0.59165 0.59165 0)
(0.59165 0.59165 0)
(0.59165 0.59165 0)
(0.59165 0.59165 0)
(0.59165 0.59165 0)
(0.59165 0.59165 0)
(0.59165 0.59165 0)
(0.59165 0.59165 0)
(0.59165 0.59165 0)
(0.59165 0.59165 0)
(0.59165 0.59165 0)
(0.59165 0.59165 0)
(0.59165 0.59165 0)
(0.59165 0.59165 0)
(0.59165 0.59165 0)
(0.59165 0.59165 0)
(0.640263 0.640263 0)
(0.640263 0.640263 0)
(0.640263 0.640263 0)
(0.640263 0.640263 0)
(0.640263 0.640263 0)
(0.640263 0.640263 0)
(0.640263 0.640263 0)
(0.640263 0.640263 0)
(0.640263 0.640263 0)
(0.640263 0.640263 0)
(0.640263 0.640263 0)
(0.640263 0.640263 0)
(0.640263 0.640263 0)
(0.640263 0.640263 0)
(0.640263 0.640263 0)
(0.640263 0.640263 0)
(0.640263 0.640263 0)
(0.640263 0.640263 0)
(0.640263 0.640263 0)
(0.640263 0.640263 0)
(0.640263 0.640263 0)
(0.640263 0.640263 0)
(0.640263 0.640263 0)
(0.640263 0.640263 0)
(0.640263 0.640263 0)
(0.640263 0.640263 0)
(0.640263 0.640263 0)
(0.640263 0.640263 0)
(0.640263 0.640263 0)
(0.640263 0.640263 0)
(0.640263 0.640263 0)
(0.640263 0.640263 0)
(0.640263 0.640263 0)
(0.640263 0.640263 0)
(0.640263 0.640263 0)
(0.640263 0.640263 0)
(0.640263 0.640263 0)
(0.640263 0.640263 0)
(0.640263 0.640263 0)
(0.640263 0.640263 0)
(0.684457 0.684457 0)
(0.684457 0.684457 0)
(0.684457 0.684457 0)
(0.684457 0.684457 0)
(0.684457 0.684457 0)
(0.684457 0.684457 0)
(0.684457 0.684457 0)
(0.684457 0.684457 0)
(0.684457 0.684457 0)
(0.684457 0.684457 0)
(0.684457 0.684457 0)
(0.684457 0.684457 0)
(0.684457 0.684457 0)
(0.684457 0.684457 0)
(0.684457 0.684457 0)
(0.684457 0.684457 0)
(0.684457 0.684457 0)
(0.684457 0.684457 0)
(0.684457 0.684457 0)
(0.684457 0.684457 0)
(0.684457 0.684457 0)
(0.684457 0.684457 0)
(0.684457 0.684457 0)
(0.684457 0.684457 0)
(0.684457 0.684457 0)
(0.684457 0.684457 0)
(0.684457 0.684457 0)
(0.684457 0.684457 0)
(0.684457 0.684457 0)
(0.684457 0.684457 0)
(0.684457 0.684457 0)
(0.684457 0.684457 0)
(0.684457 0.684457 0)
(0.684457 0.684457 0)
(0.684457 0.684457 0)
(0.684457 0.684457 0)
(0.684457 0.684457 0)
(0.684457 0.684457 0)
(0.684457 0.684457 0)
(0.684457 0.684457 0)
(0.724232 0.724232 0)
(0.724232 0.724232 0)
(0.724232 0.724232 0)
(0.724232 0.724232 0)
(0.724232 0.724232 0)
(0.724232 0.724232 0)
(0.724232 0.724232 0)
(0.724232 0.724232 0)
(0.724232 0.724232 0)
(0.724232 0.724232 0)
(0.724232 0.724232 0)
(0.724232 0.724232 0)
(0.724232 0.724232 0)
(0.724232 0.724232 0)
(0.724232 0.724232 0)
(0.724232 0.724232 0)
(0.724232 0.724232 0)
(0.724232 0.724232 0)
(0.724232 0.724232 0)
(0.724232 0.724232 0)
(0.724232 0.724232 0)
(0.724232 0.724232 0)
(0.724232 0.724232 0)
(0.724232 0.724232 0)
(0.724232 0.724232 0)
(0.724232 0.724232 0)
(0.724232 0.724232 0)
(0.724232 0.724232 0)
(0.724232 0.724232 0)
(0.724232 0.724232 0)
(0.724232 0.724232 0)
(0.724232 0.724232 0)
(0.724232 0.724232 0)
(0.724232 0.724232 0)
(0.724232 0.724232 0)
(0.724232 0.724232 0)
(0.724232 0.724232 0)
(0.724232 0.724232 0)
(0.724232 0.724232 0)
(0.724232 0.724232 0)
(0.759587 0.759587 0)
(0.759587 0.759587 0)
(0.759587 0.759587 0)
(0.759587 0.759587 0)
(0.759587 0.759587 0)
(0.759587 0.759587 0)
(0.759587 0.759587 0)
(0.759587 0.759587 0)
(0.759587 0.759587 0)
(0.759587 0.759587 0)
(0.759587 0.759587 0)
(0.759587 0.759587 0)
(0.759587 0.759587 0)
(0.759587 0.759587 0)
(0.759587 0.759587 0)
(0.759587 0.759587 0)
(0.759587 0.759587 0)
(0.759587 0.759587 0)
(0.759587 0.759587 0)
(0.759587 0.759587 0)
(0.759587 0.759587 0)
(0.759587 0.759587 0)
(0.759587 0.759587 0)
(0.759587 0.759587 0)
(0.759587 0.759587 0)
(0.759587 0.759587 0)
(0.759587 0.759587 0)
(0.759587 0.759587 0)
(0.759587 0.759587 0)
(0.759587 0.759587 0)
(0.759587 0.759587 0)
(0.759587 0.759587 0)
(0.759587 0.759587 0)
(0.759587 0.759587 0)
(0.759587 0.759587 0)
(0.759587 0.759587 0)
(0.759587 0.759587 0)
(0.759587 0.759587 0)
(0.759587 0.759587 0)
(0.759587 0.759587 0)
(0.790523 0.790523 0)
(0.790523 0.790523 0)
(0.790523 0.790523 0)
(0.790523 0.790523 0)
(0.790523 0.790523 0)
(0.790523 0.790523 0)
(0.790523 0.790523 0)
(0.790523 0.790523 0)
(0.790523 0.790523 0)
(0.790523 0.790523 0)
(0.790523 0.790523 0)
(0.790523 0.790523 0)
(0.790523 0.790523 0)
(0.790523 0.790523 0)
(0.790523 0.790523 0)
(0.790523 0.790523 0)
(0.790523 0.790523 0)
(0.790523 0.790523 0)
(0.790523 0.790523 0)
(0.790523 0.790523 0)
(0.790523 0.790523 0)
(0.790523 0.790523 0)
(0.790523 0.790523 0)
(0.790523 0.790523 0)
(0.790523 0.790523 0)
(0.790523 0.790523 0)
(0.790523 0.790523 0)
(0.790523 0.790523 0)
(0.790523 0.790523 0)
(0.790523 0.790523 0)
(0.790523 0.790523 0)
(0.790523 0.790523 0)
(0.790523 0.790523 0)
(0.790523 0.790523 0)
(0.790523 0.790523 0)
(0.790523 0.790523 0)
(0.790523 0.790523 0)
(0.790523 0.790523 0)
(0.790523 0.790523 0)
(0.790523 0.790523 0)
(0.81704 0.81704 0)
(0.81704 0.81704 0)
(0.81704 0.81704 0)
(0.81704 0.81704 0)
(0.81704 0.81704 0)
(0.81704 0.81704 0)
(0.81704 0.81704 0)
(0.81704 0.81704 0)
(0.81704 0.81704 0)
(0.81704 0.81704 0)
(0.81704 0.81704 0)
(0.81704 0.81704 0)
(0.81704 0.81704 0)
(0.81704 0.81704 0)
(0.81704 0.81704 0)
(0.81704 0.81704 0)
(0.81704 0.81704 0)
(0.81704 0.81704 0)
(0.81704 0.81704 0)
(0.81704 0.81704 0)
(0.81704 0.81704 0)
(0.81704 0.81704 0)
(0.81704 0.81704 0)
(0.81704 0.81704 0)
(0.81704 0.81704 0)
(0.81704 0.81704 0)
(0.81704 0.81704 0)
(0.81704 0.81704 0)
(0.81704 0.81704 0)
(0.81704 0.81704 0)
(0.81704 0.81704 0)
(0.81704 0.81704 0)
(0.81704 0.81704 0)
(0.81704 0.81704 0)
(0.81704 0.81704 0)
(0.81704 0.81704 0)
(0.81704 0.81704 0)
(0.81704 0.81704 0)
(0.81704 0.81704 0)
(0.81704 0.81704 0)
(0.839137 0.839137 0)
(0.839137 0.839137 0)
(0.839137 0.839137 0)
(0.839137 0.839137 0)
(0.839137 0.839137 0)
(0.839137 0.839137 0)
(0.839137 0.839137 0)
(0.839137 0.839137 0)
(0.839137 0.839137 0)
(0.839137 0.839137 0)
(0.839137 0.839137 0)
(0.839137 0.839137 0)
(0.839137 0.839137 0)
(0.839137 0.839137 0)
(0.839137 0.839137 0)
(0.839137 0.839137 0)
(0.839137 0.839137 0)
(0.839137 0.839137 0)
(0.839137 0.839137 0)
(0.839137 0.839137 0)
(0.839137 0.839137 0)
(0.839137 0.839137 0)
(0.839137 0.839137 0)
(0.839137 0.839137 0)
(0.839137 0.839137 0)
(0.839137 0.839137 0)
(0.839137 0.839137 0)
(0.839137 0.839137 0)
(0.839137 0.839137 0)
(0.839137 0.839137 0)
(0.839137 0.839137 0)
(0.839137 0.839137 0)
(0.839137 0.839137 0)
(0.839137 0.839137 0)
(0.839137 0.839137 0)
(0.839137 0.839137 0)
(0.839137 0.839137 0)
(0.839137 0.839137 0)
(0.839137 0.839137 0)
(0.839137 0.839137 0)
(0.856815 0.856815 0)
(0.856815 0.856815 0)
(0.856815 0.856815 0)
(0.856815 0.856815 0)
(0.856815 0.856815 0)
(0.856815 0.856815 0)
(0.856815 0.856815 0)
(0.856815 0.856815 0)
(0.856815 0.856815 0)
(0.856815 0.856815 0)
(0.856815 0.856815 0)
(0.856815 0.856815 0)
(0.856815 0.856815 0)
(0.856815 0.856815 0)
(0.856815 0.856815 0)
(0.856815 0.856815 0)
(0.856815 0.856815 0)
(0.856815 0.856815 0)
(0.856815 0.856815 0)
(0.856815 0.856815 0)
(0.856815 0.856815 0)
(0.856815 0.856815 0)
(0.856815 0.856815 0)
(0.856815 0.856815 0)
(0.856815 0.856815 0)
(0.856815 0.856815 0)
(0.856815 0.856815 0)
(0.856815 0.856815 0)
(0.856815 0.856815 0)
(0.856815 0.856815 0)
(0.856815 0.856815 0)
(0.856815 0.856815 0)
(0.856815 0.856815 0)
(0.856815 0.856815 0)
(0.856815 0.856815 0)
(0.856815 0.856815 0)
(0.856815 0.856815 0)
(0.856815 0.856815 0)
(0.856815 0.856815 0)
(0.856815 0.856815 0)
(0.870073 0.870073 0)
(0.870073 0.870073 0)
(0.870073 0.870073 0)
(0.870073 0.870073 0)
(0.870073 0.870073 0)
(0.870073 0.870073 0)
(0.870073 0.870073 0)
(0.870073 0.870073 0)
(0.870073 0.870073 0)
(0.870073 0.870073 0)
(0.870073 0.870073 0)
(0.870073 0.870073 0)
(0.870073 0.870073 0)
(0.870073 0.870073 0)
(0.870073 0.870073 0)
(0.870073 0.870073 0)
(0.870073 0.870073 0)
(0.870073 0.870073 0)
(0.870073 0.870073 0)
(0.870073 0.870073 0)
(0.870073 0.870073 0)
(0.870073 0.870073 0)
(0.870073 0.870073 0)
(0.870073 0.870073 0)
(0.870073 0.870073 0)
(0.870073 0.870073 0)
(0.870073 0.870073 0)
(0.870073 0.870073 0)
(0.870073 0.870073 0)
(0.870073 0.870073 0)
(0.870073 0.870073 0)
(0.870073 0.870073 0)
(0.870073 0.870073 0)
(0.870073 0.870073 0)
(0.870073 0.870073 0)
(0.870073 0.870073 0)
(0.870073 0.870073 0)
(0.870073 0.870073 0)
(0.870073 0.870073 0)
(0.870073 0.870073 0)
(0.878912 0.878912 0)
(0.878912 0.878912 0)
(0.878912 0.878912 0)
(0.878912 0.878912 0)
(0.878912 0.878912 0)
(0.878912 0.878912 0)
(0.878912 0.878912 0)
(0.878912 0.878912 0)
(0.878912 0.878912 0)
(0.878912 0.878912 0)
(0.878912 0.878912 0)
(0.878912 0.878912 0)
(0.878912 0.878912 0)
(0.878912 0.878912 0)
(0.878912 0.878912 0)
(0.878912 0.878912 0)
(0.878912 0.878912 0)
(0.878912 0.878912 0)
(0.878912 0.878912 0)
(0.878912 0.878912 0)
(0.878912 0.878912 0)
(0.878912 0.878912 0)
(0.878912 0.878912 0)
(0.878912 0.878912 0)
(0.878912 0.878912 0)
(0.878912 0.878912 0)
(0.878912 0.878912 0)
(0.878912 0.878912 0)
(0.878912 0.878912 0)
(0.878912 0.878912 0)
(0.878912 0.878912 0)
(0.878912 0.878912 0)
(0.878912 0.878912 0)
(0.878912 0.878912 0)
(0.878912 0.878912 0)
(0.878912 0.878912 0)
(0.878912 0.878912 0)
(0.878912 0.878912 0)
(0.878912 0.878912 0)
(0.878912 0.878912 0)
(0.883331 0.883331 0)
(0.883331 0.883331 0)
(0.883331 0.883331 0)
(0.883331 0.883331 0)
(0.883331 0.883331 0)
(0.883331 0.883331 0)
(0.883331 0.883331 0)
(0.883331 0.883331 0)
(0.883331 0.883331 0)
(0.883331 0.883331 0)
(0.883331 0.883331 0)
(0.883331 0.883331 0)
(0.883331 0.883331 0)
(0.883331 0.883331 0)
(0.883331 0.883331 0)
(0.883331 0.883331 0)
(0.883331 0.883331 0)
(0.883331 0.883331 0)
(0.883331 0.883331 0)
(0.883331 0.883331 0)
(0.883331 0.883331 0)
(0.883331 0.883331 0)
(0.883331 0.883331 0)
(0.883331 0.883331 0)
(0.883331 0.883331 0)
(0.883331 0.883331 0)
(0.883331 0.883331 0)
(0.883331 0.883331 0)
(0.883331 0.883331 0)
(0.883331 0.883331 0)
(0.883331 0.883331 0)
(0.883331 0.883331 0)
(0.883331 0.883331 0)
(0.883331 0.883331 0)
(0.883331 0.883331 0)
(0.883331 0.883331 0)
(0.883331 0.883331 0)
(0.883331 0.883331 0)
(0.883331 0.883331 0)
(0.883331 0.883331 0)
(0.883331 0.883331 0)
(0.883331 0.883331 0)
(0.883331 0.883331 0)
(0.883331 0.883331 0)
(0.883331 0.883331 0)
(0.883331 0.883331 0)
(0.883331 0.883331 0)
(0.883331 0.883331 0)
(0.883331 0.883331 0)
(0.883331 0.883331 0)
(0.883331 0.883331 0)
(0.883331 0.883331 0)
(0.883331 0.883331 0)
(0.883331 0.883331 0)
(0.883331 0.883331 0)
(0.883331 0.883331 0)
(0.883331 0.883331 0)
(0.883331 0.883331 0)
(0.883331 0.883331 0)
(0.883331 0.883331 0)
(0.883331 0.883331 0)
(0.883331 0.883331 0)
(0.883331 0.883331 0)
(0.883331 0.883331 0)
(0.883331 0.883331 0)
(0.883331 0.883331 0)
(0.883331 0.883331 0)
(0.883331 0.883331 0)
(0.883331 0.883331 0)
(0.883331 0.883331 0)
(0.883331 0.883331 0)
(0.883331 0.883331 0)
(0.883331 0.883331 0)
(0.883331 0.883331 0)
(0.883331 0.883331 0)
(0.883331 0.883331 0)
(0.883331 0.883331 0)
(0.883331 0.883331 0)
(0.883331 0.883331 0)
(0.883331 0.883331 0)
(0.878912 0.878912 0)
(0.878912 0.878912 0)
(0.878912 0.878912 0)
(0.878912 0.878912 0)
(0.878912 0.878912 0)
(0.878912 0.878912 0)
(0.878912 0.878912 0)
(0.878912 0.878912 0)
(0.878912 0.878912 0)
(0.878912 0.878912 0)
(0.878912 0.878912 0)
(0.878912 0.878912 0)
(0.878912 0.878912 0)
(0.878912 0.878912 0)
(0.878912 0.878912 0)
(0.878912 0.878912 0)
(0.878912 0.878912 0)
(0.878912 0.878912 0)
(0.878912 0.878912 0)
(0.878912 0.878912 0)
(0.878912 0.878912 0)
(0.878912 0.878912 0)
(0.878912 0.878912 0)
(0.878912 0.878912 0)
(0.878912 0.878912 0)
(0.878912 0.878912 0)
(0.878912 0.878912 0)
(0.878912 0.878912 0)
(0.878912 0.878912 0)
(0.878912 0.878912 0)
(0.878912 0.878912 0)
(0.878912 0.878912 0)
(0.878912 0.878912 0)
(0.878912 0.878912 0)
(0.878912 0.878912 0)
(0.878912 0.878912 0)
(0.878912 0.878912 0)
(0.878912 0.878912 0)
(0.878912 0.878912 0)
(0.878912 0.878912 0)
(0.870073 0.870073 0)
(0.870073 0.870073 0)
(0.870073 0.870073 0)
(0.870073 0.870073 0)
(0.870073 0.870073 0)
(0.870073 0.870073 0)
(0.870073 0.870073 0)
(0.870073 0.870073 0)
(0.870073 0.870073 0)
(0.870073 0.870073 0)
(0.870073 0.870073 0)
(0.870073 0.870073 0)
(0.870073 0.870073 0)
(0.870073 0.870073 0)
(0.870073 0.870073 0)
(0.870073 0.870073 0)
(0.870073 0.870073 0)
(0.870073 0.870073 0)
(0.870073 0.870073 0)
(0.870073 0.870073 0)
(0.870073 0.870073 0)
(0.870073 0.870073 0)
(0.870073 0.870073 0)
(0.870073 0.870073 0)
(0.870073 0.870073 0)
(0.870073 0.870073 0)
(0.870073 0.870073 0)
(0.870073 0.870073 0)
(0.870073 0.870073 0)
(0.870073 0.870073 0)
(0.870073 0.870073 0)
(0.870073 0.870073 0)
(0.870073 0.870073 0)
(0.870073 0.870073 0)
(0.870073 0.870073 0)
(0.870073 0.870073 0)
(0.870073 0.870073 0)
(0.870073 0.870073 0)
(0.870073 0.870073 0)
(0.870073 0.870073 0)
(0.856815 0.856815 0)
(0.856815 0.856815 0)
(0.856815 0.856815 0)
(0.856815 0.856815 0)
(0.856815 0.856815 0)
(0.856815 0.856815 0)
(0.856815 0.856815 0)
(0.856815 0.856815 0)
(0.856815 0.856815 0)
(0.856815 0.856815 0)
(0.856815 0.856815 0)
(0.856815 0.856815 0)
(0.856815 0.856815 0)
(0.856815 0.856815 0)
(0.856815 0.856815 0)
(0.856815 0.856815 0)
(0.856815 0.856815 0)
(0.856815 0.856815 0)
(0.856815 0.856815 0)
(0.856815 0.856815 0)
(0.856815 0.856815 0)
(0.856815 0.856815 0)
(0.856815 0.856815 0)
(0.856815 0.856815 0)
(0.856815 0.856815 0)
(0.856815 0.856815 0)
(0.856815 0.856815 0)
(0.856815 0.856815 0)
(0.856815 0.856815 0)
(0.856815 0.856815 0)
(0.856815 0.856815 0)
(0.856815 0.856815 0)
(0.856815 0.856815 0)
(0.856815 0.856815 0)
(0.856815 0.856815 0)
(0.856815 0.856815 0)
(0.856815 0.856815 0)
(0.856815 0.856815 0)
(0.856815 0.856815 0)
(0.856815 0.856815 0)
(0.839137 0.839137 0)
(0.839137 0.839137 0)
(0.839137 0.839137 0)
(0.839137 0.839137 0)
(0.839137 0.839137 0)
(0.839137 0.839137 0)
(0.839137 0.839137 0)
(0.839137 0.839137 0)
(0.839137 0.839137 0)
(0.839137 0.839137 0)
(0.839137 0.839137 0)
(0.839137 0.839137 0)
(0.839137 0.839137 0)
(0.839137 0.839137 0)
(0.839137 0.839137 0)
(0.839137 0.839137 0)
(0.839137 0.839137 0)
(0.839137 0.839137 0)
(0.839137 0.839137 0)
(0.839137 0.839137 0)
(0.839137 0.839137 0)
(0.839137 0.839137 0)
(0.839137 0.839137 0)
(0.839137 0.839137 0)
(0.839137 0.839137 0)
(0.839137 0.839137 0)
(0.839137 0.839137 0)
(0.839137 0.839137 0)
(0.839137 0.839137 0)
(0.839137 0.839137 0)
(0.839137 0.839137 0)
(0.839137 0.839137 0)
(0.839137 0.839137 0)
(0.839137 0.839137 0)
(0.839137 0.839137 0)
(0.839137 0.839137 0)
(0.839137 0.839137 0)
(0.839137 0.839137 0)
(0.839137 0.839137 0)
(0.839137 0.839137 0)
(0.81704 0.81704 0)
(0.81704 0.81704 0)
(0.81704 0.81704 0)
(0.81704 0.81704 0)
(0.81704 0.81704 0)
(0.81704 0.81704 0)
(0.81704 0.81704 0)
(0.81704 0.81704 0)
(0.81704 0.81704 0)
(0.81704 0.81704 0)
(0.81704 0.81704 0)
(0.81704 0.81704 0)
(0.81704 0.81704 0)
(0.81704 0.81704 0)
(0.81704 0.81704 0)
(0.81704 0.81704 0)
(0.81704 0.81704 0)
(0.81704 0.81704 0)
(0.81704 0.81704 0)
(0.81704 0.81704 0)
(0.81704 0.81704 0)
(0.81704 0.81704 0)
(0.81704 0.81704 0)
(0.81704 0.81704 0)
(0.81704 0.81704 0)
(0.81704 0.81704 0)
(0.81704 0.81704 0)
(0.81704 0.81704 0)
(0.81704 0.81704 0)
(0.81704 0.81704 0)
(0.81704 0.81704 0)
(0.81704 0.81704 0)
(0.81704 0.81704 0)
(0.81704 0.81704 0)
(0.81704 0.81704 0)
(0.81704 0.81704 0)
(0.81704 0.81704 0)
(0.81704 0.81704 0)
(0.81704 0.81704 0)
(0.81704 0.81704 0)
(0.790523 0.790523 0)
(0.790523 0.790523 0)
(0.790523 0.790523 0)
(0.790523 0.790523 0)
(0.790523 0.790523 0)
(0.790523 0.790523 0)
(0.790523 0.790523 0)
(0.790523 0.790523 0)
(0.790523 0.790523 0)
(0.790523 0.790523 0)
(0.790523 0.790523 0)
(0.790523 0.790523 0)
(0.790523 0.790523 0)
(0.790523 0.790523 0)
(0.790523 0.790523 0)
(0.790523 0.790523 0)
(0.790523 0.790523 0)
(0.790523 0.790523 0)
(0.790523 0.790523 0)
(0.790523 0.790523 0)
(0.790523 0.790523 0)
(0.790523 0.790523 0)
(0.790523 0.790523 0)
(0.790523 0.790523 0)
(0.790523 0.790523 0)
(0.790523 0.790523 0)
(0.790523 0.790523 0)
(0.790523 0.790523 0)
(0.790523 0.790523 0)
(0.790523 0.790523 0)
(0.790523 0.790523 0)
(0.790523 0.790523 0)
(0.790523 0.790523 0)
(0.790523 0.790523 0)
(0.790523 0.790523 0)
(0.790523 0.790523 0)
(0.790523 0.790523 0)
(0.790523 0.790523 0)
(0.790523 0.790523 0)
(0.790523 0.790523 0)
(0.759587 0.759587 0)
(0.759587 0.759587 0)
(0.759587 0.759587 0)
(0.759587 0.759587 0)
(0.759587 0.759587 0)
(0.759587 0.759587 0)
(0.759587 0.759587 0)
(0.759587 0.759587 0)
(0.759587 0.759587 0)
(0.759587 0.759587 0)
(0.759587 0.759587 0)
(0.759587 0.759587 0)
(0.759587 0.759587 0)
(0.759587 0.759587 0)
(0.759587 0.759587 0)
(0.759587 0.759587 0)
(0.759587 0.759587 0)
(0.759587 0.759587 0)
(0.759587 0.759587 0)
(0.759587 0.759587 0)
(0.759587 0.759587 0)
(0.759587 0.759587 0)
(0.759587 0.759587 0)
(0.759587 0.759587 0)
(0.759587 0.759587 0)
(0.759587 0.759587 0)
(0.759587 0.759587 0)
(0.759587 0.759587 0)
(0.759587 0.759587 0)
(0.759587 0.759587 0)
(0.759587 0.759587 0)
(0.759587 0.759587 0)
(0.759587 0.759587 0)
(0.759587 0.759587 0)
(0.759587 0.759587 0)
(0.759587 0.759587 0)
(0.759587 0.759587 0)
(0.759587 0.759587 0)
(0.759587 0.759587 0)
(0.759587 0.759587 0)
(0.724232 0.724232 0)
(0.724232 0.724232 0)
(0.724232 0.724232 0)
(0.724232 0.724232 0)
(0.724232 0.724232 0)
(0.724232 0.724232 0)
(0.724232 0.724232 0)
(0.724232 0.724232 0)
(0.724232 0.724232 0)
(0.724232 0.724232 0)
(0.724232 0.724232 0)
(0.724232 0.724232 0)
(0.724232 0.724232 0)
(0.724232 0.724232 0)
(0.724232 0.724232 0)
(0.724232 0.724232 0)
(0.724232 0.724232 0)
(0.724232 0.724232 0)
(0.724232 0.724232 0)
(0.724232 0.724232 0)
(0.724232 0.724232 0)
(0.724232 0.724232 0)
(0.724232 0.724232 0)
(0.724232 0.724232 0)
(0.724232 0.724232 0)
(0.724232 0.724232 0)
(0.724232 0.724232 0)
(0.724232 0.724232 0)
(0.724232 0.724232 0)
(0.724232 0.724232 0)
(0.724232 0.724232 0)
(0.724232 0.724232 0)
(0.724232 0.724232 0)
(0.724232 0.724232 0)
(0.724232 0.724232 0)
(0.724232 0.724232 0)
(0.724232 0.724232 0)
(0.724232 0.724232 0)
(0.724232 0.724232 0)
(0.724232 0.724232 0)
(0.684457 0.684457 0)
(0.684457 0.684457 0)
(0.684457 0.684457 0)
(0.684457 0.684457 0)
(0.684457 0.684457 0)
(0.684457 0.684457 0)
(0.684457 0.684457 0)
(0.684457 0.684457 0)
(0.684457 0.684457 0)
(0.684457 0.684457 0)
(0.684457 0.684457 0)
(0.684457 0.684457 0)
(0.684457 0.684457 0)
(0.684457 0.684457 0)
(0.684457 0.684457 0)
(0.684457 0.684457 0)
(0.684457 0.684457 0)
(0.684457 0.684457 0)
(0.684457 0.684457 0)
(0.684457 0.684457 0)
(0.684457 0.684457 0)
(0.684457 0.684457 0)
(0.684457 0.684457 0)
(0.684457 0.684457 0)
(0.684457 0.684457 0)
(0.684457 0.684457 0)
(0.684457 0.684457 0)
(0.684457 0.684457 0)
(0.684457 0.684457 0)
(0.684457 0.684457 0)
(0.684457 0.684457 0)
(0.684457 0.684457 0)
(0.684457 0.684457 0)
(0.684457 0.684457 0)
(0.684457 0.684457 0)
(0.684457 0.684457 0)
(0.684457 0.684457 0)
(0.684457 0.684457 0)
(0.684457 0.684457 0)
(0.684457 0.684457 0)
(0.640263 0.640263 0)
(0.640263 0.640263 0)
(0.640263 0.640263 0)
(0.640263 0.640263 0)
(0.640263 0.640263 0)
(0.640263 0.640263 0)
(0.640263 0.640263 0)
(0.640263 0.640263 0)
(0.640263 0.640263 0)
(0.640263 0.640263 0)
(0.640263 0.640263 0)
(0.640263 0.640263 0)
(0.640263 0.640263 0)
(0.640263 0.640263 0)
(0.640263 0.640263 0)
(0.640263 0.640263 0)
(0.640263 0.640263 0)
(0.640263 0.640263 0)
(0.640263 0.640263 0)
(0.640263 0.640263 0)
(0.640263 0.640263 0)
(0.640263 0.640263 0)
(0.640263 0.640263 0)
(0.640263 0.640263 0)
(0.640263 0.640263 0)
(0.640263 0.640263 0)
(0.640263 0.640263 0)
(0.640263 0.640263 0)
(0.640263 0.640263 0)
(0.640263 0.640263 0)
(0.640263 0.640263 0)
(0.640263 0.640263 0)
(0.640263 0.640263 0)
(0.640263 0.640263 0)
(0.640263 0.640263 0)
(0.640263 0.640263 0)
(0.640263 0.640263 0)
(0.640263 0.640263 0)
(0.640263 0.640263 0)
(0.640263 0.640263 0)
(0.59165 0.59165 0)
(0.59165 0.59165 0)
(0.59165 0.59165 0)
(0.59165 0.59165 0)
(0.59165 0.59165 0)
(0.59165 0.59165 0)
(0.59165 0.59165 0)
(0.59165 0.59165 0)
(0.59165 0.59165 0)
(0.59165 0.59165 0)
(0.59165 0.59165 0)
(0.59165 0.59165 0)
(0.59165 0.59165 0)
(0.59165 0.59165 0)
(0.59165 0.59165 0)
(0.59165 0.59165 0)
(0.59165 0.59165 0)
(0.59165 0.59165 0)
(0.59165 0.59165 0)
(0.59165 0.59165 0)
(0.59165 0.59165 0)
(0.59165 0.59165 0)
(0.59165 0.59165 0)
(0.59165 0.59165 0)
(0.59165 0.59165 0)
(0.59165 0.59165 0)
(0.59165 0.59165 0)
(0.59165 0.59165 0)
(0.59165 0.59165 0)
(0.59165 0.59165 0)
(0.59165 0.59165 0)
(0.59165 0.59165 0)
(0.59165 0.59165 0)
(0.59165 0.59165 0)
(0.59165 0.59165 0)
(0.59165 0.59165 0)
(0.59165 0.59165 0)
(0.59165 0.59165 0)
(0.59165 0.59165 0)
(0.59165 0.59165 0)
(0.538616 0.538616 0)
(0.538616 0.538616 0)
(0.538616 0.538616 0)
(0.538616 0.538616 0)
(0.538616 0.538616 0)
(0.538616 0.538616 0)
(0.538616 0.538616 0)
(0.538616 0.538616 0)
(0.538616 0.538616 0)
(0.538616 0.538616 0)
(0.538616 0.538616 0)
(0.538616 0.538616 0)
(0.538616 0.538616 0)
(0.538616 0.538616 0)
(0.538616 0.538616 0)
(0.538616 0.538616 0)
(0.538616 0.538616 0)
(0.538616 0.538616 0)
(0.538616 0.538616 0)
(0.538616 0.538616 0)
(0.538616 0.538616 0)
(0.538616 0.538616 0)
(0.538616 0.538616 0)
(0.538616 0.538616 0)
(0.538616 0.538616 0)
(0.538616 0.538616 0)
(0.538616 0.538616 0)
(0.538616 0.538616 0)
(0.538616 0.538616 0)
(0.538616 0.538616 0)
(0.538616 0.538616 0)
(0.538616 0.538616 0)
(0.538616 0.538616 0)
(0.538616 0.538616 0)
(0.538616 0.538616 0)
(0.538616 0.538616 0)
(0.538616 0.538616 0)
(0.538616 0.538616 0)
(0.538616 0.538616 0)
(0.538616 0.538616 0)
(0.481164 0.481164 0)
(0.481164 0.481164 0)
(0.481164 0.481164 0)
(0.481164 0.481164 0)
(0.481164 0.481164 0)
(0.481164 0.481164 0)
(0.481164 0.481164 0)
(0.481164 0.481164 0)
(0.481164 0.481164 0)
(0.481164 0.481164 0)
(0.481164 0.481164 0)
(0.481164 0.481164 0)
(0.481164 0.481164 0)
(0.481164 0.481164 0)
(0.481164 0.481164 0)
(0.481164 0.481164 0)
(0.481164 0.481164 0)
(0.481164 0.481164 0)
(0.481164 0.481164 0)
(0.481164 0.481164 0)
(0.481164 0.481164 0)
(0.481164 0.481164 0)
(0.481164 0.481164 0)
(0.481164 0.481164 0)
(0.481164 0.481164 0)
(0.481164 0.481164 0)
(0.481164 0.481164 0)
(0.481164 0.481164 0)
(0.481164 0.481164 0)
(0.481164 0.481164 0)
(0.481164 0.481164 0)
(0.481164 0.481164 0)
(0.481164 0.481164 0)
(0.481164 0.481164 0)
(0.481164 0.481164 0)
(0.481164 0.481164 0)
(0.481164 0.481164 0)
(0.481164 0.481164 0)
(0.481164 0.481164 0)
(0.481164 0.481164 0)
(0.419292 0.419292 0)
(0.419292 0.419292 0)
(0.419292 0.419292 0)
(0.419292 0.419292 0)
(0.419292 0.419292 0)
(0.419292 0.419292 0)
(0.419292 0.419292 0)
(0.419292 0.419292 0)
(0.419292 0.419292 0)
(0.419292 0.419292 0)
(0.419292 0.419292 0)
(0.419292 0.419292 0)
(0.419292 0.419292 0)
(0.419292 0.419292 0)
(0.419292 0.419292 0)
(0.419292 0.419292 0)
(0.419292 0.419292 0)
(0.419292 0.419292 0)
(0.419292 0.419292 0)
(0.419292 0.419292 0)
(0.419292 0.419292 0)
(0.419292 0.419292 0)
(0.419292 0.419292 0)
(0.419292 0.419292 0)
(0.419292 0.419292 0)
(0.419292 0.419292 0)
(0.419292 0.419292 0)
(0.419292 0.419292 0)
(0.419292 0.419292 0)
(0.419292 0.419292 0)
(0.419292 0.419292 0)
(0.419292 0.419292 0)
(0.419292 0.419292 0)
(0.419292 0.419292 0)
(0.419292 0.419292 0)
(0.419292 0.419292 0)
(0.419292 0.419292 0)
(0.419292 0.419292 0)
(0.419292 0.419292 0)
(0.419292 0.419292 0)
(0.353001 0.353001 0)
(0.353001 0.353001 0)
(0.353001 0.353001 0)
(0.353001 0.353001 0)
(0.353001 0.353001 0)
(0.353001 0.353001 0)
(0.353001 0.353001 0)
(0.353001 0.353001 0)
(0.353001 0.353001 0)
(0.353001 0.353001 0)
(0.353001 0.353001 0)
(0.353001 0.353001 0)
(0.353001 0.353001 0)
(0.353001 0.353001 0)
(0.353001 0.353001 0)
(0.353001 0.353001 0)
(0.353001 0.353001 0)
(0.353001 0.353001 0)
(0.353001 0.353001 0)
(0.353001 0.353001 0)
(0.353001 0.353001 0)
(0.353001 0.353001 0)
(0.353001 0.353001 0)
(0.353001 0.353001 0)
(0.353001 0.353001 0)
(0.353001 0.353001 0)
(0.353001 0.353001 0)
(0.353001 0.353001 0)
(0.353001 0.353001 0)
(0.353001 0.353001 0)
(0.353001 0.353001 0)
(0.353001 0.353001 0)
(0.353001 0.353001 0)
(0.353001 0.353001 0)
(0.353001 0.353001 0)
(0.353001 0.353001 0)
(0.353001 0.353001 0)
(0.353001 0.353001 0)
(0.353001 0.353001 0)
(0.353001 0.353001 0)
(0.28229 0.28229 0)
(0.28229 0.28229 0)
(0.28229 0.28229 0)
(0.28229 0.28229 0)
(0.28229 0.28229 0)
(0.28229 0.28229 0)
(0.28229 0.28229 0)
(0.28229 0.28229 0)
(0.28229 0.28229 0)
(0.28229 0.28229 0)
(0.28229 0.28229 0)
(0.28229 0.28229 0)
(0.28229 0.28229 0)
(0.28229 0.28229 0)
(0.28229 0.28229 0)
(0.28229 0.28229 0)
(0.28229 0.28229 0)
(0.28229 0.28229 0)
(0.28229 0.28229 0)
(0.28229 0.28229 0)
(0.28229 0.28229 0)
(0.28229 0.28229 0)
(0.28229 0.28229 0)
(0.28229 0.28229 0)
(0.28229 0.28229 0)
(0.28229 0.28229 0)
(0.28229 0.28229 0)
(0.28229 0.28229 0)
(0.28229 0.28229 0)
(0.28229 0.28229 0)
(0.28229 0.28229 0)
(0.28229 0.28229 0)
(0.28229 0.28229 0)
(0.28229 0.28229 0)
(0.28229 0.28229 0)
(0.28229 0.28229 0)
(0.28229 0.28229 0)
(0.28229 0.28229 0)
(0.28229 0.28229 0)
(0.28229 0.28229 0)
(0.20716 0.20716 0)
(0.20716 0.20716 0)
(0.20716 0.20716 0)
(0.20716 0.20716 0)
(0.20716 0.20716 0)
(0.20716 0.20716 0)
(0.20716 0.20716 0)
(0.20716 0.20716 0)
(0.20716 0.20716 0)
(0.20716 0.20716 0)
(0.20716 0.20716 0)
(0.20716 0.20716 0)
(0.20716 0.20716 0)
(0.20716 0.20716 0)
(0.20716 0.20716 0)
(0.20716 0.20716 0)
(0.20716 0.20716 0)
(0.20716 0.20716 0)
(0.20716 0.20716 0)
(0.20716 0.20716 0)
(0.20716 0.20716 0)
(0.20716 0.20716 0)
(0.20716 0.20716 0)
(0.20716 0.20716 0)
(0.20716 0.20716 0)
(0.20716 0.20716 0)
(0.20716 0.20716 0)
(0.20716 0.20716 0)
(0.20716 0.20716 0)
(0.20716 0.20716 0)
(0.20716 0.20716 0)
(0.20716 0.20716 0)
(0.20716 0.20716 0)
(0.20716 0.20716 0)
(0.20716 0.20716 0)
(0.20716 0.20716 0)
(0.20716 0.20716 0)
(0.20716 0.20716 0)
(0.20716 0.20716 0)
(0.20716 0.20716 0)
(0.127611 0.127611 0)
(0.127611 0.127611 0)
(0.127611 0.127611 0)
(0.127611 0.127611 0)
(0.127611 0.127611 0)
(0.127611 0.127611 0)
(0.127611 0.127611 0)
(0.127611 0.127611 0)
(0.127611 0.127611 0)
(0.127611 0.127611 0)
(0.127611 0.127611 0)
(0.127611 0.127611 0)
(0.127611 0.127611 0)
(0.127611 0.127611 0)
(0.127611 0.127611 0)
(0.127611 0.127611 0)
(0.127611 0.127611 0)
(0.127611 0.127611 0)
(0.127611 0.127611 0)
(0.127611 0.127611 0)
(0.127611 0.127611 0)
(0.127611 0.127611 0)
(0.127611 0.127611 0)
(0.127611 0.127611 0)
(0.127611 0.127611 0)
(0.127611 0.127611 0)
(0.127611 0.127611 0)
(0.127611 0.127611 0)
(0.127611 0.127611 0)
(0.127611 0.127611 0)
(0.127611 0.127611 0)
(0.127611 0.127611 0)
(0.127611 0.127611 0)
(0.127611 0.127611 0)
(0.127611 0.127611 0)
(0.127611 0.127611 0)
(0.127611 0.127611 0)
(0.127611 0.127611 0)
(0.127611 0.127611 0)
(0.127611 0.127611 0)
(0.0436417 0.0436417 0)
(0.0436417 0.0436417 0)
(0.0436417 0.0436417 0)
(0.0436417 0.0436417 0)
(0.0436417 0.0436417 0)
(0.0436417 0.0436417 0)
(0.0436417 0.0436417 0)
(0.0436417 0.0436417 0)
(0.0436417 0.0436417 0)
(0.0436417 0.0436417 0)
(0.0436417 0.0436417 0)
(0.0436417 0.0436417 0)
(0.0436417 0.0436417 0)
(0.0436417 0.0436417 0)
(0.0436417 0.0436417 0)
(0.0436417 0.0436417 0)
(0.0436417 0.0436417 0)
(0.0436417 0.0436417 0)
(0.0436417 0.0436417 0)
(0.0436417 0.0436417 0)
(0.0436417 0.0436417 0)
(0.0436417 0.0436417 0)
(0.0436417 0.0436417 0)
(0.0436417 0.0436417 0)
(0.0436417 0.0436417 0)
(0.0436417 0.0436417 0)
(0.0436417 0.0436417 0)
(0.0436417 0.0436417 0)
(0.0436417 0.0436417 0)
(0.0436417 0.0436417 0)
(0.0436417 0.0436417 0)
(0.0436417 0.0436417 0)
(0.0436417 0.0436417 0)
(0.0436417 0.0436417 0)
(0.0436417 0.0436417 0)
(0.0436417 0.0436417 0)
(0.0436417 0.0436417 0)
(0.0436417 0.0436417 0)
(0.0436417 0.0436417 0)
(0.0436417 0.0436417 0)
)
;

boundaryField
{
    inlet
    {
        type            calculated;
        value           nonuniform List<vector> 
40
(
(0.0436417 0.0436417 0)
(0.127611 0.127611 0)
(0.20716 0.20716 0)
(0.28229 0.28229 0)
(0.353001 0.353001 0)
(0.419292 0.419292 0)
(0.481164 0.481164 0)
(0.538616 0.538616 0)
(0.59165 0.59165 0)
(0.640263 0.640263 0)
(0.684457 0.684457 0)
(0.724232 0.724232 0)
(0.759587 0.759587 0)
(0.790523 0.790523 0)
(0.81704 0.81704 0)
(0.839137 0.839137 0)
(0.856815 0.856815 0)
(0.870073 0.870073 0)
(0.878912 0.878912 0)
(0.883331 0.883331 0)
(0.883331 0.883331 0)
(0.878912 0.878912 0)
(0.870073 0.870073 0)
(0.856815 0.856815 0)
(0.839137 0.839137 0)
(0.81704 0.81704 0)
(0.790523 0.790523 0)
(0.759587 0.759587 0)
(0.724232 0.724232 0)
(0.684457 0.684457 0)
(0.640263 0.640263 0)
(0.59165 0.59165 0)
(0.538616 0.538616 0)
(0.481164 0.481164 0)
(0.419292 0.419292 0)
(0.353001 0.353001 0)
(0.28229 0.28229 0)
(0.20716 0.20716 0)
(0.127611 0.127611 0)
(0.0436417 0.0436417 0)
)
;
    }
    outlet
    {
        type            calculated;
        value           nonuniform List<vector> 
40
(
(0.0436417 0.0436417 0)
(0.127611 0.127611 0)
(0.20716 0.20716 0)
(0.28229 0.28229 0)
(0.353001 0.353001 0)
(0.419292 0.419292 0)
(0.481164 0.481164 0)
(0.538616 0.538616 0)
(0.59165 0.59165 0)
(0.640263 0.640263 0)
(0.684457 0.684457 0)
(0.724232 0.724232 0)
(0.759587 0.759587 0)
(0.790523 0.790523 0)
(0.81704 0.81704 0)
(0.839137 0.839137 0)
(0.856815 0.856815 0)
(0.870073 0.870073 0)
(0.878912 0.878912 0)
(0.883331 0.883331 0)
(0.883331 0.883331 0)
(0.878912 0.878912 0)
(0.870073 0.870073 0)
(0.856815 0.856815 0)
(0.839137 0.839137 0)
(0.81704 0.81704 0)
(0.790523 0.790523 0)
(0.759587 0.759587 0)
(0.724232 0.724232 0)
(0.684457 0.684457 0)
(0.640263 0.640263 0)
(0.59165 0.59165 0)
(0.538616 0.538616 0)
(0.481164 0.481164 0)
(0.419292 0.419292 0)
(0.353001 0.353001 0)
(0.28229 0.28229 0)
(0.20716 0.20716 0)
(0.127611 0.127611 0)
(0.0436417 0.0436417 0)
)
;
    }
    walls
    {
        type            calculated;
        value           uniform (0 0 0);
    }
    movingwall
    {
        type            calculated;
        value           nonuniform List<vector> 
40
(
(-6.7262e-11 -6.7262e-11 0)
(5.7739e-11 5.7739e-11 0)
(5.77378e-11 5.77378e-11 0)
(-6.7262e-11 -6.7262e-11 0)
(5.77382e-11 5.77382e-11 0)
(5.77382e-11 5.77382e-11 0)
(-6.7262e-11 -6.7262e-11 0)
(5.77382e-11 5.77382e-11 0)
(5.77378e-11 5.77378e-11 0)
(-6.7262e-11 -6.7262e-11 0)
(-6.7262e-11 -6.7262e-11 0)
(5.77378e-11 5.77378e-11 0)
(5.77382e-11 5.77382e-11 0)
(-6.7262e-11 -6.7262e-11 0)
(5.77382e-11 5.77382e-11 0)
(5.77378e-11 5.77378e-11 0)
(1.82738e-10 1.82738e-10 0)
(-1.92262e-10 -1.92262e-10 0)
(-6.7262e-11 -6.7262e-11 0)
(5.77382e-11 5.77382e-11 0)
(5.77382e-11 5.77382e-11 0)
(1.82739e-10 1.82739e-10 0)
(3.07738e-10 3.07738e-10 0)
(3.07738e-10 3.07738e-10 0)
(4.32738e-10 4.32738e-10 0)
(5.57738e-10 5.57738e-10 0)
(5.57738e-10 5.57738e-10 0)
(5.57738e-10 5.57738e-10 0)
(-5.67263e-10 -5.67263e-10 0)
(-4.42261e-10 -4.42261e-10 0)
(-4.42262e-10 -4.42262e-10 0)
(-3.17262e-10 -3.17262e-10 0)
(-1.92263e-10 -1.92263e-10 0)
(-1.92263e-10 -1.92263e-10 0)
(-1.29762e-10 -1.29762e-10 0)
(-2.97627e-11 -2.97627e-11 0)
(4.52383e-11 4.52383e-11 0)
(1.20238e-10 1.20238e-10 0)
(1.95238e-10 1.95238e-10 0)
(2.70238e-10 2.70238e-10 0)
)
;
    }
    frontAndBack
    {
        type            empty;
    }
}


// ************************************************************************* //
