/*--------------------------------*- C++ -*----------------------------------*\
| =========                 |                                                 |
| \\      /  F ield         | OpenFOAM: The Open Source CFD Toolbox           |
|  \\    /   O peration     | Version:  2312                                  |
|   \\  /    A nd           | Website:  www.openfoam.com                      |
|    \\/     M anipulation  |                                                 |
\*---------------------------------------------------------------------------*/
FoamFile
{
    version     2.0;
    format      ascii;
    arch        "LSB;label=32;scalar=64";
    class       volScalarField;
    location    "200";
    object      p;
}
// * * * * * * * * * * * * * * * * * * * * * * * * * * * * * * * * * * * * * //

dimensions      [0 2 -2 0 0 0 0];

internalField   nonuniform List<scalar> 
8400
(
0.0251926
0.02555
0.0263327
0.0273997
0.0286823
0.0301671
0.0318576
0.0337661
0.0359185
0.0383616
0.0411746
0.0444896
0.0485321
0.0535861
0.060887
0.0251859
0.0255425
0.0263226
0.0273855
0.0286616
0.0301361
0.03181
0.0336911
0.0357966
0.0381548
0.0408048
0.0437888
0.0471306
0.0507565
0.0547546
0.0251723
0.0255271
0.0263018
0.0273563
0.028619
0.0300723
0.0317125
0.0335389
0.0355531
0.0377545
0.0401286
0.0426227
0.0451072
0.0473183
0.0488718
0.0251511
0.0255028
0.0262694
0.0273106
0.0285527
0.0299737
0.0315633
0.0333095
0.0351952
0.0371904
0.0392379
0.0412366
0.0430303
0.0444181
0.0452089
0.0251216
0.0254691
0.0262246
0.0272478
0.0284618
0.0298397
0.0313629
0.0330072
0.0347375
0.0365005
0.0382154
0.0397708
0.0410359
0.0418912
0.0422709
0.0250833
0.0254252
0.0261666
0.0271668
0.0283455
0.0296699
0.0311129
0.0326384
0.034197
0.0357211
0.0371244
0.0383096
0.0391889
0.0397113
0.0398813
0.0250357
0.0253707
0.0260948
0.027067
0.0282034
0.0294649
0.0308162
0.0322113
0.0335911
0.0348837
0.0360095
0.0368957
0.0374947
0.0377995
0.0378447
0.024978
0.0253048
0.0260085
0.0269479
0.0280354
0.0292259
0.0304767
0.0317347
0.0329366
0.0340134
0.0348999
0.035549
0.0359443
0.036104
0.0360729
0.0249098
0.0252269
0.0259072
0.0268092
0.0278419
0.0289545
0.0300988
0.0312177
0.0322482
0.0331297
0.0338141
0.0342768
0.0345228
0.0345829
0.0345022
0.0248304
0.0251366
0.0257904
0.0266507
0.0276233
0.0286529
0.0296875
0.0306688
0.0315385
0.0322469
0.0327627
0.0330794
0.0332151
0.0332053
0.0330916
0.0247393
0.0250333
0.0256578
0.0264724
0.0273806
0.0283237
0.0292476
0.0300961
0.0308178
0.0313751
0.0317516
0.0319538
0.0320072
0.0319476
0.0318114
0.0246361
0.0249166
0.0255092
0.0262747
0.0271151
0.0279696
0.0287842
0.0295067
0.0300942
0.0305212
0.0307832
0.0308956
0.0308871
0.0307916
0.0306401
0.0245203
0.0247862
0.0253444
0.0260579
0.0268281
0.0275935
0.0283018
0.0289066
0.0293742
0.0296897
0.029858
0.0298999
0.0298447
0.0297231
0.0295613
0.0243914
0.0246416
0.0251634
0.0258226
0.0265212
0.0271983
0.0278049
0.0283012
0.0286626
0.0288835
0.0289754
0.0289618
0.0288712
0.0287307
0.0285623
0.0242492
0.0244827
0.0249664
0.0255696
0.0261962
0.0267868
0.0272972
0.0276947
0.0279631
0.028104
0.0281337
0.0280766
0.0279592
0.0278052
0.0276328
0.0240933
0.0243094
0.0247536
0.0252998
0.0258546
0.0263619
0.0267824
0.0270908
0.0272782
0.027352
0.0273312
0.02724
0.0271024
0.0269389
0.0267646
0.0239235
0.0241216
0.0245253
0.0250141
0.0254985
0.0259261
0.0262636
0.0264922
0.0266097
0.0266274
0.0265658
0.0264479
0.0262954
0.0261256
0.025951
0.0237397
0.0239194
0.0242821
0.0247137
0.0251295
0.0254819
0.0257432
0.0259012
0.0259586
0.0259298
0.0258354
0.0256969
0.0255334
0.0253598
0.0251861
0.0235419
0.0237028
0.0240244
0.0243995
0.0247495
0.0250315
0.0252237
0.0253195
0.0253257
0.0252584
0.0251378
0.0249837
0.0248125
0.024637
0.0244651
0.02333
0.0234721
0.0237528
0.0240729
0.0243601
0.0245768
0.0247069
0.0247484
0.0247113
0.0246124
0.0244711
0.0243052
0.024129
0.023953
0.0237838
0.0231043
0.0232277
0.0234681
0.023735
0.0239629
0.0241197
0.0241943
0.0241888
0.0241152
0.0239907
0.0238333
0.0236588
0.0234796
0.0233045
0.0231384
0.0228648
0.0229698
0.0231711
0.023387
0.0235594
0.0236617
0.0236872
0.0236412
0.0235373
0.0233921
0.0232224
0.0230421
0.0228616
0.0226883
0.0225259
0.022612
0.022699
0.0228624
0.02303
0.023151
0.0232041
0.0231865
0.0231061
0.0229771
0.0228156
0.0226368
0.0224528
0.0222724
0.0221016
0.0219432
0.0223462
0.0224158
0.0225431
0.0226653
0.022739
0.0227481
0.022693
0.0225836
0.0224342
0.02226
0.0220747
0.0218888
0.0217097
0.021542
0.0213879
0.0220679
0.0221209
0.0222139
0.0222938
0.0223246
0.0222947
0.0222074
0.0220737
0.0219079
0.0217242
0.0215347
0.0213483
0.0211713
0.0210073
0.0208577
0.0217776
0.0218148
0.0218758
0.0219167
0.0219088
0.0218447
0.0217298
0.0215762
0.0213976
0.0212071
0.0210152
0.0208296
0.0206554
0.0204955
0.0203505
0.021476
0.0214984
0.0215296
0.0215349
0.0214925
0.0213987
0.0212608
0.021091
0.0209026
0.0207075
0.0205148
0.0203311
0.0201603
0.0200046
0.0198644
0.0211637
0.0211725
0.0211763
0.0211494
0.0210766
0.0209574
0.0208003
0.0206177
0.0204223
0.0202244
0.0200323
0.0198512
0.0196843
0.0195332
0.0193977
0.0208415
0.0208377
0.0208167
0.0207612
0.0206618
0.020521
0.0203484
0.0201561
0.0199558
0.0197569
0.0195664
0.0193886
0.019226
0.0190796
0.0189489
0.0205102
0.0204951
0.0204518
0.0203709
0.0202488
0.0200901
0.0199051
0.0197057
0.0195025
0.019304
0.019116
0.0189421
0.0187841
0.0186425
0.0185166
0.0201707
0.0201454
0.0200824
0.0199794
0.019838
0.0196648
0.0194704
0.0192661
0.0190618
0.0188648
0.0186801
0.0185105
0.0183573
0.0182206
0.0180995
0.0198238
0.0197895
0.0197093
0.0195875
0.0194301
0.0192454
0.0190441
0.018837
0.0186329
0.0184385
0.0182577
0.0180928
0.0179445
0.0178128
0.0176964
0.0194704
0.0194284
0.0193334
0.0191957
0.0190253
0.0188319
0.018626
0.0184178
0.0182153
0.0180242
0.0178478
0.0176878
0.0175447
0.0174179
0.0173062
0.0191115
0.0190628
0.0189554
0.0188048
0.0186242
0.0184244
0.018216
0.0180082
0.0178083
0.0176212
0.0174497
0.0172949
0.0171568
0.017035
0.0169279
0.018748
0.0186938
0.0185762
0.0184152
0.018227
0.0180231
0.0178138
0.0176077
0.0174113
0.0172289
0.0170625
0.016913
0.0167802
0.0166632
0.0165606
0.0183809
0.0183221
0.0181964
0.0180275
0.017834
0.017628
0.0174193
0.017216
0.0170239
0.0168465
0.0166855
0.0165415
0.0164138
0.0163017
0.0162036
0.018011
0.0179487
0.0178167
0.0176421
0.0174454
0.017239
0.0170324
0.0168328
0.0166455
0.0164736
0.0163182
0.0161796
0.0160572
0.0159498
0.0158561
0.0176392
0.0175743
0.0174379
0.0172597
0.0170615
0.0168562
0.0166527
0.0164577
0.0162757
0.0161095
0.0159599
0.0158268
0.0157095
0.0156069
0.0155173
0.0172664
0.0171998
0.0170606
0.0168805
0.0166826
0.0164796
0.0162801
0.0160903
0.0159141
0.0157538
0.01561
0.0154824
0.0153702
0.0152722
0.0151868
0.0168936
0.0168259
0.0166853
0.0165049
0.0163087
0.0161092
0.0159146
0.0157304
0.0155603
0.0154061
0.0152681
0.015146
0.0150388
0.0149454
0.014864
0.0165214
0.0164534
0.0163126
0.0161334
0.01594
0.015745
0.0155558
0.0153777
0.0152139
0.0150659
0.0149338
0.0148171
0.0147149
0.0146258
0.0145484
0.0161507
0.0160829
0.0159432
0.0157663
0.0155768
0.0153869
0.0152037
0.0150321
0.0148748
0.0147329
0.0146067
0.0144954
0.0143979
0.0143132
0.0142396
0.0157822
0.0157151
0.0155774
0.0154039
0.0152191
0.015035
0.0148583
0.0146933
0.0145425
0.0144069
0.0142864
0.0141804
0.0140877
0.0140071
0.0139372
0.0154166
0.0153507
0.0152157
0.0150465
0.0148671
0.0146893
0.0145193
0.0143611
0.0142169
0.0140875
0.0139728
0.0138719
0.0137838
0.0137073
0.0136409
0.0150546
0.0149903
0.0148587
0.0146944
0.014521
0.0143499
0.0141868
0.0140355
0.0138979
0.0137746
0.0136655
0.0135696
0.013486
0.0134134
0.0133505
0.0146968
0.0146343
0.0145067
0.0143478
0.0141809
0.0140167
0.0138607
0.0137163
0.0135852
0.013468
0.0133643
0.0132734
0.0131941
0.0131253
0.0130658
0.0143437
0.0142832
0.0141601
0.0140072
0.0138469
0.0136898
0.013541
0.0134035
0.0132789
0.0131675
0.0130692
0.012983
0.0129079
0.0128428
0.0127865
0.0139959
0.0139376
0.0138193
0.0136725
0.0135193
0.0133694
0.0132276
0.0130969
0.0129786
0.0128731
0.0127799
0.0126983
0.0126273
0.0125658
0.0125125
0.0136538
0.0135979
0.0134845
0.0133442
0.013198
0.0130553
0.0129207
0.0127966
0.0126845
0.0125846
0.0124965
0.0124193
0.0123522
0.0122941
0.0122438
0.0133178
0.0132645
0.0131562
0.0130224
0.0128833
0.0127478
0.0126201
0.0125026
0.0123965
0.0123021
0.0122188
0.0121459
0.0120825
0.0120277
0.0119802
0.0129885
0.0129376
0.0128345
0.0127073
0.0125753
0.0124468
0.0123259
0.0122148
0.0121146
0.0120254
0.0119468
0.011878
0.0118182
0.0117665
0.0117218
0.012666
0.0126177
0.0125198
0.0123992
0.012274
0.0121525
0.0120383
0.0119334
0.0118388
0.0117546
0.0116805
0.0116157
0.0115594
0.0115106
0.0114685
0.0123508
0.0123049
0.0122122
0.0120981
0.0119798
0.011865
0.0117572
0.0116582
0.0115691
0.0114898
0.01142
0.0113589
0.0113059
0.01126
0.0112203
0.012043
0.0119997
0.0119121
0.0118043
0.0116926
0.0115844
0.0114827
0.0113895
0.0113056
0.0112309
0.0111652
0.0111078
0.0110579
0.0110147
0.0109774
0.0117431
0.0117022
0.0116195
0.0115179
0.0114127
0.0113107
0.011215
0.0111273
0.0110483
0.0109781
0.0109163
0.0108623
0.0108154
0.0107748
0.0107397
0.0114512
0.0114127
0.0113348
0.0112391
0.01114
0.0110441
0.0109542
0.0108717
0.0107974
0.0107314
0.0106733
0.0106226
0.0105785
0.0105403
0.0105074
0.0111676
0.0111313
0.011058
0.010968
0.0108749
0.0107848
0.0107002
0.0106228
0.010553
0.010491
0.0104364
0.0103888
0.0103473
0.0103115
0.0102805
0.0108923
0.0108583
0.0107894
0.0107048
0.0106174
0.0105327
0.0104534
0.0103806
0.0103151
0.0102569
0.0102057
0.0101609
0.010122
0.0100884
0.0100593
0.0106257
0.0105937
0.0105291
0.0104497
0.0103677
0.0102882
0.0102137
0.0101454
0.010084
0.0100293
0.00998124
0.00993922
0.0099027
0.00987111
0.00984379
0.0103679
0.0103379
0.0102773
0.0102028
0.0101258
0.0100513
0.0099814
0.00991734
0.00985966
0.00980839
0.00976325
0.00972381
0.00968953
0.00965987
0.00963423
0.010119
0.0100909
0.0100341
0.00996423
0.00989203
0.00982212
0.00975657
0.00969648
0.00964236
0.00959425
0.00955189
0.00951486
0.00948268
0.00945484
0.00943076
0.00987929
0.00985292
0.00979964
0.00973416
0.00966646
0.0096009
0.00953941
0.00948303
0.00943224
0.00938709
0.00934733
0.00931257
0.00928236
0.00925621
0.00923359
0.00964884
0.00962412
0.00957417
0.00951277
0.00944928
0.00938778
0.00933009
0.00927718
0.00922951
0.00918712
0.00914978
0.00911714
0.00908875
0.00906419
0.00904295
0.00942784
0.00940466
0.00935782
0.00930023
0.00924066
0.00918295
0.0091288
0.00907912
0.00903435
0.00899453
0.00895946
0.00892878
0.00890211
0.00887902
0.00885905
0.00921648
0.00919474
0.00915079
0.00909674
0.00904082
0.00898662
0.00893576
0.00888909
0.00884701
0.00880958
0.0087766
0.00874775
0.00872266
0.00870094
0.00868215
0.00901496
0.00899454
0.00895327
0.0089025
0.00884996
0.00879902
0.0087512
0.00870731
0.00866773
0.0086325
0.00860146
0.00857431
0.00855069
0.00853024
0.00851254
0.0088235
0.0088043
0.0087655
0.00871775
0.00866833
0.0086204
0.00857538
0.00853405
0.00849677
0.00846358
0.00843433
0.00840874
0.00838647
0.00836719
0.0083505
0.00864232
0.00862425
0.00858771
0.00854275
0.00849619
0.00845102
0.00840858
0.0083696
0.00833443
0.00830313
0.00827552
0.00825136
0.00823034
0.00821213
0.00819637
0.00847171
0.00845467
0.00842021
0.00837778
0.00833384
0.00829119
0.00825111
0.00821429
0.00818105
0.00815146
0.00812536
0.00810251
0.00808263
0.0080654
0.00805049
0.00831197
0.00829586
0.00826329
0.00822318
0.00818161
0.00814126
0.00810332
0.00806846
0.00803699
0.00800895
0.00798423
0.00796257
0.00794373
0.0079274
0.00791326
0.00816344
0.00814818
0.00811732
0.0080793
0.00803989
0.00800161
0.00796561
0.00793252
0.00790264
0.00787602
0.00785253
0.00783196
0.00781405
0.00779853
0.00778509
0.00802655
0.00801204
0.00798271
0.00794656
0.00790908
0.00787267
0.00783841
0.00780692
0.00777846
0.00775311
0.00773073
0.00771113
0.00769407
0.00767927
0.00766647
0.00790173
0.0078879
0.00785993
0.00782545
0.00778968
0.00775493
0.00772222
0.00769214
0.00766496
0.00764073
0.00761934
0.0076006
0.00758429
0.00757014
0.0075579
0.00778953
0.0077763
0.00774951
0.0077165
0.00768224
0.00764893
0.00761758
0.00758874
0.00756268
0.00753944
0.00751892
0.00750095
0.00748529
0.00747172
0.00745996
0.00769056
0.00767784
0.00765208
0.00762032
0.00758737
0.00755532
0.00752514
0.00749737
0.00747227
0.00744989
0.00743012
0.0074128
0.00739772
0.00738463
0.0073733
0.00760553
0.00759323
0.00756834
0.00753765
0.00750579
0.0074748
0.00744561
0.00741874
0.00739446
0.00737279
0.00735366
0.0073369
0.00732229
0.00730962
0.00729865
0.00753525
0.0075233
0.00749912
0.00746929
0.00743832
0.00740818
0.0073798
0.00735367
0.00733005
0.00730897
0.00729035
0.00727404
0.00725982
0.00724749
0.00723681
0.00748068
0.007469
0.00744536
0.00741619
0.0073859
0.00735643
0.00732866
0.00730309
0.00727997
0.00725935
0.00724113
0.00722515
0.00721124
0.00719917
0.00718871
0.00744293
0.00743144
0.00740816
0.00737945
0.00734962
0.0073206
0.00729325
0.00726807
0.0072453
0.00722498
0.00720703
0.00719129
0.00717758
0.00716569
0.00715538
0.00742328
0.00741189
0.00738882
0.00736034
0.00733076
0.00730197
0.00727484
0.00724986
0.00722726
0.0072071
0.00718929
0.00717368
0.00716007
0.00714827
0.00713805
0.062325
0.0558256
0.0499326
0.0462542
0.0435469
0.0411037
0.0388246
0.0367085
0.0347154
0.0328013
0.0309385
0.0291118
0.0273118
0.025533
0.0237727
0.0220314
0.0203118
0.018619
0.0169596
0.015342
0.0137755
0.0122706
0.0108381
0.00948885
0.00823308
0.00707996
0.00603704
0.0051098
0.00430122
0.00361161
0.00303843
0.00257642
0.00221786
0.00195295
0.00177035
0.00165779
0.00160263
0.00159253
0.00161583
0.00166205
0.00172209
0.0017884
0.00185501
0.00191742
0.00197251
0.00201831
0.00205382
0.00207877
0.00209344
0.00209847
0.0020947
0.00208308
0.00206455
0.00204001
0.00201027
0.00197601
0.00193781
0.00189614
0.00185139
0.00180384
0.00175372
0.00170122
0.00164646
0.00158955
0.0015306
0.00146968
0.00140686
0.00134222
0.00127583
0.00120776
0.00113808
0.00106688
0.000994238
0.000920252
0.000845021
0.000768655
0.000691276
0.000613016
0.000534025
0.000454465
0.000374517
0.000294376
0.000214253
0.000134362
5.49124e-05
-2.39336e-05
-0.000101656
-0.000184991
-0.000204349
-0.000658855
0.0554602
0.0517547
0.0478677
0.0450263
0.0427021
0.0405016
0.0383783
0.0363534
0.0344144
0.0325357
0.0306996
0.0288955
0.0271169
0.0253596
0.0236216
0.0219036
0.0202083
0.0185402
0.0169056
0.0153126
0.01377
0.012288
0.0108769
0.00954736
0.00830924
0.00717152
0.00614161
0.0052249
0.00442436
0.0037403
0.00317031
0.00270927
0.00234967
0.00208195
0.00189505
0.001777
0.00171546
0.00169836
0.00171434
0.00175313
0.00180585
0.00186509
0.001925
0.00198117
0.00203052
0.0020711
0.0021019
0.00212263
0.00213353
0.00213521
0.00212846
0.00211419
0.00209331
0.00206666
0.00203503
0.00199907
0.00195933
0.00191628
0.00187026
0.00182155
0.00177037
0.00171688
0.00166122
0.00160348
0.00154376
0.00148212
0.00141864
0.00135337
0.0012864
0.00121778
0.00114759
0.00107591
0.00100282
0.000928411
0.000852782
0.000776041
0.000698309
0.000619716
0.000540411
0.000460554
0.000380326
0.000299921
0.000219547
0.00013942
5.9746e-05
-1.93032e-05
-9.72905e-05
-0.000180574
-0.000199538
-0.000663237
0.0490196
0.0474601
0.0452558
0.0431537
0.0412049
0.0393033
0.0374305
0.0356051
0.0338293
0.0320919
0.030382
0.0286923
0.027018
0.0253563
0.0237059
0.0220678
0.0204447
0.0188413
0.0172636
0.0157193
0.0142173
0.0127673
0.0113795
0.0100644
0.00883219
0.00769201
0.00665179
0.00571762
0.00489342
0.00418058
0.0035779
0.00308157
0.00268534
0.00238088
0.00215824
0.00200631
0.0019135
0.00186819
0.00185928
0.00187657
0.00191106
0.00195513
0.00200261
0.00204871
0.00209
0.00212415
0.00214983
0.00216645
0.00217401
0.00217291
0.0021638
0.00214747
0.00212473
0.00209639
0.00206317
0.00202572
0.00198457
0.00194016
0.00189285
0.00184292
0.00179057
0.00173598
0.00167928
0.00162055
0.0015599
0.00149738
0.00143308
0.00136704
0.00129934
0.00123004
0.00115921
0.00108693
0.00101328
0.000938336
0.000862207
0.000784996
0.000706821
0.000627811
0.000548112
0.000467884
0.000387306
0.000306571
0.000225886
0.000145466
6.55172e-05
-1.37807e-05
-9.21154e-05
-0.000174956
-0.000195008
-0.000680382
0.0452738
0.0444692
0.0430578
0.0414478
0.0398168
0.0381755
0.0365216
0.0348697
0.0332307
0.0316055
0.0299916
0.0283868
0.02679
0.0252007
0.0236195
0.0220484
0.0204903
0.0189499
0.0174329
0.0159462
0.014498
0.013097
0.0117526
0.0104745
0.009272
0.00815378
0.00712749
0.00619918
0.00537302
0.00465094
0.00403252
0.00351495
0.0030931
0.00275985
0.00250644
0.00232293
0.0021987
0.002123
0.00208538
0.00207613
0.00208653
0.00210909
0.00213762
0.00216725
0.00219433
0.00221633
0.00223165
0.00223947
0.00223955
0.00223207
0.00221748
0.00219643
0.00216958
0.00213762
0.00210121
0.00206091
0.0020172
0.00197048
0.00192107
0.00186923
0.00181514
0.00175894
0.00170077
0.00164069
0.00157879
0.00151512
0.00144974
0.00138272
0.0013141
0.00124395
0.00117232
0.0010993
0.00102495
0.000949363
0.000872629
0.000794849
0.000716141
0.00063663
0.000556461
0.000475792
0.0003948
0.000313676
0.000232628
0.000151871
7.16113e-05
-7.97114e-06
-8.66638e-05
-0.000168687
-0.000194759
-0.00070708
0.0422016
0.0416436
0.0406765
0.0394783
0.0381727
0.0368011
0.0353787
0.0339232
0.0324499
0.0309673
0.0294792
0.0279877
0.0264946
0.0250016
0.0235109
0.0220253
0.0205483
0.0190847
0.01764
0.016221
0.014835
0.0134902
0.0121954
0.0109594
0.00979102
0.00869837
0.00768878
0.00676824
0.00594111
0.00520982
0.00457469
0.0040339
0.00358353
0.00321774
0.00292912
0.00270904
0.0025481
0.00243659
0.00236491
0.00232398
0.00230549
0.00230218
0.0023079
0.00231766
0.00232763
0.002335
0.00233788
0.00233513
0.0023262
0.00231101
0.00228978
0.00226292
0.00223096
0.00219445
0.00215393
0.00210989
0.00206276
0.00201289
0.00196057
0.00190603
0.00184944
0.00179092
0.00173059
0.00166851
0.00160476
0.00153937
0.00147241
0.00140391
0.00133392
0.0012625
0.0011897
0.00111559
0.00104022
0.000963692
0.000886079
0.000807481
0.000728009
0.000647786
0.000566951
0.000485661
0.000404088
0.000322424
0.000240875
0.000159656
7.89794e-05
-9.86074e-07
-8.00587e-05
-0.000161608
-0.000198455
-0.000729834
0.0397622
0.0393452
0.0386476
0.0377366
0.0366828
0.0355294
0.0343007
0.0330162
0.0316924
0.030341
0.0289694
0.027583
0.0261859
0.0247819
0.0233745
0.0219677
0.0205655
0.0191731
0.0177961
0.0164409
0.0151144
0.0138245
0.012579
0.0113863
0.0102543
0.00919069
0.00820238
0.00729512
0.00647326
0.0057395
0.00509468
0.00453771
0.00406564
0.00367371
0.00335568
0.0031041
0.00291069
0.00276675
0.00266355
0.00259268
0.00254636
0.0025176
0.00250043
0.00248986
0.00248197
0.00247378
0.00246316
0.00244873
0.0024297
0.00240575
0.00237687
0.00234328
0.00230536
0.00226352
0.00221818
0.00216976
0.00211861
0.00206505
0.0020093
0.00195159
0.00189204
0.00183078
0.00176789
0.00170342
0.00163744
0.00156998
0.00150108
0.00143077
0.00135909
0.0012861
0.00121182
0.00113633
0.00105968
0.00098194
0.000903197
0.000823541
0.000743076
0.000661922
0.000580215
0.000498107
0.00041577
0.000333393
0.000251183
0.000169358
8.81334e-05
7.67279e-06
-7.18536e-05
-0.00015364
-0.000203511
-0.000734404
0.0376939
0.0373436
0.0367919
0.0360631
0.0351949
0.0342193
0.0331589
0.0320313
0.0308513
0.0296309
0.0283791
0.0271028
0.0258078
0.0244991
0.0231813
0.0218589
0.0205368
0.0192203
0.0179149
0.0166269
0.0153631
0.0141306
0.0129369
0.0117898
0.0106966
0.00966457
0.00870021
0.00780909
0.00699556
0.00626251
0.00561124
0.00504132
0.00455062
0.0041354
0.00379046
0.00350949
0.00328527
0.00311013
0.0029762
0.0028758
0.00280168
0.00274727
0.00270677
0.00267532
0.00264893
0.0026245
0.00259972
0.002573
0.0025433
0.00251006
0.00247307
0.00243236
0.00238812
0.00234062
0.00229018
0.00223711
0.0021817
0.00212419
0.0020648
0.00200368
0.00194096
0.00187672
0.00181105
0.00174398
0.00167556
0.00160581
0.00153476
0.00146244
0.00138888
0.0013141
0.00123816
0.0011611
0.00108298
0.00100385
0.000923802
0.000842913
0.000761287
0.000679037
0.000596296
0.000513213
0.00042996
0.000346724
0.000263715
0.000181155
9.92681e-05
1.82148e-05
-6.18662e-05
-0.000144445
-0.000206544
-0.000712329
0.0359051
0.0355966
0.0351386
0.0345374
0.0338117
0.0329817
0.0320643
0.031074
0.0300235
0.028924
0.0277847
0.0266133
0.0254162
0.0241993
0.0229679
0.0217273
0.0204826
0.0192393
0.0180032
0.0167802
0.015577
0.0144004
0.0132573
0.012155
0.0111005
0.0101004
0.00916109
0.00828778
0.00748483
0.00675528
0.00610077
0.00552141
0.00501579
0.00458102
0.00421288
0.00390602
0.00365423
0.00345076
0.00328858
0.00316071
0.00306045
0.00298164
0.00291875
0.00286702
0.00282249
0.00278199
0.00274307
0.00270395
0.00266341
0.00262068
0.00257534
0.00252726
0.00247645
0.00242307
0.00236732
0.0023094
0.00224955
0.00218794
0.00212475
0.00206009
0.00199406
0.00192674
0.00185817
0.00178839
0.00171743
0.00164528
0.00157199
0.00149755
0.001422
0.00134536
0.00126765
0.00118893
0.00110923
0.00102862
0.000947163
0.000864944
0.000782056
0.000698612
0.000614739
0.000530585
0.000446317
0.000362128
0.000278228
0.000194848
0.000112222
3.05145e-05
-5.01843e-05
-0.000133683
-0.000205072
-0.000663716
0.034324
0.0340419
0.0336447
0.0331312
0.03251
0.0317933
0.0309926
0.030119
0.0291828
0.0281934
0.0271593
0.026088
0.024986
0.0238594
0.0227139
0.0215549
0.0203878
0.0192182
0.0180517
0.0168944
0.0157524
0.0146322
0.0135405
0.012484
0.0114694
0.0105028
0.00959033
0.00873699
0.0079471
0.00722381
0.00656905
0.00598342
0.00546611
0.00501501
0.00462674
0.00429687
0.00402011
0.00379058
0.00360206
0.00344825
0.00332304
0.00322067
0.00313593
0.00306424
0.00300168
0.00294506
0.00289185
0.00284012
0.00278848
0.00273598
0.00268203
0.00262632
0.00256873
0.00250926
0.002448
0.00238509
0.00232065
0.00225483
0.00218772
0.00211943
0.00205002
0.00197953
0.00190799
0.00183543
0.00176185
0.00168726
0.00161165
0.00153505
0.00145745
0.00137887
0.00129935
0.00121891
0.00113758
0.00105543
0.000972516
0.000888912
0.00080471
0.000720015
0.000634954
0.000549672
0.000464335
0.000379135
0.000294291
0.00021004
0.000126632
4.42449e-05
-3.70704e-05
-0.000121238
-0.000198268
-0.000595423
0.0329073
0.0326443
0.03229
0.0318404
0.0312991
0.0306729
0.0299691
0.0291955
0.0283598
0.0274697
0.0265324
0.0255546
0.0245427
0.0235025
0.0224397
0.0213597
0.0202681
0.0191702
0.0180717
0.0169784
0.0158963
0.0148316
0.0137906
0.0127795
0.0118047
0.010872
0.00998721
0.00915513
0.00838001
0.0076651
0.00701256
0.00642337
0.00589729
0.00543283
0.00502741
0.0046774
0.00437835
0.00412519
0.00391246
0.00373454
0.00358587
0.00346115
0.00335546
0.00326444
0.00318429
0.0031118
0.0030444
0.00298006
0.00291724
0.00285485
0.00279215
0.00272865
0.0026641
0.00259838
0.00253148
0.00246343
0.00239428
0.00232412
0.002253
0.00218099
0.0021081
0.00203436
0.00195979
0.00188438
0.00180813
0.00173102
0.00165306
0.00157423
0.00149454
0.001414
0.00133261
0.00125041
0.00116742
0.00108369
0.00099928
0.000914255
0.000828702
0.000742723
0.000656438
0.000569992
0.00048355
0.000397306
0.000311483
0.000226332
0.000142119
5.90471e-05
-2.2833e-05
-0.000107234
-0.000186638
-0.000517013
0.031624
0.0313752
0.0310527
0.0306509
0.0301712
0.0296169
0.0289926
0.0283033
0.0275545
0.0267522
0.0259023
0.0250107
0.0240828
0.0231244
0.0221406
0.0211369
0.0201184
0.0190905
0.0180587
0.0170285
0.0160056
0.0149958
0.0140053
0.0130398
0.0121052
0.0112073
0.0103514
0.00954213
0.00878373
0.00807946
0.00743169
0.00684171
0.00630973
0.00583488
0.00541523
0.00504789
0.00472918
0.00445478
0.00421995
0.00401971
0.00384905
0.00370313
0.00357739
0.00346767
0.00337031
0.00328219
0.00320068
0.0031237
0.00304961
0.00297718
0.00290553
0.00283406
0.00276237
0.00269022
0.0026175
0.00254414
0.00247015
0.00239553
0.00232029
0.00224444
0.00216798
0.00209092
0.00201324
0.00193491
0.00185592
0.00177625
0.00169587
0.00161477
0.00153294
0.00145038
0.00136709
0.00128308
0.00119839
0.00111305
0.00102711
0.000940627
0.00085369
0.000766394
0.000678855
0.000591215
0.000503638
0.000416322
0.000329495
0.000243419
0.000158384
7.46314e-05
-7.74069e-06
-9.19297e-05
-0.000171303
-0.000437222
0.0304515
0.0302144
0.0299165
0.0295521
0.0291211
0.0286252
0.0280667
0.0274489
0.0267754
0.0260508
0.0252796
0.0244666
0.0236168
0.022735
0.0218261
0.020895
0.0199468
0.0189864
0.0180191
0.0170502
0.0160851
0.0151293
0.0141884
0.0132681
0.0123738
0.0115109
0.0106845
0.00989923
0.00915903
0.00846725
0.00782638
0.00723801
0.00670273
0.00622017
0.00578899
0.00540696
0.0050711
0.00477779
0.00452294
0.00430221
0.00411112
0.00394527
0.00380045
0.00367279
0.00355877
0.00345535
0.00335995
0.00327041
0.00318505
0.00310252
0.00302182
0.00294224
0.00286326
0.00278454
0.00270586
0.00262707
0.00254811
0.0024689
0.00238943
0.00230965
0.00222954
0.00214907
0.00206819
0.00198687
0.00190508
0.00182278
0.00173992
0.0016565
0.00157248
0.00148785
0.0014026
0.00131675
0.00123032
0.00114332
0.00105581
0.000967842
0.000879487
0.000790841
0.000702016
0.000613151
0.00052441
0.000435993
0.000348134
0.000261109
0.000175235
9.08026e-05
8.00832e-06
-7.56166e-05
-0.00015344
-0.000362169
0.0293729
0.0291458
0.0288679
0.0285335
0.0281419
0.0276938
0.0271903
0.0266331
0.0260247
0.0253683
0.0246673
0.0239255
0.0231472
0.0223364
0.0214976
0.0206352
0.0197539
0.0188582
0.0179532
0.0170437
0.0161348
0.0152317
0.0143397
0.0134641
0.01261
0.0117825
0.0109864
0.0102261
0.00950558
0.00882807
0.0081962
0.00761176
0.00707569
0.00658803
0.00614797
0.00575388
0.00540337
0.00509347
0.00482073
0.00458137
0.00437144
0.00418699
0.00402417
0.00387938
0.00374931
0.00363102
0.00352198
0.00342003
0.00332343
0.00323076
0.00314095
0.00305314
0.00296675
0.00288132
0.00279653
0.00271219
0.00262812
0.00254422
0.0024604
0.00237659
0.00229273
0.00220876
0.00212461
0.00204023
0.00195557
0.00187056
0.00178518
0.00169936
0.00161309
0.00152634
0.0014391
0.00135136
0.00126313
0.00117444
0.00108532
0.000995819
0.000906009
0.000815976
0.00072583
0.000635705
0.000545768
0.000456218
0.000367297
0.000279297
0.000192561
0.000107444
2.42806e-05
-5.85542e-05
-0.000134024
-0.000295131
0.0283753
0.0281571
0.027896
0.0275863
0.0272273
0.0268191
0.0263619
0.0258566
0.0253045
0.024708
0.0240695
0.023392
0.0226789
0.0219337
0.0211602
0.0203623
0.0195442
0.0187102
0.0178647
0.0170123
0.0161578
0.0153061
0.0144619
0.0136302
0.012816
0.0120239
0.0112585
0.0105241
0.00982434
0.00916261
0.00854155
0.00796312
0.00742851
0.00693816
0.00649168
0.00608796
0.00572518
0.00540095
0.00511237
0.00485623
0.00462908
0.0044274
0.00424771
0.0040867
0.00394126
0.0038086
0.00368625
0.00357211
0.00346438
0.00336161
0.00326264
0.00316656
0.00307266
0.00298041
0.00288942
0.0027994
0.00271012
0.00262142
0.00253316
0.00244523
0.00235753
0.00226998
0.00218248
0.00209497
0.00200736
0.00191959
0.00183161
0.00174335
0.00165477
0.00156585
0.00147655
0.00138687
0.00129681
0.00120638
0.0011156
0.00102453
0.000933222
0.000841764
0.000750259
0.000658839
0.00056767
0.000476952
0.000386936
0.000297929
0.000210305
0.000124491
4.0987e-05
-4.0957e-05
-0.000113793
-0.000237183
0.0274481
0.0272381
0.0269914
0.0267028
0.0263714
0.0259969
0.0255791
0.0251183
0.0246153
0.0240713
0.0234884
0.0228686
0.0222147
0.0215296
0.0208165
0.0200787
0.01932
0.0185443
0.0177555
0.0169578
0.0161557
0.0153536
0.0145559
0.0137674
0.0129925
0.0122357
0.0115013
0.0107934
0.0101155
0.00947087
0.00886227
0.00829176
0.00776074
0.00726995
0.0068194
0.00640842
0.00603568
0.00569932
0.00539698
0.00512593
0.00488321
0.00466572
0.00447036
0.00429409
0.00413405
0.0039876
0.00385237
0.00372631
0.00360763
0.00349484
0.00338675
0.00328235
0.00318089
0.00308175
0.00298446
0.00288866
0.00279408
0.00270048
0.00260769
0.00251555
0.00242393
0.00233271
0.00224179
0.00215107
0.00206045
0.00196986
0.00187921
0.00178845
0.00169751
0.00160636
0.00151496
0.00142329
0.00133134
0.00123912
0.00114665
0.00105396
0.000961119
0.000868195
0.000775292
0.000682539
0.000590099
0.000498177
0.00040703
0.000316981
0.000228438
0.000141905
5.80627e-05
-2.29994e-05
-9.32847e-05
-0.000188047
0.026583
0.0263806
0.0261468
0.0258764
0.0255686
0.025223
0.0248392
0.024417
0.0239567
0.0234592
0.0229256
0.0223576
0.0217574
0.0211271
0.0204695
0.0197876
0.0190844
0.0183635
0.0176284
0.0168828
0.0161308
0.0153765
0.014624
0.0138775
0.0131413
0.0124195
0.0117162
0.0110351
0.0103798
0.00975351
0.00915881
0.00859791
0.0080724
0.00758325
0.0071308
0.00671477
0.00633427
0.0059879
0.00567378
0.00538966
0.00513303
0.00490118
0.00469137
0.00450087
0.00432706
0.00416746
0.00401984
0.00388221
0.00375281
0.00363015
0.003513
0.00340031
0.00329126
0.00318518
0.00308153
0.00297989
0.00287992
0.00278134
0.00268393
0.00258751
0.00249189
0.00239694
0.00230253
0.00220853
0.00211484
0.00202136
0.00192799
0.00183467
0.00174132
0.00164789
0.00155433
0.00146062
0.00136674
0.00127268
0.00117847
0.00108412
0.0009897
0.000895269
0.000800927
0.0007068
0.000613051
0.000519887
0.000427571
0.000336442
0.000246944
0.000159658
7.54538e-05
-4.82577e-06
-7.28883e-05
-0.000146787
0.0257729
0.0255779
0.0253556
0.0251012
0.024814
0.0244936
0.0241394
0.0237509
0.0233281
0.0228715
0.0223818
0.0218603
0.0213085
0.0207282
0.0201217
0.0194913
0.0188398
0.0181701
0.0174855
0.0167894
0.0160852
0.0153766
0.0146676
0.0139619
0.0132635
0.0125763
0.0119039
0.01125
0.010618
0.0100109
0.00943136
0.0088816
0.00836333
0.00787773
0.00742541
0.00700641
0.00662025
0.00626592
0.00594198
0.00564661
0.00537771
0.00513297
0.00491
0.00470635
0.00451964
0.00434762
0.00418817
0.00403938
0.00389956
0.00376724
0.00364115
0.00352024
0.00340362
0.00329058
0.00318053
0.00307299
0.00296757
0.00286395
0.00276186
0.00266108
0.0025614
0.00246265
0.00236468
0.00226734
0.00217052
0.00207409
0.00197794
0.001882
0.00178619
0.00169042
0.00159466
0.00149886
0.001403
0.00130706
0.00121106
0.00111501
0.00101897
0.000922987
0.000827165
0.000731624
0.000636526
0.000542079
0.000448553
0.000356303
0.000265808
0.000177728
9.31103e-05
1.34417e-05
-5.2883e-05
-0.000112265
0.0250119
0.0248241
0.0246123
0.0243723
0.0241034
0.0238051
0.0234768
0.023118
0.0227283
0.022308
0.0218575
0.0213777
0.0208696
0.0203347
0.0197748
0.0191919
0.0185883
0.0179665
0.0173293
0.0166796
0.0160208
0.015356
0.0146887
0.0140225
0.0133609
0.0127076
0.0120659
0.0114393
0.0108309
0.0102438
0.00968044
0.00914312
0.00863364
0.00815332
0.007703
0.00728299
0.00689313
0.00653279
0.0062009
0.00589605
0.00561652
0.00536037
0.00512552
0.00490984
0.00471119
0.0045275
0.00435683
0.00419737
0.00404749
0.00390575
0.0037709
0.00364187
0.00351775
0.00339778
0.00328132
0.00316785
0.00305694
0.00294823
0.0028414
0.0027362
0.0026324
0.0025298
0.00242821
0.00232748
0.00222746
0.00212803
0.00202906
0.00193045
0.00183211
0.00173397
0.00163595
0.00153801
0.00144013
0.00134226
0.00124443
0.00114664
0.00104892
0.000951351
0.000854007
0.000757011
0.000660522
0.00056475
0.000469972
0.000376558
0.00028502
0.000196092
0.000110983
3.16991e-05
-3.3464e-05
-8.33667e-05
0.0242952
0.0241142
0.0239123
0.0236853
0.0234327
0.0231541
0.0228488
0.0225162
0.0221559
0.0217679
0.0213524
0.02091
0.0204414
0.0199478
0.0194305
0.0188912
0.0183318
0.0177545
0.0171615
0.0165557
0.0159397
0.0153164
0.0146891
0.0140609
0.013435
0.0128147
0.0122033
0.0116038
0.0110194
0.0104528
0.00990649
0.00938277
0.00888344
0.00840996
0.00796333
0.0075441
0.0071524
0.0067879
0.00644987
0.00613727
0.00584871
0.00558261
0.00533721
0.00511064
0.00490103
0.00470651
0.00452529
0.00435569
0.00419617
0.00404533
0.00390195
0.00376496
0.00363343
0.00350658
0.00338374
0.00326434
0.00314793
0.00303409
0.00292249
0.00281283
0.00270486
0.00259835
0.0024931
0.00238892
0.00228566
0.00218317
0.00208132
0.00198
0.00187909
0.00177851
0.00167819
0.00157808
0.00147811
0.00137828
0.00127857
0.00117899
0.00107957
0.000980363
0.000881455
0.000782961
0.000685039
0.000587899
0.000491824
0.000397199
0.000304565
0.000214724
0.000129024
4.98584e-05
-1.47603e-05
-5.91003e-05
0.0236185
0.0234441
0.0232514
0.0230363
0.0227984
0.0225374
0.0222527
0.0219435
0.0216095
0.0212503
0.0208663
0.0204575
0.0200246
0.0195684
0.01909
0.0185907
0.018072
0.0175359
0.0169842
0.0164193
0.0158436
0.0152598
0.0146705
0.0140787
0.0134872
0.0128991
0.0123173
0.0117448
0.0111844
0.0106387
0.0101102
0.00960096
0.00911297
0.00864771
0.00820631
0.00778953
0.0073977
0.00703077
0.00668833
0.00636963
0.00607362
0.00579903
0.00554438
0.0053081
0.00508855
0.00488406
0.00469301
0.00451386
0.00434517
0.0041856
0.00403397
0.00388922
0.00375042
0.00361679
0.00348762
0.00336232
0.00324041
0.00312144
0.00300504
0.00289089
0.00277872
0.00266826
0.0025593
0.00245163
0.00234509
0.0022395
0.00213472
0.00203063
0.00192711
0.00182405
0.00172139
0.00161904
0.00151697
0.00141512
0.00131349
0.00121208
0.0011109
0.00101002
0.000909506
0.000809472
0.000710073
0.000611521
0.000514102
0.000418215
0.000324428
0.0002336
0.000147187
6.78467e-05
3.1512e-06
-3.86224e-05
0.0229779
0.02281
0.0226259
0.0224218
0.0221974
0.0219524
0.0216861
0.021398
0.0210874
0.0207542
0.0203983
0.0200199
0.0196193
0.0191971
0.0187542
0.0182915
0.0178103
0.0173122
0.0167989
0.0162723
0.0157345
0.0151878
0.0146346
0.0140775
0.0135191
0.0129622
0.0124094
0.0118634
0.0113269
0.0108024
0.0102921
0.00979818
0.00932254
0.00886671
0.00843192
0.00801907
0.0076287
0.00726098
0.00691575
0.00659255
0.00629061
0.00600894
0.00574637
0.00550155
0.00527309
0.00505954
0.00485943
0.00467138
0.00449403
0.00432615
0.00416659
0.00401433
0.00386846
0.00372817
0.00359276
0.00346163
0.00333424
0.00321015
0.00308895
0.0029703
0.0028539
0.00273946
0.00262676
0.00251557
0.0024057
0.00229697
0.00218923
0.00208233
0.00197615
0.00187058
0.00176553
0.00166091
0.00155667
0.00145277
0.00134918
0.00124589
0.00114292
0.00104032
0.000938159
0.000836541
0.000735621
0.00063561
0.000536799
0.000439596
0.000344591
0.000252691
0.000165426
8.56047e-05
2.02339e-05
-2.12303e-05
0.0223702
0.0222087
0.0220328
0.0218389
0.0216268
0.0213963
0.0211468
0.0208776
0.0205882
0.0202784
0.019948
0.019597
0.0192256
0.0188343
0.0184237
0.0179945
0.0175478
0.0170848
0.0166071
0.0161161
0.0156138
0.015102
0.014583
0.014059
0.0135323
0.0130054
0.0124808
0.0119608
0.011448
0.0109447
0.010453
0.009975
0.00951254
0.00906718
0.00864022
0.00823266
0.00784519
0.00747819
0.0071317
0.00680551
0.0064991
0.00621175
0.00594253
0.00569037
0.00545406
0.00523236
0.00502401
0.00482772
0.0046423
0.00446656
0.00429945
0.00413997
0.00398725
0.00384047
0.00369895
0.00356207
0.00342927
0.00330009
0.00317411
0.00305096
0.00293032
0.0028119
0.00269543
0.00258069
0.00246747
0.00235557
0.00224482
0.00213508
0.0020262
0.00191808
0.00181059
0.00170367
0.00159723
0.00149123
0.00138563
0.00128043
0.00117563
0.00107126
0.000967409
0.000864163
0.000761677
0.00066016
0.000559905
0.000461329
0.000365038
0.00027197
0.000183701
0.000103086
3.64819e-05
-6.34634e-06
0.0217925
0.0216372
0.021469
0.0212847
0.021084
0.0208668
0.0206325
0.0203806
0.0201104
0.0198217
0.0195143
0.0191882
0.0188434
0.0184801
0.018099
0.0177004
0.0172854
0.0168549
0.01641
0.0159522
0.0154829
0.015004
0.0145172
0.0140246
0.0135282
0.0130301
0.0125327
0.0120382
0.0115487
0.0110665
0.0105936
0.010132
0.00968342
0.00924941
0.00883134
0.00843027
0.00804703
0.00768212
0.0073358
0.00700804
0.00669856
0.00640688
0.00613228
0.00587393
0.00563084
0.00540196
0.00518618
0.00498238
0.00478948
0.00460641
0.00443216
0.0042658
0.00410649
0.00395344
0.00380597
0.00366344
0.00352532
0.00339111
0.00326039
0.00313276
0.0030079
0.00288548
0.00276524
0.00264693
0.00253033
0.00241523
0.00230146
0.00218884
0.00207724
0.00196652
0.00185657
0.00174729
0.00163862
0.00153048
0.00142284
0.00131568
0.001209
0.00110284
0.000997249
0.000892332
0.000788234
0.000685162
0.00058341
0.000483399
0.000385748
0.00029141
0.000201974
0.000120256
5.19123e-05
6.50113e-06
0.0212422
0.0210929
0.0209322
0.0207569
0.0205667
0.0203618
0.0201415
0.0199052
0.0196525
0.019383
0.0190965
0.0187929
0.0184722
0.0181346
0.0177803
0.0174099
0.0170239
0.0166232
0.0162088
0.0157817
0.0153433
0.0148951
0.0144387
0.0139757
0.0135081
0.0130377
0.0125666
0.0120968
0.0116302
0.0111689
0.0107149
0.0102699
0.0098357
0.00941378
0.0090055
0.00861198
0.00823413
0.00787258
0.00752774
0.00719975
0.00688854
0.0065938
0.00631507
0.00605168
0.00580286
0.00556775
0.0053454
0.00513484
0.00493511
0.00474524
0.00456431
0.00439145
0.00422586
0.00406679
0.00391355
0.00376554
0.00362221
0.00348306
0.00334765
0.00321559
0.00308652
0.00296012
0.00283612
0.00271423
0.00259424
0.00247593
0.0023591
0.00224359
0.00212923
0.00201588
0.00190343
0.00179178
0.00168083
0.00157052
0.0014608
0.00135164
0.00124305
0.00113504
0.00102767
0.00092104
0.000815283
0.000710606
0.000607302
0.000505792
0.0004067
0.000310983
0.00022021
0.00013709
6.65579e-05
1.7695e-05
0.020717
0.0205736
0.02042
0.0202531
0.0200728
0.0198792
0.0196717
0.0194498
0.0192131
0.0189611
0.0186937
0.0184106
0.0181119
0.0177976
0.0174679
0.0171232
0.0167639
0.0163906
0.0160043
0.0156058
0.0151962
0.0147767
0.0143487
0.0139138
0.0134735
0.0130295
0.0125836
0.0121377
0.0116935
0.0112528
0.0108176
0.0103894
0.00996996
0.0095607
0.00916297
0.00877793
0.00840651
0.00804946
0.0077073
0.00738032
0.00706862
0.00677206
0.00649037
0.00622307
0.00596957
0.00572919
0.00550113
0.00528458
0.00507869
0.00488261
0.00469549
0.00451655
0.00434503
0.00418021
0.00402144
0.00386813
0.00371972
0.00357574
0.00343573
0.0032993
0.00316607
0.00303572
0.00290796
0.00278251
0.00265913
0.0025376
0.00241771
0.00229927
0.00218213
0.00206614
0.00195116
0.00183709
0.00172384
0.00161132
0.00149948
0.00138829
0.00127774
0.00116785
0.00105867
0.000950275
0.000842812
0.000736479
0.000631565
0.00052849
0.000427873
0.000330662
0.000238379
0.000153574
8.04621e-05
2.75449e-05
0.0202147
0.0200771
0.0199303
0.0197714
0.0196004
0.0194173
0.0192217
0.019013
0.0187908
0.0185549
0.0183048
0.0180405
0.0177619
0.0174689
0.0171617
0.0168405
0.0165057
0.0161578
0.0157974
0.0154253
0.0150424
0.0146498
0.0142485
0.01384
0.0134255
0.0130067
0.012585
0.0121621
0.0117396
0.0113192
0.0109026
0.0104912
0.0100868
0.00969066
0.00930411
0.00892831
0.00856424
0.00821271
0.00787432
0.0075495
0.00723846
0.00694125
0.00665773
0.00638761
0.00613046
0.00588575
0.00565286
0.00543111
0.00521975
0.00501806
0.00482529
0.00464072
0.00446364
0.00429339
0.00412935
0.00397095
0.00381765
0.00366897
0.00352447
0.00338374
0.00324642
0.00311217
0.00298068
0.00285169
0.00272493
0.00260017
0.00247721
0.00235584
0.00223591
0.00211725
0.00199972
0.00188321
0.00176762
0.00165286
0.00153888
0.00142562
0.00131308
0.00120127
0.00109022
0.000980025
0.000870809
0.000762768
0.000656186
0.000551475
0.000449246
0.000350423
0.000256456
0.000169699
9.36749e-05
3.63004e-05
0.0197336
0.0196016
0.0194613
0.01931
0.0191476
0.0189744
0.0187897
0.0185932
0.0183845
0.0181632
0.0179291
0.017682
0.0174217
0.0171483
0.0168617
0.0165621
0.0162498
0.0159252
0.0155888
0.0152412
0.0148831
0.0145155
0.0141392
0.0137555
0.0133655
0.0129705
0.0125719
0.0121711
0.0117697
0.011369
0.0109707
0.0105762
0.0101869
0.00980419
0.00942932
0.00906341
0.00870747
0.00836234
0.00802871
0.00770708
0.00739779
0.007101
0.00681674
0.00654484
0.00628504
0.00603696
0.0058001
0.00557392
0.00535782
0.00515116
0.00495329
0.00476356
0.00458133
0.004406
0.00423699
0.00407374
0.00391574
0.00376253
0.00361367
0.00346876
0.00332742
0.00318933
0.00305417
0.00292166
0.00279155
0.00266358
0.00253755
0.00241325
0.00229051
0.00216917
0.00204908
0.00193011
0.00181215
0.00169513
0.00157896
0.00146361
0.00134904
0.00123527
0.00112232
0.00101028
0.000899258
0.000789456
0.000681145
0.000574728
0.000470796
0.000370239
0.000274418
0.000185465
0.000106249
4.41622e-05
0.0192719
0.0191453
0.0190113
0.0188671
0.018713
0.0185489
0.0183744
0.0181893
0.0179929
0.0177852
0.0175657
0.0173343
0.0170909
0.0168354
0.0165677
0.016288
0.0159964
0.0156933
0.015379
0.015054
0.014719
0.0143746
0.0140218
0.0136613
0.0132944
0.012922
0.0125454
0.0121659
0.0117847
0.0114033
0.011023
0.0106451
0.0102709
0.00990186
0.00953902
0.00918353
0.00883638
0.00849844
0.00817043
0.00785294
0.00754638
0.00725104
0.00696704
0.00669436
0.00643288
0.00618233
0.00594236
0.00571256
0.00549243
0.00528145
0.00507905
0.00488467
0.00469775
0.00451772
0.00434405
0.00417622
0.00401376
0.00385621
0.00370314
0.00355417
0.00340893
0.00326707
0.0031283
0.00299233
0.00285889
0.00272774
0.00259865
0.00247143
0.00234589
0.00222186
0.00209918
0.00197774
0.0018574
0.00173809
0.00161972
0.00150223
0.0013856
0.00126983
0.00115494
0.00104101
0.000928143
0.000816526
0.000706425
0.000598227
0.000492501
0.000390089
0.000292248
0.000200875
0.000118238
5.12915e-05
0.018828
0.0187067
0.0185786
0.0184414
0.0182949
0.0181394
0.0179745
0.0177999
0.017615
0.0174197
0.0172138
0.0169969
0.0167689
0.0165298
0.0162795
0.0160181
0.0157456
0.0154623
0.0151684
0.0148644
0.0145508
0.0142281
0.0138971
0.0135585
0.0132133
0.0128623
0.0125066
0.0121474
0.0117857
0.0114229
0.0110601
0.0106986
0.0103396
0.00998426
0.00963372
0.00928906
0.00895125
0.00862116
0.00829953
0.00798701
0.00768409
0.00739111
0.00710832
0.00683582
0.00657357
0.00632144
0.00607922
0.00584658
0.00562315
0.0054085
0.00520217
0.00500367
0.00481251
0.00462818
0.00445021
0.00427811
0.00411144
0.00394976
0.00379267
0.00363979
0.00349076
0.00334525
0.00320295
0.00306357
0.00292686
0.00279256
0.00266044
0.00253031
0.00240197
0.00227525
0.00215
0.00202606
0.00190333
0.00178171
0.0016611
0.00154146
0.00142274
0.00130494
0.00118807
0.0010722
0.000957443
0.000843959
0.000732004
0.000621951
0.000514338
0.000409951
0.000309932
0.000215937
0.000129694
5.78177e-05
0.0184005
0.0182843
0.018162
0.0180313
0.0178922
0.0177448
0.0175888
0.0174239
0.0172497
0.017066
0.0168724
0.0166689
0.0164553
0.0162313
0.015997
0.0157524
0.0154974
0.0152324
0.0149575
0.0146729
0.0143792
0.0140767
0.0137661
0.0134479
0.0131231
0.0127923
0.0124564
0.0121166
0.0117737
0.0114288
0.0110831
0.0107377
0.0103936
0.010052
0.00971394
0.00938041
0.00905237
0.00873068
0.0084161
0.0081093
0.0078108
0.00752105
0.00724035
0.0069689
0.00670676
0.00645391
0.00621024
0.00597553
0.00574953
0.00553188
0.00532223
0.00512015
0.00492524
0.00473705
0.00455515
0.00437911
0.00420851
0.00404295
0.00388204
0.00372542
0.00357274
0.00342369
0.00327796
0.00313526
0.00299533
0.00285793
0.00272283
0.00258982
0.0024587
0.0023293
0.00220146
0.00207503
0.00194989
0.00182594
0.00170309
0.00158126
0.00146043
0.00134056
0.00122168
0.00110384
0.000987137
0.000871731
0.000757862
0.000645878
0.000536285
0.000429804
0.000327457
0.000230663
0.000140667
6.38447e-05
0.017988
0.0178769
0.0177602
0.0176356
0.0175034
0.0173637
0.0172161
0.0170603
0.016896
0.016723
0.016541
0.0163499
0.0161494
0.0159394
0.0157199
0.0154907
0.015252
0.0150039
0.0147464
0.0144799
0.0142046
0.0139209
0.0136293
0.0133303
0.0130246
0.0127129
0.0123959
0.0120745
0.0117495
0.011422
0.0110928
0.010763
0.0104337
0.0101057
0.00978021
0.00945803
0.0091401
0.00882726
0.00852029
0.00821984
0.00792649
0.00764073
0.00736293
0.00709334
0.00683214
0.00657939
0.00633506
0.00609905
0.00587117
0.00565119
0.00543883
0.00523374
0.00503558
0.00484398
0.00465855
0.00447891
0.00430468
0.0041355
0.003971
0.00381084
0.00365468
0.00350223
0.00335318
0.00320725
0.00306419
0.00292376
0.00278571
0.00264985
0.00251598
0.00238392
0.00225351
0.00212459
0.00199704
0.00187076
0.00174564
0.00162161
0.00149863
0.00137667
0.00125575
0.00113589
0.0010172
0.000899821
0.000783974
0.000669985
0.000558319
0.00044963
0.000344814
0.000245066
0.000151202
6.94561e-05
0.0175895
0.0174832
0.0173718
0.0172533
0.0171276
0.0169951
0.0168553
0.0167081
0.0165531
0.0163901
0.0162188
0.0160391
0.0158508
0.0156537
0.0154478
0.015233
0.0150094
0.0147768
0.0145356
0.0142857
0.0140275
0.0137613
0.0134875
0.0132065
0.0129188
0.012625
0.0123258
0.0120219
0.011714
0.0114031
0.01109
0.0107755
0.0104605
0.0101461
0.0098331
0.00952238
0.00921481
0.00891119
0.00861228
0.00831874
0.00803117
0.00775008
0.0074759
0.00720895
0.00694945
0.00669756
0.00645333
0.00621675
0.0059877
0.00576605
0.00555158
0.00534404
0.00514315
0.0049486
0.00476006
0.0045772
0.00439968
0.00422716
0.00405932
0.00389583
0.00373638
0.00358068
0.00342845
0.00327941
0.00313331
0.00298991
0.00284899
0.00271033
0.00257374
0.00243905
0.00230608
0.00217468
0.00204473
0.0019161
0.0017887
0.00166246
0.00153732
0.00141324
0.00129023
0.00116833
0.00104761
0.0009282
0.000810314
0.000694247
0.000580418
0.000469412
0.000361998
0.000259159
0.000161344
7.47192e-05
0.0172038
0.0171022
0.016996
0.0168831
0.0167637
0.016638
0.0165056
0.0163664
0.0162201
0.0160664
0.0159051
0.015736
0.015559
0.0153739
0.0151806
0.0149791
0.0147693
0.0145513
0.014325
0.0140907
0.0138484
0.0135985
0.0133413
0.013077
0.0128062
0.0125293
0.0122469
0.0119596
0.0116681
0.0113731
0.0110754
0.0107757
0.0104749
0.0101738
0.00987319
0.00957398
0.00927692
0.00898279
0.00869231
0.00840615
0.0081249
0.00784909
0.00757919
0.00731556
0.00705848
0.00680818
0.00656476
0.0063283
0.00609877
0.00587609
0.00566013
0.00545071
0.00524761
0.00505059
0.00485937
0.00467367
0.0044932
0.00431765
0.00414674
0.00398015
0.00381762
0.00365885
0.00350359
0.00335156
0.00320253
0.00305626
0.00291254
0.00277114
0.00263189
0.00249459
0.00235909
0.00222523
0.00209288
0.00196192
0.00183224
0.00170377
0.00157644
0.00145023
0.00132511
0.00120112
0.00107832
0.000956843
0.000836858
0.000718638
0.000602561
0.000489133
0.000379003
0.000272957
0.000171131
7.96884e-05
0.0168299
0.0167329
0.0166316
0.0165242
0.0164108
0.0162915
0.0161661
0.0160345
0.0158962
0.0157512
0.0155992
0.01544
0.0152735
0.0150996
0.014918
0.0147288
0.0145319
0.0143273
0.0141149
0.013895
0.0136676
0.0134328
0.013191
0.0129425
0.0126875
0.0124265
0.01216
0.0118885
0.0116126
0.0113328
0.0110499
0.0107645
0.0104774
0.0101893
0.00990106
0.00961333
0.00932687
0.00904242
0.00876067
0.00848226
0.00820779
0.00793779
0.00767275
0.00741306
0.00715906
0.00691101
0.00666909
0.00643342
0.00620405
0.00598097
0.00576412
0.00555338
0.0053486
0.00514959
0.00495614
0.00476801
0.00458495
0.0044067
0.004233
0.00406358
0.00389818
0.00373655
0.00357842
0.00342355
0.00327171
0.00312268
0.00297623
0.00283217
0.00269031
0.00255046
0.00241247
0.00227617
0.00214144
0.00200815
0.0018762
0.00174549
0.00161597
0.00148759
0.00136034
0.00123423
0.00110932
0.000985717
0.000863575
0.000743135
0.000624725
0.000508778
0.000395826
0.000286476
0.000180597
8.44077e-05
0.016467
0.0163744
0.0162779
0.0161756
0.0160679
0.0159547
0.015836
0.0157115
0.0155808
0.015444
0.0153007
0.0151507
0.014994
0.0148304
0.0146597
0.014482
0.014297
0.0141048
0.0139054
0.0136989
0.0134852
0.0132647
0.0130373
0.0128035
0.0125634
0.0123174
0.0120658
0.0118092
0.011548
0.0112828
0.0110141
0.0107426
0.0104688
0.0101935
0.00991731
0.00964096
0.00936512
0.00909047
0.00881766
0.0085473
0.00827999
0.00801626
0.00775659
0.0075014
0.00725107
0.00700589
0.00676609
0.00653184
0.00630326
0.00608039
0.00586323
0.00565173
0.00544579
0.00524529
0.00505005
0.0048599
0.00467463
0.00449402
0.00431785
0.00414586
0.00397784
0.00381354
0.00365274
0.00349519
0.00334069
0.00318901
0.00303995
0.00289331
0.00274891
0.00260657
0.00246612
0.00232743
0.00219034
0.00205473
0.00192051
0.00178757
0.00165584
0.00152529
0.00139588
0.00126763
0.00114057
0.00101479
0.000890438
0.00076771
0.000646888
0.000528333
0.000412465
0.000299729
0.000189773
8.89131e-05
0.0161142
0.0160258
0.0159339
0.0158367
0.0157344
0.015627
0.0155146
0.0153967
0.0152733
0.015144
0.0150089
0.0148676
0.01472
0.014566
0.0144055
0.0142384
0.0140645
0.0138839
0.0136966
0.0135025
0.0133017
0.0130943
0.0128805
0.0126604
0.0124342
0.0122023
0.0119649
0.0117224
0.0114753
0.0112239
0.0109689
0.0107106
0.0104497
0.0101868
0.00992251
0.00965741
0.00939214
0.00912734
0.00886361
0.00860155
0.0083417
0.00808461
0.00783075
0.00758056
0.00733443
0.00709268
0.00685558
0.00662335
0.00639614
0.00617407
0.00595717
0.00574545
0.00553887
0.00533736
0.0051408
0.00494906
0.00476196
0.00457935
0.00440101
0.00422675
0.00405636
0.00388963
0.00372635
0.00356631
0.00340929
0.0032551
0.00310354
0.00295442
0.00280756
0.00266279
0.00251996
0.0023789
0.00223949
0.00210159
0.00196511
0.00182994
0.00169601
0.00156327
0.00143169
0.00130127
0.00117202
0.00104403
0.000917413
0.000792335
0.000669029
0.000547785
0.000428916
0.00031273
0.000198688
9.32337e-05
0.0157707
0.0156865
0.015599
0.0155066
0.0154094
0.0153077
0.0152011
0.0150896
0.0149729
0.0148509
0.0147233
0.0145901
0.0144511
0.0143061
0.0141551
0.0139979
0.0138344
0.0136646
0.0134885
0.013306
0.0131172
0.0129222
0.0127209
0.0125137
0.0123006
0.0120819
0.0118579
0.0116288
0.0113949
0.0111568
0.0109147
0.0106692
0.0104208
0.01017
0.00991724
0.0096632
0.00940842
0.00915347
0.0088989
0.00864529
0.00839315
0.00814301
0.00789534
0.00765058
0.00740911
0.0071713
0.00693743
0.00670777
0.00648249
0.00626176
0.00604566
0.00583425
0.00562755
0.00542551
0.00522808
0.00503517
0.00484665
0.00466238
0.00448222
0.00430599
0.00413351
0.00396459
0.00379905
0.0036367
0.00347734
0.00332078
0.00316685
0.00301536
0.00286614
0.00271903
0.00257386
0.0024305
0.00228881
0.00214865
0.00200993
0.00187255
0.00173642
0.00160149
0.00146772
0.0013351
0.00120364
0.0010734
0.00094447
0.000816984
0.000691126
0.000567119
0.000445179
0.000325492
0.000207363
9.73934e-05
0.0154359
0.0153557
0.0152725
0.0151847
0.0150925
0.014996
0.0148951
0.0147896
0.0146793
0.014564
0.0144436
0.014318
0.014187
0.0140504
0.0139082
0.0137603
0.0136065
0.0134468
0.0132811
0.0131095
0.0129319
0.0127483
0.0125589
0.0123638
0.012163
0.0119567
0.0117452
0.0115287
0.0113075
0.011082
0.0108523
0.0106191
0.0103827
0.0101435
0.00990207
0.00965888
0.00941444
0.00916927
0.0089239
0.00867884
0.0084346
0.00819166
0.00795048
0.00771151
0.00747512
0.0072417
0.00701155
0.00678495
0.00656212
0.00634324
0.00612847
0.00591788
0.00571154
0.00550945
0.00531161
0.00511795
0.0049284
0.00474287
0.00456122
0.00438333
0.00420904
0.00403819
0.00387063
0.00370617
0.00354465
0.0033859
0.00322973
0.003076
0.00292452
0.00277515
0.00262774
0.00248213
0.00233821
0.00219583
0.00205491
0.00191532
0.001777
0.00163988
0.00150392
0.00136909
0.00123539
0.00110286
0.000971574
0.000841626
0.000713157
0.000586322
0.000461252
0.000338024
0.000215821
0.000101412
0.0151093
0.015033
0.0149539
0.0148705
0.014783
0.0146915
0.014596
0.0144962
0.0143919
0.014283
0.0141694
0.0140509
0.0139273
0.0137987
0.0136647
0.0135254
0.0133807
0.0132304
0.0130745
0.012913
0.0127459
0.0125731
0.0123948
0.012211
0.0120217
0.0118272
0.0116275
0.0114229
0.0112137
0.0110001
0.0107823
0.0105608
0.0103359
0.010108
0.00987757
0.00964497
0.00941069
0.00917522
0.00893901
0.00870256
0.00846632
0.00823077
0.00799634
0.00776346
0.00753252
0.00730388
0.00707787
0.00685479
0.00663488
0.00641836
0.00620539
0.00599611
0.00579061
0.00558893
0.00539112
0.00519714
0.00500697
0.00482053
0.00463775
0.00445852
0.00428271
0.00411021
0.00394086
0.00377452
0.00361104
0.00345026
0.00329202
0.00313618
0.00298257
0.00283104
0.00268146
0.00253369
0.00238759
0.00224304
0.00209994
0.00195819
0.00181769
0.00167839
0.00154023
0.00140317
0.00126721
0.00113237
0.000998688
0.000866233
0.000735099
0.00060538
0.000477132
0.000350336
0.000224077
0.000105304
0.0147902
0.0147176
0.0146425
0.0145633
0.0144804
0.0143937
0.0143033
0.0142088
0.0141102
0.0140074
0.0139001
0.0137883
0.0136719
0.0135506
0.0134244
0.0132932
0.0131569
0.0130155
0.0128687
0.0127167
0.0125594
0.0123967
0.0122288
0.0120556
0.0118771
0.0116936
0.0115051
0.0113118
0.0111139
0.0109117
0.0107052
0.0104949
0.0102811
0.0100641
0.00984427
0.00962198
0.00939767
0.00917174
0.00894464
0.00871679
0.00848863
0.0082606
0.00803311
0.00780658
0.00758137
0.00735786
0.00713638
0.00691723
0.00670068
0.00648695
0.00627625
0.00606873
0.00586452
0.00566371
0.00546636
0.00527248
0.00508208
0.00489512
0.00471155
0.00453131
0.0043543
0.00418041
0.00400954
0.00384155
0.00367632
0.0035137
0.00335355
0.00319574
0.00304012
0.00288656
0.00273491
0.00258505
0.00243685
0.00229019
0.00214496
0.00200107
0.00185842
0.00171695
0.00157659
0.0014373
0.00129907
0.00116189
0.00102578
0.000890773
0.000756929
0.000624281
0.000492815
0.000362436
0.000232146
0.000109084
0.0144782
0.0144093
0.0143379
0.0142628
0.0141842
0.0141021
0.0140165
0.0139272
0.013834
0.0137369
0.0136356
0.0135301
0.0134203
0.013306
0.0131871
0.0130635
0.0129352
0.012802
0.0126638
0.0125207
0.0123725
0.0122194
0.0120611
0.0118979
0.0117296
0.0115565
0.0113785
0.0111959
0.0110087
0.0108172
0.0106216
0.010422
0.0102188
0.0100123
0.0098027
0.00959044
0.00937585
0.00915931
0.0089412
0.00872191
0.00850186
0.00828143
0.00806103
0.00784103
0.00762182
0.00740373
0.0071871
0.00697225
0.00675944
0.00654892
0.0063409
0.00613558
0.0059331
0.00573358
0.0055371
0.00534373
0.00515349
0.00496638
0.00478239
0.00460147
0.00442356
0.00424858
0.00407644
0.00390705
0.00374028
0.00357602
0.00341415
0.00325453
0.00309705
0.00294157
0.00278796
0.0026361
0.00248588
0.00233717
0.00218986
0.00204387
0.00189911
0.00175548
0.00161294
0.00147142
0.0013309
0.00119136
0.0010528
0.000915214
0.000778622
0.000643009
0.000508298
0.000374329
0.00024004
0.000112762
0.0141729
0.0141074
0.0140397
0.0139686
0.0138941
0.0138164
0.0137354
0.0136509
0.0135629
0.0134712
0.0133756
0.0132761
0.0131725
0.0130647
0.0129527
0.0128362
0.0127153
0.0125899
0.0124598
0.012325
0.0121854
0.0120411
0.011892
0.0117381
0.0115795
0.0114161
0.0112481
0.0110756
0.0108986
0.0107173
0.0105319
0.0103425
0.0101495
0.00995304
0.00975339
0.00955084
0.00934572
0.00913836
0.00892911
0.00871831
0.00850634
0.00829356
0.00808033
0.00786703
0.00765399
0.00744157
0.00723009
0.00701985
0.00681113
0.00660418
0.00639925
0.00619652
0.00599617
0.00579834
0.00560315
0.00541068
0.00522098
0.0050341
0.00485003
0.00466876
0.00449026
0.00431448
0.00414136
0.0039708
0.00380273
0.00363704
0.00347363
0.00331238
0.00315318
0.00299592
0.00284047
0.00268672
0.00253456
0.00238387
0.00223456
0.00208652
0.00193967
0.00179392
0.00164921
0.00150547
0.00136266
0.00122075
0.00107971
0.000939524
0.000800155
0.00066155
0.000523575
0.00038602
0.000247769
0.000116346
0.0138739
0.0138118
0.0137476
0.0136802
0.0136097
0.0135362
0.0134596
0.0133797
0.0132966
0.0132099
0.0131197
0.0130258
0.0129282
0.0128266
0.012721
0.0126113
0.0124974
0.0123792
0.0122566
0.0121297
0.0119982
0.0118622
0.0117217
0.0115766
0.011427
0.0112729
0.0111142
0.0109512
0.0107838
0.0106123
0.0104366
0.010257
0.0100737
0.00988693
0.00969682
0.00950367
0.00930776
0.00910937
0.0089088
0.00870638
0.00850243
0.0082973
0.0080913
0.00788479
0.00767809
0.00747153
0.00726543
0.00706007
0.00685575
0.00665271
0.0064512
0.00625144
0.0060536
0.00585785
0.00566432
0.00547313
0.00528435
0.00509804
0.00491424
0.00473296
0.00455419
0.00437791
0.00420407
0.00403261
0.00386348
0.00369658
0.00353182
0.00336912
0.00320837
0.00304947
0.00289231
0.00273678
0.00258278
0.0024302
0.00227895
0.00212892
0.00198002
0.00183219
0.00168533
0.00153938
0.00139429
0.00125001
0.00110648
0.000963667
0.000821502
0.000679886
0.000538641
0.00039751
0.000255338
0.000119843
0.0135809
0.0135221
0.0134613
0.0133974
0.0133307
0.0132612
0.0131888
0.0131133
0.0130348
0.012953
0.0128679
0.0127793
0.0126872
0.0125914
0.0124919
0.0123885
0.0122812
0.0121699
0.0120544
0.0119348
0.011811
0.0116829
0.0115504
0.0114136
0.0112725
0.011127
0.0109772
0.0108232
0.010665
0.0105026
0.0103362
0.010166
0.00999196
0.00981441
0.00963349
0.00944942
0.00926243
0.00907276
0.0088807
0.00868652
0.00849051
0.00829298
0.00809423
0.00789457
0.00769432
0.00749377
0.00729324
0.007093
0.00689334
0.0066945
0.00649674
0.00630026
0.00610528
0.00591196
0.00572046
0.00553091
0.0053434
0.00515803
0.00497484
0.00479387
0.00461514
0.00443865
0.00426438
0.00409229
0.00392233
0.00375444
0.00358855
0.00342458
0.00326245
0.00310207
0.00294333
0.00278614
0.00263041
0.00247603
0.00232291
0.00217096
0.00202008
0.0018702
0.00172122
0.00157309
0.00142573
0.00127907
0.00113306
0.000987608
0.000842635
0.000698001
0.000553486
0.000408799
0.000262754
0.000123258
0.0132937
0.0132379
0.0131804
0.01312
0.0130569
0.0129911
0.0129227
0.0128515
0.0127774
0.0127002
0.0126199
0.0125364
0.0124495
0.0123592
0.0122654
0.012168
0.0120669
0.011962
0.0118533
0.0117406
0.0116239
0.0115031
0.0113783
0.0112493
0.0111162
0.0109789
0.0108375
0.0106919
0.0105423
0.0103887
0.0102311
0.0100697
0.00990464
0.00973596
0.00956387
0.00938854
0.00921018
0.009029
0.00884523
0.00865913
0.00847094
0.00828094
0.00808941
0.00789664
0.0077029
0.00750848
0.00731367
0.00711874
0.00692396
0.00672957
0.00653583
0.00634295
0.00615114
0.00596059
0.00577145
0.00558388
0.00539798
0.00521387
0.00503162
0.00485129
0.00467291
0.00449651
0.00432208
0.00414962
0.00397908
0.00381044
0.00364363
0.0034786
0.00331527
0.00315356
0.00299339
0.00283468
0.00267733
0.00252125
0.00236636
0.00221255
0.00205975
0.00190787
0.00175682
0.00160653
0.00145691
0.00130789
0.00115939
0.00101131
0.000863528
0.000715876
0.000568102
0.000419886
0.000270019
0.000126594
0.0130119
0.0129592
0.0129048
0.0128477
0.012788
0.0127259
0.0126613
0.0125941
0.0125241
0.0124513
0.0123756
0.0122968
0.0122149
0.0121298
0.0120415
0.0119497
0.0118544
0.0117556
0.0116531
0.0115469
0.011437
0.0113232
0.0112055
0.0110839
0.0109583
0.0108288
0.0106952
0.0105578
0.0104163
0.010271
0.0101218
0.00996885
0.00981222
0.00965203
0.00948841
0.0093215
0.00915148
0.00897852
0.00880283
0.00862461
0.00844411
0.00826155
0.00807719
0.00789128
0.00770409
0.00751587
0.0073269
0.00713743
0.00694771
0.006758
0.00656852
0.0063795
0.00619115
0.00600365
0.00581719
0.00563191
0.00544795
0.00526543
0.00508443
0.00490505
0.00472732
0.0045513
0.004377
0.00420443
0.00403357
0.0038644
0.00369689
0.00353099
0.00336665
0.00320379
0.00304235
0.00288225
0.00272341
0.00256574
0.00240916
0.00225359
0.00209894
0.00194512
0.00179204
0.00163962
0.00148778
0.00133642
0.00118544
0.00103474
0.000884151
0.000733491
0.000582478
0.000430768
0.000277135
0.000129853
0.0127356
0.0126857
0.0126343
0.0125803
0.012524
0.0124654
0.0124044
0.0123409
0.0122749
0.0122062
0.0121348
0.0120606
0.0119834
0.0119032
0.01182
0.0117335
0.0116438
0.0115507
0.0114541
0.0113541
0.0112505
0.0111432
0.0110323
0.0109176
0.0107992
0.0106769
0.0105509
0.010421
0.0102873
0.0101498
0.0100086
0.00986367
0.00971513
0.00956306
0.00940756
0.00924874
0.00908676
0.00892175
0.0087539
0.00858338
0.0084104
0.00823516
0.00805789
0.00787881
0.00769816
0.00751619
0.00733313
0.00714923
0.00696473
0.00677986
0.00659485
0.00640992
0.00622528
0.00604111
0.00585761
0.00567492
0.00549319
0.00531256
0.00513313
0.00495498
0.00477821
0.00460285
0.00442895
0.00425653
0.0040856
0.00391615
0.00374816
0.00358161
0.00341644
0.00325261
0.00309005
0.00292871
0.00276851
0.00260937
0.00245122
0.00229397
0.00213754
0.00198184
0.00182679
0.0016723
0.00151826
0.00136459
0.00121116
0.00105784
0.000904473
0.000750826
0.000596602
0.00044144
0.0002841
0.000133039
0.0124644
0.0124173
0.0123687
0.0123178
0.0122646
0.0122093
0.0121518
0.0120919
0.0120297
0.011965
0.0118976
0.0118277
0.011755
0.0116794
0.011601
0.0115195
0.011435
0.0113473
0.0112563
0.0111621
0.0110645
0.0109634
0.0108588
0.0107507
0.010639
0.0105236
0.0104046
0.0102819
0.0101556
0.0100256
0.00989189
0.00975462
0.00961379
0.00946947
0.00932174
0.0091707
0.00901645
0.00885913
0.00869888
0.00853584
0.00837021
0.00820214
0.00803185
0.00785953
0.0076854
0.00750968
0.00733258
0.00715433
0.00697515
0.00679527
0.00661491
0.00643427
0.00625356
0.00607296
0.00589267
0.00571284
0.00553362
0.00535516
0.00517757
0.00500096
0.00482541
0.004651
0.00447777
0.00430577
0.00413502
0.00396552
0.00379728
0.00363028
0.00346448
0.00329986
0.00313636
0.00297393
0.00281251
0.00265202
0.00249241
0.00233358
0.00217546
0.00201796
0.001861
0.00170448
0.0015483
0.00139234
0.00123649
0.0010806
0.000924463
0.000767858
0.000610459
0.000451894
0.000290914
0.000136149
0.0121984
0.0121539
0.0121081
0.01206
0.0120098
0.0119577
0.0119034
0.011847
0.0117884
0.0117274
0.0116639
0.011598
0.0115295
0.0114584
0.0113845
0.0113078
0.0112282
0.0111456
0.0110599
0.0109711
0.0108791
0.0107839
0.0106853
0.0105834
0.010478
0.0103691
0.0102568
0.0101409
0.0100215
0.00989856
0.00977208
0.00964208
0.0095086
0.00937168
0.00923139
0.0090878
0.00894099
0.00879108
0.00863817
0.0084824
0.00832392
0.00816288
0.00799944
0.0078338
0.00766612
0.00749662
0.00732549
0.00715294
0.00697917
0.00680439
0.00662881
0.00645263
0.00627603
0.00609922
0.00592236
0.00574563
0.00556918
0.00539316
0.00521768
0.00504287
0.00486882
0.00469561
0.00452332
0.00435199
0.00418166
0.00401235
0.00384408
0.00367684
0.00351062
0.00334539
0.00318112
0.00301776
0.00285527
0.00269357
0.00253261
0.00237231
0.00221259
0.00205338
0.00189458
0.00173609
0.00157781
0.00141963
0.00126139
0.00110295
0.000944089
0.000784563
0.000624035
0.000462123
0.000297573
0.000139185
0.0119374
0.0118954
0.0118522
0.0118069
0.0117596
0.0117104
0.0116593
0.0116062
0.0115509
0.0114934
0.0114337
0.0113716
0.0113071
0.0112401
0.0111706
0.0110983
0.0110233
0.0109456
0.0108649
0.0107813
0.0106946
0.0106048
0.0105119
0.0104158
0.0103164
0.0102137
0.0101077
0.00999828
0.00988545
0.0097692
0.00964953
0.00952644
0.00939995
0.00927009
0.00913691
0.00900046
0.0088608
0.00871801
0.0085722
0.00842347
0.00827194
0.00811774
0.00796102
0.00780193
0.00764064
0.00747732
0.00731214
0.00714531
0.00697699
0.00680739
0.0066367
0.0064651
0.00629278
0.00611993
0.00594671
0.0057733
0.00559984
0.00542649
0.00525337
0.00508061
0.00490831
0.00473657
0.00456546
0.00439505
0.00422538
0.0040565
0.00388842
0.00372116
0.00355472
0.00338907
0.00322421
0.00306008
0.00289666
0.00273389
0.00257171
0.00241005
0.00224884
0.002088
0.00192744
0.00176705
0.00160674
0.00144637
0.0012858
0.00112486
0.000963316
0.000800917
0.000637313
0.000472117
0.000304073
0.000142145
0.0116814
0.0116419
0.0116011
0.0115584
0.0115139
0.0114676
0.0114194
0.0113694
0.0113173
0.0112632
0.011207
0.0111486
0.0110878
0.0110248
0.0109592
0.0108912
0.0108206
0.0107474
0.0106714
0.0105927
0.010511
0.0104265
0.0103389
0.0102483
0.0101546
0.0100577
0.00995762
0.00985429
0.00974769
0.00963779
0.00952459
0.00940807
0.00928824
0.00916511
0.00903871
0.00890909
0.00877628
0.00864036
0.00850139
0.00835946
0.00821467
0.00806713
0.00791696
0.0077643
0.00760929
0.00745207
0.00729281
0.00713168
0.00696883
0.00680446
0.00663873
0.00647182
0.00630391
0.00613517
0.00596576
0.00579585
0.00562559
0.00545513
0.0052846
0.00511412
0.00494382
0.00477378
0.00460409
0.00443483
0.00426606
0.00409783
0.00393017
0.0037631
0.00359663
0.00343076
0.00326548
0.00310076
0.00293656
0.00277286
0.00260959
0.00244669
0.00228409
0.00212172
0.00195949
0.00179729
0.00163501
0.00147253
0.00130968
0.00114628
0.000982111
0.000816894
0.000650275
0.000481866
0.000310408
0.000145028
0.0114304
0.0113932
0.0113548
0.0113146
0.0112727
0.0112291
0.0111838
0.0111367
0.0110877
0.0110368
0.0109838
0.0109288
0.0108717
0.0108123
0.0107506
0.0106866
0.0106202
0.0105512
0.0104797
0.0104055
0.0103286
0.010249
0.0101665
0.0100811
0.00999267
0.00990128
0.00980683
0.00970927
0.00960857
0.00950469
0.00939762
0.00928734
0.00917384
0.00905712
0.0089372
0.0088141
0.00868786
0.00855852
0.00842613
0.00829076
0.0081525
0.00801142
0.00786764
0.00772126
0.0075724
0.0074212
0.00726779
0.00711233
0.00695495
0.00679582
0.00663511
0.00647296
0.00630956
0.00614504
0.00597959
0.00581334
0.00564646
0.00547908
0.00531134
0.00514336
0.00497526
0.00480715
0.00463912
0.00447124
0.00430359
0.00413623
0.00396919
0.00380252
0.00363623
0.00347032
0.0033048
0.00313966
0.00297486
0.00281037
0.00264614
0.00248213
0.00231826
0.00215447
0.00199065
0.00182672
0.00166255
0.00149802
0.00133295
0.00116717
0.00100044
0.000832467
0.000662902
0.000491357
0.000316572
0.000147831
0.0111845
0.0111495
0.0111134
0.0110755
0.0110361
0.010995
0.0109524
0.0109081
0.010862
0.0108141
0.0107643
0.0107125
0.0106587
0.0106029
0.0105449
0.0104846
0.0104221
0.0103572
0.0102898
0.01022
0.0101476
0.0100725
0.0099948
0.00991429
0.00983096
0.00974476
0.00965563
0.00956352
0.0094684
0.00937023
0.00926897
0.00916461
0.00905713
0.00894651
0.00883277
0.0087159
0.00859594
0.00847291
0.00834684
0.0082178
0.00808583
0.00795102
0.00781343
0.00767317
0.00753034
0.00738504
0.0072374
0.00708755
0.00693561
0.00678172
0.00662604
0.00646871
0.00630987
0.00614969
0.0059883
0.00582585
0.0056625
0.00549837
0.0053336
0.00516831
0.00500262
0.00483664
0.00467047
0.00450419
0.00433787
0.00417159
0.00400539
0.00383932
0.0036734
0.00350765
0.00334207
0.00317667
0.00301142
0.00284629
0.00268126
0.00251626
0.00235124
0.00218613
0.00202084
0.00185527
0.0016893
0.00152279
0.00135559
0.00118749
0.00101826
0.000847609
0.000675176
0.000500578
0.000322558
0.00015055
0.0109437
0.0109107
0.0108768
0.0108412
0.0108041
0.0107655
0.0107254
0.0106837
0.0106403
0.0105953
0.0105484
0.0104997
0.0104492
0.0103966
0.010342
0.0102853
0.0102265
0.0101654
0.010102
0.0100363
0.00996809
0.0098974
0.00982415
0.00974827
0.00966971
0.00958841
0.00950431
0.00941736
0.00932752
0.00923474
0.009139
0.00904025
0.00893848
0.00883367
0.00872581
0.00861489
0.00850093
0.00838393
0.00826394
0.00814097
0.00801508
0.00788631
0.00775474
0.00762043
0.00748347
0.00734395
0.00720197
0.00705765
0.00691109
0.00676242
0.00661177
0.00645927
0.00630505
0.00614926
0.00599202
0.00583349
0.00567379
0.00551305
0.00535141
0.00518898
0.00502588
0.00486223
0.00469811
0.00453362
0.00436884
0.00420384
0.00403867
0.00387339
0.00370803
0.00354262
0.00337717
0.00321168
0.00304614
0.00288054
0.00271484
0.00254899
0.00238294
0.00221663
0.00204997
0.00188285
0.00171517
0.00154679
0.00137752
0.00120719
0.00103554
0.000862292
0.000687076
0.000509515
0.000328358
0.000153184
0.010708
0.010677
0.0106451
0.0106116
0.0105767
0.0105405
0.0105028
0.0104636
0.0104228
0.0103804
0.0103364
0.0102906
0.010243
0.0101936
0.0101423
0.010089
0.0100336
0.00997612
0.00991646
0.00985456
0.00979035
0.00972377
0.00965476
0.00958325
0.00950919
0.00943251
0.00935316
0.00927108
0.00918624
0.00909857
0.00900804
0.00891462
0.00881828
0.00871898
0.00861671
0.00851146
0.00840322
0.00829201
0.00817782
0.00806069
0.00794064
0.00781771
0.00769194
0.0075634
0.00743216
0.00729828
0.00716185
0.00702296
0.00688171
0.0067382
0.00659255
0.00644488
0.0062953
0.00614394
0.00599092
0.00583638
0.00568043
0.00552321
0.00536483
0.00520541
0.00504506
0.00488389
0.00472201
0.00455949
0.00439643
0.0042329
0.00406896
0.00390466
0.00374005
0.00357516
0.00341
0.00324459
0.00307893
0.002913
0.00274678
0.00258022
0.00241327
0.00224588
0.00207796
0.00190941
0.00174012
0.00156994
0.00139871
0.00122623
0.00105225
0.000876488
0.00069858
0.000518154
0.000333964
0.000155729
0.0104776
0.0104485
0.0104185
0.010387
0.0103542
0.0103201
0.0102847
0.0102479
0.0102095
0.0101697
0.0101283
0.0100853
0.0100406
0.00999409
0.0099458
0.00989565
0.00984356
0.00978947
0.00973333
0.00967506
0.00961461
0.0095519
0.00948688
0.00941949
0.00934967
0.00927735
0.00920249
0.00912501
0.00904489
0.00896205
0.00887646
0.00878809
0.00869688
0.00860282
0.00850586
0.00840601
0.00830323
0.00819753
0.0080889
0.00797736
0.00786292
0.00774561
0.00762545
0.00750249
0.00737679
0.00724839
0.00711737
0.00698381
0.00684777
0.00670936
0.00656867
0.00642579
0.00628085
0.00613394
0.00598518
0.00583468
0.00568257
0.00552895
0.00537394
0.00521765
0.0050602
0.00490167
0.00474218
0.0045818
0.00442063
0.00425874
0.0040962
0.00393306
0.00376937
0.00360517
0.00344048
0.00327532
0.0031097
0.00294359
0.00277699
0.00260986
0.00244215
0.0022738
0.00210474
0.00193487
0.00176406
0.0015922
0.0014191
0.00124456
0.00106835
0.00089017
0.000709669
0.000526481
0.000339367
0.000158181
0.0102526
0.0102252
0.010197
0.0101675
0.0101367
0.0101046
0.0100713
0.0100367
0.0100007
0.00996327
0.00992436
0.00988391
0.00984186
0.00979816
0.00975276
0.00970559
0.00965659
0.0096057
0.00955286
0.00949801
0.00944109
0.00938203
0.00932078
0.00925727
0.00919144
0.00912324
0.0090526
0.00897947
0.0089038
0.00882553
0.00874461
0.00866101
0.00857467
0.00848557
0.00839367
0.00829894
0.00820136
0.00810092
0.0079976
0.00789141
0.00778235
0.00767042
0.00755567
0.0074381
0.00731775
0.00719468
0.00706892
0.00694055
0.00680962
0.00667622
0.00654041
0.00640229
0.00626195
0.00611949
0.005975
0.00582859
0.00568036
0.00553042
0.00537887
0.00522581
0.00507136
0.0049156
0.00475864
0.00460055
0.00444143
0.00428134
0.00412036
0.00395855
0.00379595
0.0036326
0.00346855
0.0033038
0.00313836
0.00297223
0.0028054
0.00263783
0.00246949
0.00230032
0.00213024
0.00195915
0.00178696
0.00161351
0.00143864
0.00126215
0.0010838
0.000903311
0.000720323
0.000534482
0.000344558
0.000160536
0.010033
0.0100073
0.00998085
0.00995311
0.00992417
0.00989407
0.00986279
0.00983026
0.00979643
0.00976126
0.00972468
0.00968666
0.00964713
0.00960605
0.00956335
0.00951899
0.00947289
0.00942501
0.00937528
0.00932365
0.00927005
0.00921443
0.00915672
0.00909686
0.0090348
0.00897047
0.00890382
0.00883478
0.00876331
0.00868935
0.00861285
0.00853376
0.00845203
0.00836763
0.00828052
0.00819065
0.00809801
0.00800258
0.00790432
0.00780324
0.00769932
0.00759257
0.007483
0.00737062
0.00725545
0.00713752
0.00701688
0.00689356
0.00676761
0.00663911
0.0065081
0.00637467
0.00623889
0.00610085
0.00596062
0.0058183
0.00567399
0.00552777
0.00537974
0.00523001
0.00507865
0.00492577
0.00477145
0.00461578
0.00445884
0.0043007
0.00414143
0.0039811
0.00381974
0.00365741
0.00349414
0.00332995
0.00316486
0.00299885
0.00283194
0.00266408
0.00249524
0.00232537
0.00215439
0.00198221
0.00180873
0.00163381
0.00145729
0.00127896
0.00109858
0.000915885
0.000730521
0.000542143
0.00034953
0.00016279
0.00981913
0.00979501
0.00977015
0.0097441
0.00971691
0.00968864
0.00965925
0.00962869
0.00959691
0.00956386
0.00952948
0.00949374
0.00945658
0.00941796
0.0093778
0.00933607
0.0092927
0.00924765
0.00920085
0.00915224
0.00910176
0.00904937
0.00899499
0.00893857
0.00888004
0.00881936
0.00875646
0.00869128
0.00862377
0.00855387
0.00848153
0.00840671
0.00832934
0.00824938
0.0081668
0.00808155
0.0079936
0.00790292
0.00780949
0.00771328
0.00761427
0.00751247
0.00740787
0.00730047
0.00719028
0.00707732
0.00696162
0.0068432
0.00672211
0.00659838
0.00647208
0.00634325
0.00621197
0.00607829
0.0059423
0.00580406
0.00566367
0.0055212
0.00537674
0.00523038
0.00508219
0.00493227
0.0047807
0.00462755
0.00447291
0.00431685
0.00415943
0.00400071
0.00384074
0.00367957
0.00351723
0.00335375
0.00318914
0.00302341
0.00285654
0.00268853
0.00251932
0.00234888
0.00217714
0.00200399
0.00182935
0.00165308
0.001475
0.00129494
0.00111266
0.000927868
0.000740245
0.000549451
0.000354273
0.00016494
0.00961107
0.00958842
0.00956507
0.00954061
0.00951507
0.00948852
0.00946091
0.0094322
0.00940233
0.00937127
0.00933896
0.00930536
0.00927043
0.0092341
0.00919634
0.00915708
0.00911627
0.00907387
0.00902981
0.00898404
0.0089365
0.00888713
0.00883588
0.00878268
0.00872749
0.00867023
0.00861086
0.00854931
0.00848552
0.00841945
0.00835104
0.00828023
0.00820697
0.00813122
0.00805292
0.00797204
0.00788854
0.00780238
0.00771352
0.00762194
0.00752762
0.00743055
0.0073307
0.00722807
0.00712266
0.00701449
0.00690355
0.00678988
0.00667348
0.00655441
0.00643269
0.00630837
0.00618149
0.00605212
0.00592031
0.00578613
0.00564964
0.00551093
0.00537005
0.00522709
0.00508213
0.00493523
0.00478649
0.00463596
0.00448372
0.00432984
0.00417438
0.0040174
0.00385895
0.00369907
0.0035378
0.00337516
0.00321118
0.00304585
0.00287918
0.00271114
0.00254171
0.00237082
0.00219843
0.00202445
0.00184876
0.00167125
0.00149175
0.00131008
0.00112599
0.000939237
0.000749477
0.000556392
0.00035878
0.000166982
0.00940902
0.00938775
0.00936582
0.00934284
0.00931885
0.00929391
0.00926797
0.00924099
0.00921292
0.00918372
0.00915335
0.00912175
0.0090889
0.00905473
0.0090192
0.00898226
0.00894385
0.00890393
0.00886244
0.00881933
0.00877454
0.00872801
0.00867969
0.00862952
0.00857745
0.00852341
0.00846735
0.00840921
0.00834893
0.00828646
0.00822174
0.00815471
0.00808533
0.00801354
0.0079393
0.00786254
0.00778324
0.00770136
0.00761684
0.00752967
0.0074398
0.00734723
0.00725191
0.00715385
0.00705303
0.00694944
0.00684309
0.00673398
0.00662214
0.00650757
0.0063903
0.00627036
0.0061478
0.00602265
0.00589496
0.00576478
0.00563217
0.00549719
0.00535989
0.00522036
0.00507864
0.00493482
0.00478895
0.00464111
0.00449135
0.00433975
0.00418635
0.00403122
0.0038744
0.00371593
0.00355585
0.00339419
0.00323096
0.00306617
0.00289982
0.00273189
0.00256234
0.00239115
0.00221824
0.00204354
0.00186693
0.00168831
0.0015075
0.00132433
0.00113858
0.000949972
0.000758202
0.000562956
0.000363044
0.000168914
0.00921317
0.00919319
0.00917259
0.009151
0.00912846
0.00910502
0.00908064
0.00905528
0.00902889
0.00900143
0.00897287
0.00894316
0.00891225
0.0088801
0.00884666
0.00881188
0.00877572
0.00873813
0.00869904
0.00865842
0.0086162
0.00857233
0.00852675
0.00847942
0.00843027
0.00837925
0.00832629
0.00827135
0.00821436
0.00815527
0.00809402
0.00803055
0.00796482
0.00789676
0.00782633
0.00775347
0.00767814
0.0076003
0.00751989
0.00743689
0.00735125
0.00726295
0.00717196
0.00707825
0.0069818
0.0068826
0.00678065
0.00667594
0.00656847
0.00645825
0.00634529
0.00622962
0.00611125
0.00599022
0.00586657
0.00574032
0.00561153
0.00548025
0.00534652
0.00521039
0.00507194
0.00493121
0.00478826
0.00464315
0.00449594
0.00434668
0.00419543
0.00404224
0.00388714
0.00373019
0.00357142
0.00341084
0.00324848
0.00308435
0.00291844
0.00275074
0.00258122
0.00240984
0.00223653
0.00206123
0.00188383
0.00170421
0.00152222
0.00133768
0.00115038
0.000960057
0.000766407
0.000569133
0.000367058
0.000170731
0.00902376
0.00900498
0.00898562
0.00896533
0.00894414
0.0089221
0.00889917
0.00887532
0.0088505
0.00882467
0.0087978
0.00876984
0.00874074
0.00871048
0.00867899
0.00864624
0.00861217
0.00857674
0.0085399
0.0085016
0.00846179
0.0084204
0.00837739
0.00833271
0.0082863
0.00823809
0.00818805
0.0081361
0.00808219
0.00802626
0.00796827
0.00790814
0.00784583
0.00778128
0.00771444
0.00764525
0.00757366
0.00749963
0.00742311
0.00734405
0.00726242
0.00717817
0.00709128
0.0070017
0.00690943
0.00681442
0.00671668
0.00661617
0.00651291
0.00640687
0.00629807
0.00618652
0.00607222
0.0059552
0.00583548
0.00571308
0.00558804
0.00546039
0.00533018
0.00519745
0.00506224
0.00492461
0.00478459
0.00464224
0.00449762
0.00435076
0.00420172
0.00405054
0.00389726
0.00374192
0.00358454
0.00342516
0.00326378
0.00310041
0.00293506
0.0027677
0.00259832
0.00242687
0.00225329
0.00207751
0.00189944
0.00171895
0.0015359
0.00135012
0.00116139
0.000969478
0.00077408
0.000574915
0.000370817
0.000172432
0.00884101
0.00882335
0.00880515
0.00878606
0.00876613
0.00874539
0.00872382
0.00870138
0.00867802
0.0086537
0.0086284
0.00860207
0.00857467
0.00854615
0.00851648
0.00848562
0.0084535
0.0084201
0.00838535
0.00834921
0.00831164
0.00827257
0.00823196
0.00818975
0.00814589
0.00810032
0.00805298
0.00800383
0.0079528
0.00789984
0.00784489
0.00778789
0.00772879
0.00766753
0.00760406
0.00753831
0.00747024
0.0073998
0.00732694
0.0072516
0.00717375
0.00709334
0.00701033
0.00692468
0.00683636
0.00674535
0.00665161
0.00655512
0.00645587
0.00635385
0.00624905
0.00614147
0.0060311
0.00591796
0.00580205
0.0056834
0.00556202
0.00543794
0.00531119
0.0051818
0.00504981
0.00491525
0.00477816
0.00463859
0.00449657
0.00435215
0.00420537
0.00405625
0.00390485
0.00375119
0.00359529
0.00343719
0.00327688
0.00311438
0.00294969
0.00278279
0.00261366
0.00244225
0.00226851
0.00209237
0.00191374
0.0017325
0.00154852
0.00136162
0.0011716
0.000978225
0.000781214
0.000580295
0.000374319
0.000174016
0.00866518
0.00864856
0.00863143
0.00861346
0.0085947
0.00857518
0.00855487
0.00853373
0.00851172
0.00848882
0.00846497
0.00844015
0.00841432
0.00838744
0.00835946
0.00833034
0.00830004
0.00826852
0.00823571
0.00820159
0.0081661
0.00812919
0.0080908
0.0080509
0.00800941
0.00796629
0.00792149
0.00787495
0.00782661
0.00777641
0.0077243
0.00767023
0.00761413
0.00755595
0.00749562
0.00743311
0.00736834
0.00730127
0.00723184
0.00716001
0.00708571
0.00700892
0.00692957
0.00684763
0.00676307
0.00667583
0.0065859
0.00649324
0.00639783
0.00629964
0.00619866
0.00609488
0.00598829
0.00587889
0.00576667
0.00565165
0.00553383
0.00541323
0.00528986
0.00516375
0.00503492
0.0049034
0.00476922
0.00463241
0.004493
0.00435103
0.00420652
0.00405952
0.00391004
0.00375811
0.00360377
0.00344701
0.00328786
0.00312632
0.00296238
0.00279603
0.00262725
0.00245599
0.0022822
0.00210582
0.00192674
0.00174488
0.00156007
0.00137218
0.00118099
0.000986294
0.000787805
0.000585271
0.000377559
0.00017548
0.00849655
0.0084809
0.00846476
0.00844783
0.00843015
0.00841175
0.0083926
0.00837267
0.00835192
0.00833032
0.00830783
0.00828441
0.00826004
0.00823466
0.00820825
0.00818075
0.00815213
0.00812235
0.00809135
0.0080591
0.00802554
0.00799063
0.00795431
0.00791654
0.00787726
0.00783643
0.00779398
0.00774986
0.00770402
0.00765639
0.00760694
0.00755558
0.00750228
0.00744697
0.00738959
0.00733009
0.00726841
0.00720449
0.00713829
0.00706973
0.00699878
0.00692539
0.00684949
0.00677105
0.00669002
0.00660636
0.00652003
0.00643099
0.00633922
0.00624468
0.00614735
0.0060472
0.00594423
0.00583841
0.00572974
0.00561821
0.00550383
0.0053866
0.00526652
0.00514361
0.00501788
0.00488934
0.00475802
0.00462395
0.00448713
0.0043476
0.00420538
0.0040605
0.00391298
0.00376283
0.00361008
0.00345473
0.0032968
0.00313629
0.00297319
0.00280748
0.00263914
0.00246812
0.00229439
0.00211786
0.00193846
0.00175607
0.00157057
0.00138181
0.00118958
0.000993684
0.000793851
0.000589842
0.000380538
0.000176825
0.00833543
0.00832066
0.00830544
0.00828947
0.00827278
0.00825542
0.00823735
0.00821853
0.00819894
0.00817854
0.0081573
0.00813518
0.00811215
0.00808817
0.0080632
0.0080372
0.00801014
0.00798196
0.00795263
0.00792211
0.00789034
0.00785727
0.00782287
0.00778708
0.00774985
0.00771112
0.00767085
0.00762898
0.00758546
0.00754023
0.00749323
0.00744441
0.0073937
0.00734106
0.00728643
0.00722973
0.00717093
0.00710996
0.00704675
0.00698127
0.00691345
0.00684323
0.00677057
0.00669541
0.00661771
0.00653741
0.00645447
0.00636886
0.00628053
0.00618944
0.00609557
0.00599888
0.00589935
0.00579695
0.00569168
0.00558351
0.00547243
0.00535844
0.00524154
0.00512173
0.00499901
0.00487338
0.00474486
0.00461347
0.00447921
0.0043421
0.00420216
0.0040594
0.00391384
0.00376549
0.00361437
0.00346047
0.00330382
0.00314439
0.00298219
0.00281719
0.00264937
0.00247869
0.0023051
0.00212854
0.00194891
0.00176611
0.00158003
0.00139051
0.00119737
0.0010004
0.000799356
0.00059401
0.000383256
0.000178051
0.00818213
0.00816818
0.0081538
0.00813871
0.00812294
0.00810653
0.00808945
0.00807166
0.00805313
0.00803384
0.00801375
0.00799282
0.00797102
0.00794833
0.00792469
0.00790007
0.00787444
0.00784775
0.00781996
0.00779102
0.0077609
0.00772954
0.00769691
0.00766294
0.00762759
0.00759082
0.00755256
0.00751277
0.00747139
0.00742836
0.00738364
0.00733716
0.00728886
0.0072387
0.0071866
0.00713252
0.00707638
0.00701814
0.00695774
0.00689511
0.0068302
0.00676295
0.00669331
0.00662122
0.00654663
0.00646948
0.00638974
0.00630734
0.00622224
0.00613441
0.0060438
0.00595038
0.00585412
0.00575497
0.00565292
0.00554795
0.00544004
0.00532916
0.00521531
0.00509848
0.00497866
0.00485585
0.00473006
0.00460128
0.00446952
0.00433478
0.00419708
0.00405643
0.00391283
0.00376628
0.0036168
0.00346438
0.00330903
0.00315073
0.00298948
0.00282526
0.00265803
0.00248776
0.0023144
0.00213788
0.00195812
0.00177502
0.00158846
0.0013983
0.00120436
0.00100645
0.000804328
0.000597779
0.000385718
0.00017916
0.00803702
0.00802382
0.00801021
0.00799592
0.007981
0.00796546
0.00794928
0.00793243
0.00791488
0.0078966
0.00787756
0.00785773
0.00783706
0.00781554
0.00779313
0.00776978
0.00774546
0.00772012
0.00769374
0.00766627
0.00763766
0.00760787
0.00757685
0.00754456
0.00751095
0.00747596
0.00743956
0.00740168
0.00736227
0.00732128
0.00727865
0.00723433
0.00718825
0.00714037
0.00709062
0.00703894
0.00698528
0.00692957
0.00687175
0.00681177
0.00674956
0.00668507
0.00661824
0.006549
0.00647731
0.0064031
0.00632633
0.00624693
0.00616487
0.00608009
0.00599255
0.0059022
0.00580901
0.00571293
0.00561394
0.00551199
0.00540708
0.00529916
0.00518822
0.00507424
0.0049572
0.0048371
0.00471393
0.00458768
0.00445835
0.00432593
0.00419042
0.00405183
0.00391015
0.00376539
0.00361755
0.00346661
0.00331258
0.00315545
0.00299519
0.00283178
0.0026652
0.00249541
0.00232235
0.00214595
0.00196615
0.00178284
0.00159591
0.00140521
0.00121059
0.00101185
0.000808776
0.000601158
0.000387926
0.000180153
0.00790048
0.00788797
0.00787505
0.0078615
0.00784734
0.0078326
0.00781725
0.00780125
0.0077846
0.00776724
0.00774916
0.00773032
0.00771069
0.00769024
0.00766894
0.00764674
0.00762362
0.00759953
0.00757444
0.0075483
0.00752107
0.00749271
0.00746317
0.00743241
0.00740039
0.00736704
0.00733233
0.0072962
0.0072586
0.00721947
0.00717876
0.00713642
0.00709238
0.00704659
0.006999
0.00694953
0.00689814
0.00684476
0.00678933
0.00673178
0.00667207
0.00661012
0.00654588
0.00647928
0.00641027
0.00633879
0.00626477
0.00618817
0.00610893
0.006027
0.00594232
0.00585484
0.00576452
0.00567132
0.00557519
0.0054761
0.00537401
0.00526888
0.00516069
0.00504942
0.00493503
0.00481752
0.00469685
0.00457302
0.00444602
0.00431583
0.00418245
0.00404586
0.00390607
0.00376306
0.00361683
0.00346736
0.00331466
0.00315869
0.00299944
0.00283688
0.00267099
0.00250172
0.00232902
0.00215282
0.00197305
0.00178961
0.0016024
0.00141127
0.00121607
0.00101663
0.000812718
0.000604158
0.000389891
0.000181034
0.00777295
0.00776105
0.00774877
0.00773589
0.00772242
0.00770839
0.00769379
0.00767857
0.00766272
0.0076462
0.00762899
0.00761105
0.00759236
0.00757289
0.00755259
0.00753144
0.00750941
0.00748644
0.00746252
0.00743759
0.00741161
0.00738455
0.00735636
0.007327
0.00729641
0.00726456
0.00723138
0.00719684
0.00716088
0.00712345
0.00708449
0.00704395
0.00700177
0.0069579
0.00691227
0.00686483
0.00681551
0.00676426
0.00671101
0.0066557
0.00659827
0.00653865
0.00647679
0.00641262
0.00634607
0.0062771
0.00620563
0.0061316
0.00605497
0.00597566
0.00589363
0.00580881
0.00572117
0.00563064
0.00553718
0.00544075
0.0053413
0.00523879
0.00513319
0.00502445
0.00491256
0.00479749
0.00467919
0.00455767
0.00443288
0.00430482
0.00417347
0.00403881
0.00390084
0.00375952
0.00361486
0.00346684
0.00331543
0.00316062
0.00300239
0.0028407
0.00267552
0.00250681
0.00233451
0.00215856
0.00197889
0.0017954
0.00160799
0.00141652
0.00122085
0.0010208
0.000816173
0.000606793
0.000391617
0.000181807
0.00765489
0.00764354
0.00763184
0.00761955
0.00760671
0.00759333
0.00757939
0.00756488
0.00754975
0.00753398
0.00751755
0.00750043
0.00748258
0.00746398
0.00744459
0.00742439
0.00740333
0.00738138
0.00735851
0.00733467
0.00730982
0.00728393
0.00725696
0.00722885
0.00719956
0.00716905
0.00713727
0.00710416
0.00706969
0.00703379
0.00699641
0.0069575
0.006917
0.00687486
0.00683101
0.0067854
0.00673796
0.00668864
0.00663737
0.00658408
0.00652873
0.00647124
0.00641154
0.00634958
0.00628529
0.0062186
0.00614945
0.00607778
0.00600353
0.00592663
0.00584703
0.00576466
0.00567948
0.00559141
0.00550042
0.00540644
0.00530944
0.00520935
0.00510615
0.00499979
0.00489022
0.00477742
0.00466135
0.00454199
0.00441929
0.00429324
0.00416381
0.00403099
0.00389474
0.00375505
0.00361189
0.00346525
0.00331511
0.00316144
0.0030042
0.00284337
0.00267892
0.00251079
0.00233893
0.00216327
0.00198375
0.00180027
0.00161273
0.001421
0.00122495
0.0010244
0.000819166
0.000609081
0.00039312
0.000182478
0.00754682
0.00753597
0.00752477
0.00751302
0.00750073
0.00748793
0.00747459
0.0074607
0.00744621
0.00743112
0.00741538
0.00739898
0.00738189
0.00736407
0.00734549
0.00732613
0.00730594
0.00728489
0.00726296
0.00724009
0.00721626
0.00719141
0.00716552
0.00713853
0.0071104
0.00708109
0.00705055
0.00701873
0.00698559
0.00695106
0.00691509
0.00687764
0.00683865
0.00679806
0.0067558
0.00671183
0.00666608
0.0066185
0.006569
0.00651755
0.00646406
0.00640848
0.00635073
0.00629076
0.0062285
0.00616388
0.00609683
0.0060273
0.0059552
0.00588049
0.00580309
0.00572295
0.00564
0.00555417
0.00546543
0.00537369
0.00527893
0.00518107
0.00508006
0.00497588
0.00486845
0.00475776
0.00464374
0.00452637
0.00440562
0.00428144
0.0041538
0.00402269
0.00388806
0.0037499
0.00360817
0.00346285
0.00331392
0.00316133
0.00300506
0.00284508
0.00268133
0.00251379
0.00234238
0.00216704
0.00198771
0.0018043
0.00161669
0.00142478
0.00122842
0.00102746
0.000821719
0.000611038
0.000394406
0.000183049
0.00744933
0.00743891
0.00742816
0.00741687
0.00740507
0.00739278
0.00737997
0.00736662
0.00735271
0.0073382
0.00732308
0.00730731
0.00729088
0.00727375
0.00725588
0.00723726
0.00721784
0.00719759
0.00717648
0.00715447
0.00713152
0.0071076
0.00708266
0.00705666
0.00702956
0.00700131
0.00697187
0.00694118
0.0069092
0.00687589
0.00684117
0.00680501
0.00676735
0.00672813
0.00668729
0.00664477
0.00660052
0.00655447
0.00650655
0.00645671
0.00640488
0.006351
0.00629499
0.00623679
0.00617633
0.00611355
0.00604838
0.00598074
0.00591058
0.00583782
0.0057624
0.00568424
0.00560329
0.00551949
0.00543276
0.00534305
0.00525029
0.00515444
0.00505543
0.00495321
0.00484773
0.00473894
0.00462679
0.00451125
0.00439226
0.00426979
0.00414381
0.00401426
0.00388114
0.00374438
0.00360398
0.00345989
0.00331208
0.00316052
0.00300516
0.00284598
0.00268293
0.00251595
0.00234499
0.00217
0.00199088
0.00180756
0.00161994
0.00142791
0.00123132
0.00103003
0.00082387
0.000612691
0.000395496
0.000183532
0.00736306
0.00735302
0.00734265
0.00733177
0.00732039
0.00730853
0.00729617
0.0072833
0.00726987
0.00725588
0.00724129
0.00722608
0.00721021
0.00719367
0.00717642
0.00715844
0.00713969
0.00712013
0.00709973
0.00707847
0.00705629
0.00703316
0.00700905
0.00698391
0.00695769
0.00693036
0.00690187
0.00687217
0.00684121
0.00680894
0.00677532
0.00674028
0.00670377
0.00666574
0.00662613
0.00658488
0.00654193
0.00649721
0.00645067
0.00640224
0.00635186
0.00629945
0.00624496
0.00618831
0.00612943
0.00606826
0.00600472
0.00593875
0.00587028
0.00579923
0.00572554
0.00564914
0.00556995
0.00548792
0.00540297
0.00531504
0.00522407
0.00512998
0.00503274
0.00493226
0.00482851
0.00472142
0.00461094
0.00449702
0.00437961
0.00425868
0.00413417
0.00400604
0.00387426
0.00373879
0.00359959
0.00345661
0.00330983
0.00315921
0.0030047
0.00284626
0.00268385
0.00251741
0.00234689
0.00217223
0.00199334
0.00181015
0.00162255
0.00143043
0.00123368
0.00103214
0.000825639
0.000614054
0.000396395
0.000183926
0.00728873
0.007279
0.00726896
0.00725842
0.00724739
0.0072359
0.00722394
0.00721146
0.00719845
0.00718489
0.00717074
0.00715599
0.00714061
0.00712458
0.00710785
0.00709041
0.00707221
0.00705324
0.00703345
0.00701281
0.00699128
0.00696883
0.00694542
0.006921
0.00689554
0.00686898
0.0068413
0.00681243
0.00678233
0.00675095
0.00671825
0.00668416
0.00664863
0.00661161
0.00657304
0.00653287
0.00649102
0.00644744
0.00640207
0.00635484
0.00630568
0.00625453
0.00620133
0.006146
0.00608846
0.00602867
0.00596653
0.00590198
0.00583495
0.00576537
0.00569316
0.00561826
0.00554058
0.00546007
0.00537665
0.00529025
0.00520081
0.00510825
0.00501252
0.00491356
0.00481129
0.00470567
0.00459663
0.00448412
0.0043681
0.00424849
0.00412527
0.00399839
0.00386779
0.00373343
0.00359528
0.0034533
0.00330743
0.00315764
0.00300388
0.00284611
0.00268428
0.00251834
0.00234822
0.00217387
0.00199521
0.00181215
0.00162459
0.00143244
0.00123557
0.00103383
0.000827071
0.000615163
0.00039713
0.000184247
0.00722715
0.00721768
0.00720791
0.00719764
0.0071869
0.00717572
0.00716406
0.00715191
0.00713924
0.00712602
0.00711224
0.00709787
0.00708289
0.00706726
0.00705096
0.00703395
0.00701622
0.00699772
0.00697842
0.00695829
0.0069373
0.0069154
0.00689255
0.00686873
0.00684388
0.00681796
0.00679093
0.00676274
0.00673334
0.00670269
0.00667074
0.00663742
0.0066027
0.00656651
0.00652879
0.00648949
0.00644854
0.00640589
0.00636148
0.00631523
0.00626708
0.00621696
0.00616481
0.00611056
0.00605413
0.00599546
0.00593447
0.0058711
0.00580525
0.00573688
0.00566589
0.00559222
0.00551579
0.00543653
0.00535437
0.00526924
0.00518106
0.00508977
0.0049953
0.00489758
0.00479655
0.00469215
0.00458431
0.00447298
0.0043581
0.00423962
0.00411747
0.00399162
0.00386201
0.0037286
0.00359134
0.00345018
0.00330509
0.003156
0.00300289
0.00284569
0.00268436
0.00251885
0.00234909
0.00217501
0.00199655
0.00181362
0.00162613
0.00143397
0.00123701
0.00103514
0.000828176
0.000616018
0.000397695
0.000184488
0.00717925
0.00716998
0.00716041
0.00715035
0.00713984
0.00712888
0.00711747
0.00710556
0.00709315
0.00708021
0.00706671
0.00705263
0.00703794
0.00702263
0.00700665
0.00698999
0.0069726
0.00695447
0.00693555
0.00691581
0.00689522
0.00687375
0.00685134
0.00682797
0.00680359
0.00677816
0.00675163
0.00672396
0.00669511
0.00666502
0.00663364
0.00660092
0.00656681
0.00653126
0.0064942
0.00645557
0.00641532
0.00637339
0.00632971
0.00628421
0.00623684
0.00618752
0.00613619
0.00608277
0.0060272
0.00596939
0.00590929
0.00584682
0.00578189
0.00571445
0.0056444
0.00557169
0.00549623
0.00541794
0.00533676
0.00525261
0.00516542
0.00507511
0.00498162
0.00488487
0.00478481
0.00468136
0.00457446
0.00446405
0.00435006
0.00423245
0.00411115
0.00398611
0.00385729
0.00372462
0.00358806
0.00344756
0.00330307
0.00315455
0.00300194
0.0028452
0.00268428
0.00251911
0.00234964
0.00217579
0.0019975
0.00181469
0.00162725
0.00143509
0.00123809
0.00103611
0.00082901
0.00061667
0.000398132
0.000184677
0.00714607
0.00713693
0.0071275
0.00711759
0.00710723
0.00709643
0.00708518
0.00707344
0.00706121
0.00704845
0.00703514
0.00702126
0.00700678
0.00699168
0.00697593
0.00695949
0.00694235
0.00692447
0.00690581
0.00688634
0.00686603
0.00684484
0.00682274
0.00679968
0.00677562
0.00675052
0.00672434
0.00669703
0.00666855
0.00663884
0.00660786
0.00657556
0.00654187
0.00650675
0.00647014
0.00643198
0.00639221
0.00635076
0.00630759
0.00626262
0.00621578
0.006167
0.00611623
0.00606339
0.0060084
0.0059512
0.00589171
0.00582985
0.00576556
0.00569876
0.00562937
0.00555731
0.00548252
0.0054049
0.0053244
0.00524093
0.00515441
0.00506479
0.00497198
0.00487591
0.00477651
0.00467372
0.00456747
0.0044577
0.00434434
0.00422733
0.00410662
0.00398215
0.00385386
0.00372171
0.00358564
0.0034456
0.00330154
0.00315342
0.00300117
0.00284476
0.00268411
0.00251919
0.00234992
0.00217624
0.00199808
0.00181535
0.00162796
0.00143581
0.00123878
0.00103674
0.000829547
0.000617087
0.000398408
0.000184794
0.0071288
0.00711973
0.00711037
0.00710054
0.00709026
0.00707954
0.00706837
0.00705673
0.00704459
0.00703192
0.00701871
0.00700494
0.00699057
0.00697558
0.00695994
0.00694363
0.00692661
0.00690885
0.00689033
0.006871
0.00685084
0.0068298
0.00680785
0.00678495
0.00676106
0.00673614
0.00671014
0.00668301
0.00665472
0.00662521
0.00659444
0.00656234
0.00652888
0.00649398
0.00645761
0.00641969
0.00638016
0.00633898
0.00629607
0.00625136
0.0062048
0.00615631
0.00610583
0.00605329
0.0059986
0.00594171
0.00588254
0.00582101
0.00575705
0.00569058
0.00562153
0.00554982
0.00547537
0.0053981
0.00531795
0.00523483
0.00514867
0.0050594
0.00496694
0.00487123
0.00477218
0.00466973
0.00456382
0.00445438
0.00434135
0.00422466
0.00410426
0.00398008
0.00385208
0.0037202
0.00358439
0.00344459
0.00330076
0.00315284
0.00300078
0.00284454
0.00268405
0.00251925
0.0023501
0.00217651
0.00199841
0.00181573
0.00162836
0.00143622
0.00123917
0.00103711
0.000829865
0.000617343
0.000398581
0.000184923
)
;

boundaryField
{
    inlet
    {
        type            zeroGradient;
    }
    outlet
    {
        type            fixedValue;
        value           uniform 0;
    }
    topWall
    {
        type            zeroGradient;
    }
    symmetry
    {
        type            zeroGradient;
    }
    bottomWall
    {
        type            zeroGradient;
    }
    frontAndBack
    {
        type            empty;
    }
}


// ************************************************************************* //
