/*--------------------------------*- C++ -*----------------------------------*\
| =========                 |                                                 |
| \\      /  F ield         | OpenFOAM: The Open Source CFD Toolbox           |
|  \\    /   O peration     | Version:  2312                                  |
|   \\  /    A nd           | Website:  www.openfoam.com                      |
|    \\/     M anipulation  |                                                 |
\*---------------------------------------------------------------------------*/
FoamFile
{
    version     2.0;
    format      ascii;
    arch        "LSB;label=32;scalar=64";
    class       volScalarField;
    location    "200";
    object      Uy;
}
// * * * * * * * * * * * * * * * * * * * * * * * * * * * * * * * * * * * * * //

dimensions      [0 1 -1 0 0 0 0];

internalField   nonuniform List<scalar> 
8400
(
2.85641e-05
5.54194e-05
8.63755e-05
0.000123302
0.000169036
0.00022733
0.000303405
0.000405264
0.000546102
0.000749159
0.00105778
0.00155493
0.00240181
0.00396923
0.0138276
8.49432e-05
0.000166256
0.000259306
0.000370404
0.000507875
0.000682629
0.00090975
0.00121182
0.0016246
0.00220728
0.00306051
0.00435498
0.00637432
0.00951996
0.0147616
0.0001418
0.000279318
0.000435468
0.000621886
0.00085202
0.00114318
0.00151876
0.00201221
0.00267271
0.00357274
0.00481584
0.00653816
0.00889417
0.0119996
0.015994
0.000200577
0.000395688
0.000615972
0.000878394
0.00120096
0.0016062
0.00212332
0.00279128
0.00366159
0.00479884
0.00627418
0.00814546
0.0104206
0.0130074
0.0157041
0.000260401
0.000513828
0.000798629
0.00113671
0.00154985
0.00206415
0.00271153
0.00353068
0.00456589
0.00586088
0.00744488
0.00931126
0.0113964
0.0135724
0.0156745
0.000321065
0.000633399
0.000982777
0.00139551
0.00189613
0.00251247
0.00327588
0.00421981
0.00537498
0.00675973
0.0083661
0.010147
0.0120134
0.0138488
0.0155416
0.000382339
0.000753861
0.00116735
0.00165286
0.00223655
0.00294601
0.00380914
0.00485045
0.00608433
0.0075053
0.00907896
0.0107396
0.0123997
0.0139696
0.0153814
0.000443956
0.000874613
0.00135124
0.00190686
0.00256808
0.00336041
0.00430594
0.00541828
0.00669554
0.0081133
0.00962184
0.0111517
0.0126278
0.013986
0.0151877
0.000505624
0.000995007
0.00153327
0.0021556
0.00288784
0.00375186
0.0047624
0.00592164
0.00721351
0.00860058
0.0100269
0.0114278
0.0127436
0.0139314
0.0149712
0.000567025
0.00111436
0.00171224
0.00239719
0.00319319
0.00411729
0.00517613
0.00636112
0.00764515
0.00898343
0.0103202
0.0115997
0.0127771
0.013825
0.0147356
0.000627825
0.00123195
0.00188695
0.00262984
0.00348183
0.00445436
0.00554596
0.00673881
0.00799819
0.00927666
0.0105226
0.0116905
0.0127481
0.0136798
0.0144848
0.000687669
0.00134704
0.00205619
0.00285185
0.00375176
0.00476141
0.0058718
0.00705785
0.00828052
0.00949319
0.0106506
0.0117171
0.0126709
0.0135043
0.0142215
0.000746196
0.0014589
0.00221881
0.00306171
0.00400139
0.00503745
0.00615438
0.00732199
0.00849973
0.00964417
0.0107173
0.0116923
0.0125556
0.0133051
0.0139479
0.000803035
0.00156679
0.00237372
0.00325806
0.00422948
0.00528205
0.00639507
0.0075353
0.00866288
0.00973907
0.0107331
0.0116257
0.0124096
0.0130868
0.0136659
0.000857816
0.00166999
0.00251988
0.00343976
0.00443514
0.00549529
0.00659567
0.0077019
0.00877644
0.00978592
0.0107063
0.0115249
0.0122389
0.0128531
0.0133771
0.000910175
0.00176782
0.00265637
0.00360584
0.00461784
0.00567765
0.00675833
0.00782587
0.0088462
0.00979152
0.0106439
0.0113957
0.0120479
0.0126068
0.0130828
0.000959763
0.00185963
0.00278237
0.00375559
0.00477737
0.00582997
0.00688535
0.00791112
0.00887734
0.00976162
0.0105513
0.011243
0.0118402
0.0123504
0.0127841
0.00100625
0.00194483
0.0028972
0.00388848
0.00491379
0.00595334
0.00697914
0.00796136
0.00887446
0.00970114
0.0104333
0.0110707
0.0116187
0.0120857
0.0124821
0.00104932
0.0020229
0.00300028
0.0040042
0.00502742
0.00604904
0.00704213
0.00798002
0.00884164
0.00961426
0.0102936
0.0108819
0.0113859
0.0118145
0.0121777
0.0010887
0.0020934
0.00309119
0.00410262
0.00511877
0.00611851
0.00707673
0.0079703
0.00878248
0.00950459
0.0101354
0.0106793
0.0111438
0.011538
0.0118716
0.00112414
0.00215594
0.00316963
0.00418382
0.00518855
0.00616328
0.00708529
0.00793515
0.00870018
0.00937524
0.00996167
0.0104652
0.0108941
0.0112574
0.0115646
0.00115546
0.00221024
0.00323545
0.00424802
0.00523762
0.00618494
0.00707005
0.00787726
0.00859758
0.00922891
0.00977462
0.0102415
0.0106383
0.0109738
0.0112572
0.00118248
0.00225611
0.00328862
0.0042956
0.00526693
0.00618508
0.00703318
0.0077991
0.00847721
0.00906797
0.00957633
0.01001
0.0103776
0.0106881
0.0109501
0.00120509
0.00229343
0.00332922
0.00432705
0.00527755
0.00616534
0.00697671
0.00770293
0.00834133
0.00889448
0.0093686
0.00977188
0.0101131
0.010401
0.0106437
0.00122323
0.00232219
0.00335748
0.00434301
0.00527059
0.0061273
0.00690257
0.00759083
0.00819195
0.00871028
0.00915298
0.0095286
0.0098459
0.0101132
0.0103385
0.00123688
0.00234244
0.0033737
0.00434418
0.00524722
0.00607252
0.00681258
0.00746468
0.0080309
0.00851699
0.00893085
0.00928121
0.00957672
0.00982546
0.0100349
0.00124606
0.00235434
0.0033783
0.00433135
0.00520863
0.00600253
0.00670844
0.00732621
0.0078598
0.00831607
0.00870343
0.0090307
0.00930637
0.00953819
0.00973329
0.00125083
0.00235809
0.00337177
0.00430538
0.00515602
0.00591877
0.00659175
0.00717703
0.00768013
0.00810881
0.00847181
0.00877796
0.00903552
0.00925194
0.00943399
0.00125133
0.002354
0.00335468
0.00426715
0.00509058
0.00582267
0.00646399
0.00701857
0.00749322
0.00789637
0.00823698
0.00852377
0.00876479
0.00896716
0.00913732
0.00124769
0.00234241
0.00332765
0.00421759
0.00501351
0.00571557
0.00632656
0.00685219
0.0073003
0.00767981
0.00799979
0.00826884
0.00849472
0.00868427
0.00884358
0.0012401
0.00232372
0.00329135
0.00415766
0.00492597
0.00559875
0.00618076
0.00667911
0.00710247
0.00746009
0.00776107
0.00801381
0.00822583
0.00840364
0.00855304
0.00122877
0.00229839
0.00324649
0.00408829
0.00482908
0.00547343
0.0060278
0.00650048
0.00690074
0.00723808
0.00752151
0.00775927
0.00795856
0.00812562
0.00826595
0.00121396
0.00226689
0.0031938
0.00401044
0.00472394
0.00534076
0.00586881
0.00631732
0.00669604
0.00701456
0.0072818
0.00750574
0.00769334
0.00785054
0.00798254
0.00119591
0.00222974
0.00313403
0.00392505
0.00461162
0.00520183
0.00570484
0.00613061
0.00648921
0.00679025
0.00704251
0.00725372
0.00743056
0.00757868
0.00770304
0.00117491
0.00218746
0.00306792
0.00383304
0.00449311
0.00505767
0.00553687
0.00594123
0.00628103
0.00656583
0.00680422
0.00700366
0.00717056
0.00731033
0.00742766
0.00115124
0.00214058
0.00299622
0.00373529
0.00436938
0.00490924
0.00536581
0.00575001
0.00607222
0.0063419
0.00656741
0.00675596
0.00691368
0.00704574
0.00715658
0.0011252
0.00208966
0.00291967
0.00363267
0.00424135
0.00475743
0.00519248
0.00555769
0.00586343
0.00611901
0.00633255
0.006511
0.00666023
0.00678515
0.00689
0.00109707
0.00203522
0.00283898
0.00352599
0.00410987
0.00460309
0.00501768
0.00536497
0.00565526
0.00589767
0.00610006
0.00626913
0.00641047
0.00652878
0.00662808
0.00106715
0.00197779
0.00275483
0.00341604
0.00397574
0.00444699
0.00484212
0.00517249
0.00544827
0.00567835
0.00587034
0.00603066
0.00616468
0.00627684
0.00637098
0.00103572
0.00191787
0.00266788
0.00330355
0.00383972
0.00428986
0.00466645
0.00498081
0.00524294
0.00546147
0.00564374
0.0057959
0.00592307
0.00602951
0.00611885
0.00100305
0.00185594
0.00257876
0.00318921
0.0037025
0.00413235
0.00449128
0.00479049
0.00503975
0.00524742
0.00542057
0.0055651
0.00568588
0.00578697
0.00587183
0.000969414
0.00179248
0.00248805
0.00307367
0.00356472
0.00397507
0.00431716
0.004602
0.0048391
0.00503655
0.00520114
0.0053385
0.0054533
0.00554938
0.00563004
0.000935047
0.0017279
0.00239629
0.0029575
0.00342698
0.00381857
0.00414458
0.00441577
0.00464137
0.00482918
0.0049857
0.00511632
0.00522549
0.00531688
0.0053936
0.000900182
0.00166261
0.00230398
0.00284126
0.0032898
0.00366335
0.00397398
0.00423219
0.0044469
0.00462559
0.00477449
0.00489876
0.00500263
0.00508959
0.00516261
0.000865032
0.00159698
0.00221159
0.00272542
0.00315367
0.00350985
0.00380578
0.00405162
0.00425597
0.00442602
0.00456772
0.00468599
0.00478485
0.00486763
0.00493715
0.00082979
0.00153135
0.00211952
0.00261044
0.00301902
0.00335849
0.00364033
0.00387436
0.00406886
0.0042307
0.00436557
0.00447814
0.00457226
0.00465109
0.0047173
0.000794633
0.001466
0.00202815
0.0024967
0.00288622
0.00320959
0.00347793
0.00370068
0.00388578
0.00403981
0.00416818
0.00427535
0.00436497
0.00444004
0.00450311
0.000759716
0.00140123
0.0019378
0.00238455
0.00275562
0.00306347
0.00331884
0.0035308
0.00370693
0.00385351
0.00397569
0.00407771
0.00416305
0.00423454
0.00429463
0.000725177
0.00133724
0.00184877
0.00227429
0.00262749
0.00292039
0.00316331
0.00336492
0.00353247
0.00367192
0.00378819
0.0038853
0.00396655
0.00403464
0.00409188
0.000691137
0.00127427
0.0017613
0.00216618
0.00250208
0.00278057
0.00301151
0.0032032
0.00336252
0.00349515
0.00360577
0.00369818
0.00377552
0.00384036
0.00389487
0.000657698
0.00121247
0.00167559
0.00206042
0.00237959
0.00264418
0.0028636
0.00304575
0.00319717
0.00332327
0.00342847
0.00351638
0.00358998
0.00365169
0.00370359
0.000624945
0.00115199
0.00159182
0.0019572
0.00226019
0.00251136
0.00271969
0.00289266
0.00303651
0.00315633
0.00325632
0.00333992
0.00340992
0.00346863
0.00351802
0.000592949
0.00109295
0.00151014
0.00185665
0.002144
0.00238223
0.00257986
0.00274401
0.00288056
0.00299434
0.00308933
0.00316877
0.00323531
0.00329114
0.00333812
0.000561765
0.00103544
0.00143063
0.00175888
0.0020311
0.00225684
0.00244417
0.00259981
0.00272934
0.00283731
0.00292748
0.00300291
0.00306612
0.00311917
0.00316383
0.000531436
0.000979536
0.0013534
0.00166396
0.00192157
0.00213525
0.00231264
0.00246008
0.00258283
0.0026852
0.00277072
0.0028423
0.0029023
0.00295266
0.00299507
0.000501993
0.000925281
0.00127848
0.00157194
0.00181542
0.00201747
0.00218526
0.00232479
0.00244101
0.00253797
0.00261901
0.00268685
0.00274375
0.00279152
0.00283176
0.000473453
0.000872705
0.00120591
0.00148282
0.00171267
0.00190348
0.00206201
0.0021939
0.00230381
0.00239554
0.00247225
0.00253649
0.00259038
0.00263565
0.00267378
0.000445825
0.000821819
0.00113569
0.00139662
0.00161329
0.00179325
0.00194284
0.00206735
0.00217115
0.00225784
0.00233035
0.00239111
0.00244209
0.00248492
0.00252102
0.00041911
0.000772618
0.0010678
0.0013133
0.00151724
0.00168671
0.00182766
0.00194504
0.00204295
0.00212474
0.0021932
0.00225057
0.00229873
0.00233922
0.00237334
0.000393298
0.000725085
0.00100222
0.00123281
0.00142446
0.0015838
0.00171639
0.00182687
0.00191907
0.00199613
0.00206065
0.00211475
0.00216018
0.00219837
0.00223058
0.000368375
0.000679187
0.000938894
0.00115508
0.00133486
0.00148441
0.00160892
0.00171272
0.00179939
0.00187186
0.00193257
0.00198349
0.00202626
0.00206223
0.00209257
0.000344318
0.000634883
0.000877763
0.00108004
0.00124834
0.00138842
0.00150512
0.00160245
0.00168376
0.00175178
0.00180878
0.00185661
0.00189681
0.00193062
0.00195914
0.000321099
0.000592121
0.000818752
0.00100759
0.0011648
0.00129572
0.00140484
0.00149591
0.00157202
0.00163572
0.00168912
0.00173395
0.00177163
0.00180334
0.00183009
0.000298687
0.00055084
0.000761775
0.000937626
0.0010841
0.00120615
0.00130793
0.00139292
0.00146398
0.00152349
0.00157339
0.0016153
0.00165053
0.00168019
0.00170522
0.000277044
0.000510971
0.000706737
0.000870024
0.00100611
0.00111956
0.00121423
0.00129331
0.00135947
0.00141489
0.00146139
0.00150045
0.0015333
0.00156096
0.00158431
0.00025613
0.000472439
0.000653533
0.000804657
0.000930674
0.00103579
0.00112354
0.00119689
0.00125827
0.00130972
0.0013529
0.00138918
0.0014197
0.00144541
0.00146712
0.000235901
0.000435162
0.000602049
0.000741386
0.000857633
0.00095465
0.00103568
0.00110345
0.00116018
0.00120775
0.00124769
0.00128126
0.00130951
0.00133331
0.00135341
0.000216308
0.000399054
0.000552165
0.000680061
0.000786818
0.000875959
0.000950451
0.00101277
0.00106497
0.00110876
0.00114553
0.00117644
0.00120247
0.0012244
0.00124292
0.000197302
0.000364019
0.000503752
0.000620527
0.000718047
0.000799514
0.000867625
0.000924631
0.000972401
0.00101248
0.00104615
0.00107447
0.00109832
0.00111841
0.00113539
0.000178828
0.00032996
0.000456675
0.000562615
0.000651128
0.000725105
0.00078698
0.000838788
0.000882218
0.00091867
0.000949301
0.000975072
0.000996775
0.00101507
0.00103053
0.000160829
0.000296772
0.000410788
0.000506151
0.000585861
0.000652508
0.000708275
0.000754987
0.000794159
0.000827046
0.000854691
0.000877954
0.00089755
0.000914072
0.000928036
0.000143246
0.000264344
0.00036594
0.000450947
0.000522029
0.000581487
0.000631256
0.000672959
0.000707941
0.00073732
0.000762022
0.000782813
0.00080033
0.000815102
0.000827589
0.000126013
0.000232557
0.000321968
0.000396806
0.000459407
0.000511789
0.000555652
0.000592417
0.000623266
0.000649181
0.000670975
0.000689323
0.000704784
0.000717824
0.000728849
0.000109063
0.000201286
0.000278699
0.000343514
0.00039775
0.000443147
0.000481173
0.000513054
0.000539813
0.000562296
0.000581209
0.000597134
0.000610556
0.000621878
0.00063145
9.23207e-05
0.000170396
0.000235947
0.000290846
0.000336797
0.000375271
0.000407506
0.00043454
0.000457235
0.000476308
0.000492355
0.000505869
0.000517261
0.000526871
0.000534998
7.57074e-05
0.000139738
0.000193508
0.000238551
0.000276263
0.000307845
0.000334313
0.000356514
0.000375156
0.000390826
0.000404012
0.000415118
0.000424481
0.000432381
0.000439062
5.91354e-05
0.000109154
0.000151164
0.000186362
0.000215837
0.000240526
0.000261221
0.000278583
0.000293165
0.000305423
0.000315739
0.00032443
0.000331757
0.000337939
0.000343168
4.2507e-05
7.84619e-05
0.000108663
0.000133971
0.000155168
0.000172927
0.000187814
0.000200306
0.000210798
0.00021962
0.000227045
0.000233301
0.000238575
0.000243026
0.000246791
2.57201e-05
4.7471e-05
6.57412e-05
8.10529e-05
9.38784e-05
0.000104624
0.000113634
0.000121195
0.000127546
0.000132886
0.000137381
0.000141168
0.000144362
0.000147057
0.000149336
8.63734e-06
1.5939e-05
2.20718e-05
2.72115e-05
3.15167e-05
3.5124e-05
3.81486e-05
4.06868e-05
4.2819e-05
4.4612e-05
4.61213e-05
4.73929e-05
4.84653e-05
4.93702e-05
5.01358e-05
0.0236516
0.0243637
0.0241323
0.0234936
0.0226739
0.0217432
0.0207454
0.0197166
0.0186801
0.0176488
0.0166301
0.015628
0.0146451
0.0136824
0.0127408
0.0118205
0.010922
0.010046
0.00919345
0.00836584
0.00756502
0.00679334
0.00605351
0.00534859
0.00468178
0.00405631
0.0034752
0.00294108
0.00245597
0.00202114
0.00163692
0.00130271
0.0010169
0.000776966
0.000579582
0.000420802
0.000296249
0.000201328
0.000131428
8.21013e-05
4.92083e-05
2.90262e-05
1.83137e-05
1.43396e-05
1.48788e-05
1.81827e-05
2.2931e-05
2.81736e-05
3.32671e-05
3.78119e-05
4.15942e-05
4.45345e-05
4.66442e-05
4.79917e-05
4.86752e-05
4.88045e-05
4.84882e-05
4.7826e-05
4.69043e-05
4.57957e-05
4.45586e-05
4.3239e-05
4.18723e-05
4.04849e-05
3.90963e-05
3.77206e-05
3.63677e-05
3.50445e-05
3.37559e-05
3.25046e-05
3.12928e-05
3.01214e-05
2.8991e-05
2.79016e-05
2.68529e-05
2.58444e-05
2.48757e-05
2.39457e-05
2.30535e-05
2.21979e-05
2.13773e-05
2.05894e-05
1.98313e-05
1.90987e-05
1.83855e-05
1.76779e-05
1.68607e-05
1.88456e-05
-1.16913e-05
0.000180412
0.0207524
0.0245159
0.0265798
0.0278771
0.0287748
0.02937
0.0297253
0.0298963
0.0299199
0.0298168
0.0295998
0.0292778
0.0288573
0.0283433
0.0277403
0.0270524
0.0262839
0.0254396
0.0245246
0.023545
0.0225076
0.0214202
0.0202914
0.0191309
0.0179491
0.0167572
0.0155667
0.0143893
0.0132366
0.0121197
0.0110487
0.0100324
0.00907821
0.00819163
0.00737631
0.00663393
0.0059643
0.00536554
0.00483429
0.00436607
0.00395556
0.00359698
0.00328434
0.00301176
0.00277364
0.00256484
0.00238077
0.00221742
0.0020714
0.00193987
0.00182052
0.0017115
0.00161131
0.00151879
0.00143303
0.00135328
0.00127897
0.0012096
0.00114477
0.00108412
0.00102733
0.000974134
0.000924255
0.000877456
0.000833511
0.000792213
0.00075337
0.000716805
0.000682356
0.000649872
0.000619219
0.000590272
0.000562919
0.000537055
0.000512588
0.000489431
0.000467506
0.000446739
0.000427063
0.000408413
0.00039073
0.000373952
0.000358016
0.000342856
0.000328396
0.000314383
0.000302699
0.000280553
0.000273685
0.000694153
0.0203564
0.0235536
0.0257143
0.0273512
0.0286853
0.029763
0.0306151
0.0312791
0.0317837
0.0321462
0.0323774
0.0324849
0.0324736
0.0323472
0.0321084
0.0317594
0.0313026
0.0307409
0.0300779
0.0293184
0.0284683
0.027535
0.0265272
0.0254553
0.0243309
0.0231666
0.0219762
0.0207737
0.019573
0.0183879
0.0172309
0.0161134
0.0150447
0.0140324
0.0130818
0.0121959
0.0113759
0.0106209
0.00992862
0.00929547
0.00871711
0.00818871
0.00770525
0.00726179
0.00685368
0.00647666
0.00612695
0.00580128
0.0054969
0.00521148
0.00494314
0.0046903
0.00445171
0.00422631
0.00401323
0.00381173
0.00362113
0.00344086
0.00327036
0.00310913
0.00295667
0.00281251
0.00267621
0.00254731
0.0024254
0.00231008
0.00220096
0.00209769
0.00199992
0.00190732
0.0018196
0.00173646
0.00165765
0.00158291
0.00151202
0.00144476
0.00138093
0.00132034
0.00126282
0.0012082
0.00115632
0.00110702
0.00106014
0.00101551
0.000972924
0.000932109
0.000894646
0.000843857
0.000861762
0.00132553
0.018578
0.0211131
0.0231771
0.0248891
0.0263472
0.0275884
0.0286379
0.0295235
0.0302693
0.0308912
0.0313988
0.031798
0.0320917
0.0322808
0.0323649
0.0323429
0.0322135
0.0319759
0.03163
0.0311769
0.0306189
0.0299601
0.0292065
0.0283659
0.0274478
0.0264635
0.0254258
0.0243485
0.0232461
0.0221331
0.0210237
0.0199313
0.0188677
0.0178431
0.0168657
0.0159413
0.0150737
0.0142646
0.0135137
0.0128194
0.0121787
0.0115876
0.0110419
0.0105368
0.0100679
0.0096307
0.00922121
0.00883588
0.00847162
0.00812586
0.00779646
0.0074817
0.00718023
0.00689098
0.00661312
0.006346
0.00608911
0.00584201
0.00560436
0.00537585
0.00515618
0.00494509
0.00474231
0.00454758
0.00436066
0.00418127
0.00400918
0.00384413
0.00368587
0.00353418
0.0033888
0.00324952
0.00311611
0.00298835
0.00286604
0.00274896
0.00263693
0.00252975
0.00242723
0.00232919
0.00223545
0.00214581
0.00206007
0.00197799
0.00189931
0.00182375
0.00175195
0.00167106
0.00170228
0.0020484
0.0179068
0.0200413
0.0219304
0.0235659
0.0249874
0.0262229
0.0272909
0.0282094
0.0289957
0.0296632
0.0302213
0.0306765
0.031033
0.0312931
0.0314579
0.0315272
0.0315007
0.0313778
0.0311581
0.0308418
0.0304302
0.0299257
0.0293322
0.0286552
0.0279019
0.027081
0.0262029
0.0252793
0.0243226
0.0233458
0.0223618
0.0213833
0.0204217
0.0194871
0.018588
0.0177309
0.0169204
0.016159
0.0154476
0.0147853
0.0141702
0.0135993
0.0130689
0.012575
0.0121137
0.0116809
0.0112731
0.0108868
0.0105194
0.0101682
0.00983135
0.00950715
0.00919433
0.00889188
0.00859901
0.00831512
0.00803974
0.00777251
0.00751313
0.00726135
0.00701694
0.00677972
0.00654949
0.00632609
0.00610935
0.0058991
0.0056952
0.0054975
0.00530586
0.00512014
0.00494021
0.00476595
0.00459724
0.00443397
0.00427603
0.00412331
0.0039757
0.0038331
0.00369541
0.00356252
0.0034343
0.00331062
0.00319132
0.00307619
0.00296497
0.00285739
0.00275351
0.00264763
0.00266782
0.00279536
0.017311
0.0190495
0.0206676
0.0221341
0.0234528
0.0246322
0.0256789
0.0266007
0.0274064
0.0281042
0.0287009
0.0292012
0.0296085
0.0299251
0.030152
0.0302896
0.0303377
0.030296
0.0301644
0.0299431
0.0296332
0.0292365
0.0287563
0.0281969
0.0275642
0.0268656
0.0261097
0.0253066
0.0244669
0.0236022
0.0227241
0.0218439
0.0209725
0.0201195
0.0192932
0.0185006
0.0177465
0.0170343
0.0163656
0.0157407
0.0151585
0.0146168
0.0141127
0.0136431
0.0132043
0.0127929
0.0124054
0.0120387
0.0116901
0.0113569
0.0110372
0.0107293
0.0104318
0.0101435
0.00986354
0.00959127
0.00932614
0.00906771
0.00881565
0.00856969
0.00832959
0.00809514
0.00786619
0.00764257
0.00742413
0.00721075
0.00700231
0.00679869
0.0065998
0.00640556
0.00621588
0.00603068
0.00584992
0.00567354
0.00550148
0.00533371
0.00517019
0.00501088
0.00485575
0.00470476
0.00455786
0.00441496
0.00427598
0.00414075
0.00400901
0.00388053
0.00375523
0.00363302
0.00362433
0.00350551
0.0168477
0.0183139
0.0197262
0.0210512
0.0222751
0.0233932
0.0244041
0.025309
0.0261112
0.0268146
0.0274232
0.0279401
0.0283679
0.0287082
0.0289623
0.0291306
0.0292135
0.0292112
0.029124
0.0289524
0.0286977
0.0283619
0.0279479
0.0274598
0.0269028
0.0262834
0.0256093
0.0248892
0.0241327
0.0233499
0.0225514
0.0217473
0.0209477
0.0201616
0.0193968
0.0186601
0.0179565
0.0172897
0.0166617
0.0160733
0.0155239
0.015012
0.0145355
0.0140914
0.0136768
0.0132885
0.0129234
0.0125785
0.0122513
0.0119393
0.0116406
0.0113533
0.0110761
0.0108079
0.0105476
0.0102945
0.0100481
0.00980778
0.00957322
0.00934407
0.00912005
0.0089009
0.00868642
0.0084764
0.00827066
0.00806904
0.0078714
0.0076776
0.00748753
0.00730108
0.00711816
0.0069387
0.00676263
0.00658991
0.00642048
0.00625433
0.00609142
0.00593175
0.0057753
0.00562206
0.00547199
0.00532507
0.00518119
0.00504022
0.00490191
0.00476598
0.0046324
0.00450327
0.00445978
0.00412708
0.0164297
0.0176813
0.0189088
0.0200856
0.0211948
0.022227
0.0231767
0.0240409
0.024819
0.0255115
0.0261194
0.0266441
0.0270865
0.0274473
0.0277271
0.0279261
0.0280443
0.0280818
0.028039
0.0279164
0.027715
0.0274368
0.0270843
0.0266612
0.0261721
0.0256228
0.0250201
0.0243718
0.0236865
0.0229732
0.0222416
0.021501
0.0207606
0.0200288
0.0193133
0.0186206
0.0179557
0.0173227
0.0167239
0.0161607
0.015633
0.01514
0.0146801
0.0142512
0.0138505
0.0134755
0.0131234
0.0127915
0.0124774
0.0121789
0.011894
0.011621
0.0113585
0.0111053
0.0108603
0.0106229
0.0103924
0.0101681
0.00994965
0.00973663
0.00952871
0.00932557
0.00912696
0.00893263
0.00874235
0.00855592
0.00837314
0.00819385
0.00801788
0.00784509
0.00767537
0.00750859
0.00734467
0.00718351
0.00702507
0.00686927
0.00671608
0.00656546
0.00641739
0.00627183
0.00612875
0.00598809
0.00584976
0.00571359
0.0055793
0.00544652
0.00531514
0.0051866
0.00511191
0.00463253
0.0160426
0.0171275
0.0182041
0.0192525
0.0202574
0.0212077
0.0220955
0.0229153
0.0236636
0.0243384
0.0249385
0.0254634
0.0259128
0.0262864
0.026584
0.0268056
0.0269508
0.0270197
0.0270125
0.0269296
0.0267721
0.0265416
0.0262405
0.025872
0.0254404
0.0249506
0.0244089
0.0238221
0.023198
0.0225448
0.021871
0.0211854
0.0204964
0.0198118
0.0191391
0.0184843
0.0178527
0.0172484
0.0166741
0.0161314
0.015621
0.0151424
0.0146947
0.014276
0.0138844
0.0135175
0.013173
0.0128485
0.0125417
0.0122506
0.0119734
0.0117085
0.0114544
0.01121
0.0109743
0.0107465
0.0105259
0.010312
0.0101042
0.00990214
0.00970547
0.00951386
0.009327
0.00914463
0.00896649
0.00879235
0.00862199
0.00845521
0.00829183
0.00813167
0.00797457
0.00782039
0.00766901
0.00752031
0.00737419
0.00723056
0.00708936
0.00695052
0.00681397
0.00667967
0.00654755
0.00641752
0.00628945
0.00616315
0.00603827
0.00591433
0.00579094
0.00566741
0.00556984
0.00501931
0.0156717
0.016622
0.0175718
0.0185064
0.019413
0.0202808
0.0211018
0.0218692
0.0225783
0.0232254
0.023808
0.0243242
0.0247726
0.0251521
0.0254618
0.0257011
0.0258693
0.0259662
0.0259916
0.0259459
0.0258299
0.0256449
0.025393
0.025077
0.0247004
0.0242678
0.0237846
0.0232569
0.0226916
0.022096
0.0214779
0.0208452
0.0202057
0.0195667
0.0189351
0.0183169
0.0177173
0.0171404
0.0165891
0.0160656
0.0155707
0.0151046
0.0146668
0.014256
0.0138706
0.0135087
0.0131684
0.0128475
0.0125441
0.0122563
0.0119825
0.0117211
0.0114707
0.0112304
0.010999
0.0107759
0.0105603
0.0103517
0.0101496
0.0099535
0.00976312
0.00957808
0.00939811
0.00922291
0.00905224
0.00888585
0.00872351
0.00856502
0.00841019
0.00825882
0.00811075
0.00796582
0.0078239
0.00768484
0.00754854
0.00741488
0.00728378
0.00715515
0.00702891
0.00690498
0.00678328
0.00666369
0.00654606
0.00643014
0.00631555
0.00620169
0.00608775
0.00597064
0.00585896
0.00530187
0.0153109
0.0161509
0.0169943
0.0178303
0.0186486
0.0194399
0.0201962
0.020911
0.0215787
0.0221949
0.0227559
0.023259
0.0237019
0.0240828
0.0244
0.0246525
0.0248392
0.0249595
0.0250131
0.0250001
0.0249209
0.0247767
0.0245691
0.0243006
0.0239742
0.023594
0.0231646
0.0226915
0.0221808
0.0216389
0.0210731
0.0204903
0.0198977
0.0193022
0.0187102
0.0181275
0.0175591
0.0170091
0.0164807
0.0159762
0.015497
0.0150435
0.0146156
0.0142126
0.0138332
0.0134761
0.0131393
0.0128214
0.0125204
0.0122347
0.0119627
0.0117032
0.0114547
0.0112164
0.0109871
0.0107663
0.0105531
0.0103471
0.0101477
0.00995459
0.00976733
0.00958562
0.00940917
0.0092377
0.00907096
0.00890872
0.00875078
0.00859691
0.00844693
0.00830067
0.00815795
0.00801863
0.00788255
0.00774961
0.00761966
0.00749262
0.00736838
0.00724684
0.00712794
0.00701157
0.00689765
0.00678606
0.00667662
0.00656907
0.006463
0.00635768
0.0062519
0.00614062
0.00602165
0.00550246
0.0149562
0.0157039
0.016457
0.0172073
0.0179466
0.018667
0.0193615
0.0200238
0.0206482
0.0212301
0.0217653
0.0222505
0.0226829
0.0230599
0.0233798
0.0236407
0.0238413
0.0239808
0.0240585
0.0240741
0.024028
0.0239209
0.0237541
0.0235296
0.0232502
0.0229191
0.0225405
0.0221191
0.0216603
0.0211699
0.0206543
0.0201199
0.0195731
0.0190203
0.0184676
0.0179203
0.0173834
0.0168609
0.0163562
0.0158716
0.0154089
0.014969
0.0145519
0.0141575
0.0137848
0.0134327
0.0131
0.012785
0.0124864
0.0122026
0.0119323
0.0116741
0.0114269
0.0111898
0.0109618
0.0107422
0.0105303
0.0103256
0.0101276
0.00993599
0.00975029
0.00957023
0.00939551
0.00922588
0.00906109
0.00890092
0.00874517
0.00859364
0.00844615
0.00830253
0.00816262
0.00802629
0.00789339
0.00776382
0.00763746
0.0075142
0.00739397
0.00727667
0.00716224
0.00705058
0.00694161
0.00683522
0.00673122
0.00662937
0.00652922
0.00642996
0.00633005
0.00622319
0.00610149
0.00564389
0.0146056
0.0152751
0.0159509
0.0166266
0.0172957
0.0179518
0.0185887
0.0192006
0.0197823
0.0203291
0.0208367
0.0213015
0.0217203
0.0220903
0.0224092
0.0226749
0.0228859
0.0230409
0.0231389
0.0231795
0.0231626
0.0230887
0.0229589
0.0227746
0.0225382
0.0222524
0.0219209
0.0215477
0.0211376
0.0206958
0.0202278
0.0197394
0.0192365
0.018725
0.0182105
0.017698
0.0171923
0.0166975
0.0162167
0.0157527
0.0153073
0.0148817
0.0144764
0.0140914
0.0137262
0.0133801
0.013052
0.0127407
0.012445
0.0121635
0.011895
0.0116384
0.0113927
0.0111567
0.0109299
0.0107114
0.0105006
0.0102969
0.0101
0.00990935
0.00972468
0.00954565
0.00937199
0.00920343
0.00903974
0.00888072
0.00872615
0.00857586
0.00842967
0.00828743
0.00814899
0.00801421
0.00788297
0.00775517
0.0076307
0.00750947
0.00739141
0.00727644
0.0071645
0.00705551
0.00694939
0.00684604
0.00674531
0.00664693
0.00655046
0.00645505
0.00635892
0.00625518
0.0061337
0.00574514
0.0142577
0.0148603
0.0154693
0.0160798
0.0166867
0.0172846
0.0178682
0.0184326
0.0189729
0.0194846
0.0199635
0.020406
0.0208087
0.0211687
0.0214834
0.0217505
0.0219682
0.0221349
0.0222495
0.0223113
0.0223199
0.0222756
0.022179
0.0220312
0.0218343
0.0215904
0.0213026
0.0209745
0.0206102
0.0202141
0.0197914
0.0193471
0.0188866
0.0184152
0.0179381
0.01746
0.0169855
0.0165185
0.0160623
0.0156195
0.0151923
0.014782
0.0143894
0.0140149
0.0136582
0.013319
0.0129964
0.0126896
0.0123974
0.0121188
0.0118527
0.0115981
0.011354
0.0111196
0.010894
0.0106767
0.0104671
0.0102645
0.0100685
0.00987888
0.00969513
0.00951699
0.00934418
0.00917646
0.0090136
0.00885539
0.00870165
0.00855218
0.00840682
0.00826544
0.00812787
0.00799401
0.00786374
0.00773694
0.00761354
0.00749345
0.00737661
0.00726294
0.00715239
0.0070449
0.00694041
0.00683882
0.00673999
0.00664367
0.00654943
0.00645638
0.00636262
0.00626127
0.00614204
0.00581974
0.013912
0.0144566
0.0150075
0.0155609
0.0161125
0.016658
0.0171931
0.0177132
0.018214
0.0186915
0.0191418
0.0195612
0.0199464
0.0202944
0.0206024
0.0208682
0.0210897
0.0212651
0.0213931
0.0214727
0.0215034
0.0214852
0.0214182
0.0213036
0.0211425
0.020937
0.0206896
0.0204034
0.0200818
0.0197288
0.0193488
0.0189464
0.0185264
0.0180937
0.0176528
0.0172085
0.0167648
0.0163256
0.0158941
0.015473
0.0150646
0.0146703
0.0142913
0.0139281
0.0135809
0.0132493
0.0129331
0.0126314
0.0123434
0.0120683
0.0118051
0.0115529
0.0113109
0.0110783
0.0108544
0.0106386
0.0104303
0.0102289
0.0100341
0.00984553
0.00966278
0.00948559
0.00931368
0.00914681
0.00898476
0.00882733
0.00867434
0.0085256
0.00838096
0.00824027
0.00810341
0.00797025
0.00784069
0.00771462
0.00759197
0.00747265
0.00735662
0.0072438
0.00713416
0.00702764
0.00692418
0.00682371
0.00672609
0.0066311
0.00653831
0.00644683
0.00635475
0.00625559
0.00614018
0.00587635
0.0135681
0.0140621
0.0145622
0.0150652
0.0155678
0.0160663
0.016557
0.0170362
0.0175
0.0179448
0.0183669
0.0187629
0.0191297
0.0194642
0.0197638
0.020026
0.0202486
0.0204298
0.0205682
0.0206626
0.0207121
0.0207166
0.020676
0.0205909
0.0204623
0.0202919
0.0200816
0.0198341
0.0195523
0.0192396
0.0188999
0.0185373
0.018156
0.0177604
0.0173548
0.0169434
0.0165301
0.0161185
0.0157119
0.0153129
0.0149238
0.0145463
0.0141817
0.0138307
0.0134937
0.0131708
0.0128616
0.0125659
0.0122828
0.0120118
0.0117521
0.0115028
0.0112634
0.011033
0.0108111
0.010597
0.0103903
0.0101904
0.00999692
0.00980956
0.00962796
0.00945184
0.00928093
0.009115
0.00895383
0.00879724
0.00864503
0.00849705
0.00835313
0.00821315
0.00807697
0.00794448
0.00781558
0.00769017
0.00756818
0.00744953
0.00733418
0.00722207
0.00711315
0.0070074
0.00690475
0.00680514
0.00670846
0.00661448
0.00652281
0.00643259
0.00634197
0.00624517
0.00613476
0.00592013
0.013226
0.0136756
0.0141309
0.0145894
0.0150482
0.0155045
0.015955
0.0163966
0.016826
0.0172398
0.0176347
0.0180077
0.0183558
0.018676
0.0189657
0.0192225
0.0194442
0.0196289
0.0197751
0.0198813
0.0199468
0.0199708
0.0199534
0.0198947
0.0197954
0.0196568
0.0194806
0.0192687
0.0190237
0.0187487
0.0184469
0.0181218
0.0177773
0.0174173
0.0170456
0.0166662
0.0162827
0.0158986
0.0155168
0.0151401
0.0147708
0.0144106
0.014061
0.0137229
0.0133969
0.0130833
0.0127821
0.0124929
0.0122155
0.0119492
0.0116935
0.0114477
0.0112112
0.0109835
0.0107639
0.0105518
0.0103469
0.0101487
0.00995681
0.00977087
0.00959059
0.00941568
0.0092459
0.00908103
0.00892086
0.00876519
0.00861386
0.00846671
0.00832359
0.00818437
0.00804892
0.00791713
0.00778892
0.00766419
0.00754286
0.00742488
0.0073102
0.00719877
0.00709055
0.00698551
0.00688362
0.0067848
0.00668897
0.00659592
0.00650529
0.00641627
0.00632714
0.00623301
0.00612846
0.00595409
0.0128856
0.0132961
0.0137118
0.0141307
0.0145505
0.0149689
0.015383
0.0157902
0.0161877
0.0165724
0.0169415
0.0172921
0.0176215
0.0179269
0.0182058
0.0184559
0.018675
0.0188612
0.0190128
0.0191284
0.019207
0.0192478
0.0192506
0.0192152
0.0191422
0.0190323
0.018887
0.0187078
0.018497
0.0182569
0.0179904
0.0177007
0.0173911
0.017065
0.016726
0.0163776
0.0160233
0.0156661
0.015309
0.0149547
0.0146054
0.014263
0.013929
0.0136045
0.0132902
0.0129867
0.0126941
0.0124123
0.0121411
0.0118801
0.011629
0.0113872
0.0111542
0.0109294
0.0107125
0.0105028
0.0103001
0.0101038
0.00991366
0.00972934
0.00955055
0.00937703
0.00920853
0.00904485
0.00888579
0.00873116
0.00858081
0.00843458
0.00829233
0.00815394
0.00801929
0.00788827
0.0077608
0.00763679
0.00751618
0.0073989
0.00728492
0.0071742
0.0070667
0.0069624
0.00686126
0.00676325
0.00666828
0.00657617
0.00648659
0.00639882
0.00631134
0.00622021
0.00612203
0.00598013
0.0125471
0.0129228
0.0133034
0.0136871
0.0140721
0.0144563
0.0148375
0.0152133
0.0155814
0.015939
0.0162837
0.0166129
0.0169239
0.0172145
0.0174821
0.0177245
0.0179396
0.0181255
0.0182806
0.0184034
0.0184927
0.0185477
0.0185679
0.0185531
0.0185034
0.0184194
0.0183021
0.0181528
0.0179733
0.0177656
0.0175321
0.0172755
0.0169988
0.016705
0.0163973
0.0160788
0.0157527
0.015422
0.0150894
0.0147574
0.0144283
0.014104
0.0137861
0.0134757
0.0131738
0.012881
0.0125976
0.0123238
0.0120595
0.0118045
0.0115585
0.0113211
0.011092
0.0108707
0.0106568
0.0104498
0.0102495
0.0100554
0.00986731
0.00968483
0.00950772
0.00933575
0.00916869
0.00900634
0.00884852
0.00869505
0.00854579
0.00840058
0.00825929
0.00812182
0.00798804
0.00785786
0.00773119
0.00760797
0.00748812
0.0073716
0.00725837
0.0071484
0.00704165
0.00693813
0.0068378
0.00674063
0.00664655
0.00655542
0.00646695
0.00638053
0.00629489
0.00620702
0.00611544
0.00599951
0.0122107
0.0125555
0.0129047
0.0132569
0.0136107
0.0139642
0.0143156
0.0146629
0.0150039
0.0153364
0.0156582
0.015967
0.0162604
0.0165362
0.0167922
0.0170262
0.0172363
0.0174207
0.0175776
0.0177056
0.0178035
0.0178704
0.0179055
0.0179085
0.0178794
0.0178186
0.0177265
0.0176044
0.0174536
0.0172757
0.0170728
0.0168473
0.0166015
0.0163383
0.0160604
0.0157707
0.015472
0.015167
0.0148585
0.0145487
0.0142399
0.0139339
0.0136323
0.0133366
0.0130475
0.012766
0.0124925
0.0122273
0.0119705
0.011722
0.0114817
0.0112493
0.0110245
0.010807
0.0105965
0.0103926
0.010195
0.0100035
0.00981759
0.00963717
0.00946195
0.00929171
0.00912625
0.00896539
0.00880894
0.00865676
0.00850869
0.00836461
0.00822439
0.00808791
0.00795509
0.00782582
0.00770004
0.00757766
0.00745865
0.00734294
0.00723051
0.00712134
0.0070154
0.0069127
0.00681321
0.00671693
0.0066238
0.00653371
0.00644644
0.00636147
0.00627782
0.00619343
0.00610842
0.00601319
0.0118766
0.0121937
0.0125148
0.0128389
0.0131646
0.0134905
0.0138149
0.0141362
0.0144524
0.0147618
0.0150622
0.0153518
0.0156283
0.0158897
0.016134
0.0163593
0.0165637
0.0167453
0.0169027
0.0170343
0.0171389
0.0172154
0.0172632
0.0172817
0.0172708
0.0172304
0.0171611
0.0170636
0.0169389
0.0167884
0.0166139
0.0164171
0.0162004
0.015966
0.0157164
0.0154542
0.0151819
0.014902
0.014617
0.0143292
0.0140405
0.013753
0.0134681
0.0131873
0.0129116
0.0126419
0.0123789
0.0121228
0.011874
0.0116326
0.0113984
0.0111715
0.0109515
0.0107383
0.0105316
0.0103311
0.0101366
0.00994773
0.00976436
0.00958622
0.0094131
0.00924478
0.0090811
0.00892187
0.00876694
0.00861617
0.00846943
0.00832658
0.00818752
0.00805215
0.00792037
0.0077921
0.00766726
0.00754581
0.00742768
0.00731285
0.00720128
0.00709297
0.00698789
0.00688606
0.00678747
0.00669213
0.0066
0.00651102
0.00642501
0.0063416
0.0062601
0.00617929
0.00610067
0.00602192
0.0115449
0.0118372
0.0121332
0.012432
0.0127325
0.0130334
0.0133334
0.013631
0.0139246
0.0142126
0.0144933
0.0147647
0.0150251
0.0152727
0.0155055
0.0157218
0.0159199
0.016098
0.0162547
0.0163885
0.0164981
0.0165825
0.016641
0.0166728
0.0166776
0.0166554
0.0166063
0.0165309
0.01643
0.0163046
0.0161561
0.0159862
0.0157965
0.0155892
0.0153664
0.0151304
0.0148835
0.0146278
0.0143658
0.0140995
0.0138309
0.0135617
0.0132937
0.0130281
0.0127661
0.0125087
0.0122565
0.0120102
0.0117699
0.0115361
0.0113086
0.0110876
0.0108728
0.0106643
0.0104617
0.010265
0.0100738
0.00988805
0.00970745
0.00953184
0.00936102
0.00919482
0.00903309
0.00887567
0.00872241
0.00857319
0.00842789
0.0082864
0.00814861
0.00801444
0.00788379
0.0077566
0.0076328
0.00751233
0.00739517
0.00728128
0.00717063
0.00706323
0.00695906
0.00685816
0.00676052
0.00666617
0.00657511
0.00648729
0.00640262
0.00632087
0.00624164
0.00616447
0.00609191
0.00602628
0.0112159
0.0114859
0.0117593
0.0120354
0.0123131
0.0125915
0.0128694
0.0131454
0.0134184
0.0136867
0.013949
0.0142036
0.0144488
0.0146831
0.0149047
0.015112
0.0153035
0.0154774
0.0156325
0.0157672
0.0158805
0.0159712
0.0160384
0.0160816
0.0161001
0.0160938
0.0160627
0.0160072
0.0159278
0.0158252
0.0157006
0.0155554
0.0153909
0.015209
0.0150115
0.0148003
0.0145776
0.0143453
0.0141056
0.0138604
0.0136115
0.0133606
0.0131094
0.0128593
0.0126113
0.0123665
0.0121256
0.0118894
0.0116582
0.0114324
0.0112121
0.0109974
0.0107883
0.0105849
0.0103868
0.0101942
0.0100067
0.00982427
0.00964671
0.00947386
0.00930557
0.0091417
0.00898211
0.00882666
0.00867523
0.00852771
0.00838399
0.00824397
0.00810756
0.00797469
0.00784527
0.00771925
0.00759656
0.00747717
0.00736104
0.00724815
0.00713849
0.00703205
0.00692887
0.00682894
0.00673231
0.00663901
0.00654906
0.00646248
0.00637923
0.00629922
0.00622235
0.0061488
0.00608192
0.00602674
0.0108898
0.0111397
0.0113928
0.0116483
0.0119055
0.0121635
0.0124213
0.0126778
0.0129319
0.0131822
0.0134275
0.0136663
0.0138973
0.0141189
0.0143297
0.0145281
0.0147127
0.0148821
0.0150348
0.0151696
0.0152853
0.0153808
0.0154553
0.0155079
0.0155382
0.0155459
0.0155307
0.0154929
0.0154328
0.0153509
0.0152482
0.0151257
0.0149846
0.0148263
0.0146525
0.0144649
0.0142652
0.0140554
0.0138372
0.0136124
0.0133829
0.0131502
0.0129158
0.0126811
0.0124473
0.0122154
0.0119862
0.0117605
0.0115388
0.0113214
0.0111087
0.0109008
0.0106978
0.0104998
0.0103067
0.0101185
0.00993504
0.00975624
0.00958198
0.00941215
0.00924662
0.00908528
0.00892802
0.00877472
0.00862528
0.0084796
0.0083376
0.00819918
0.00806428
0.00793281
0.00780472
0.00767996
0.00755847
0.00744023
0.00732521
0.00721339
0.00710478
0.00699939
0.00689723
0.00679835
0.00670278
0.00661059
0.00652182
0.00643653
0.00635476
0.00627657
0.00620212
0.00613215
0.00607052
0.00602369
0.0105668
0.0107986
0.0110332
0.0112703
0.0115089
0.0117485
0.011988
0.0122267
0.0124635
0.0126973
0.0129269
0.0131512
0.0133688
0.0135784
0.0137788
0.0139685
0.0141462
0.0143107
0.0144605
0.0145945
0.0147116
0.0148107
0.014891
0.0149516
0.0149919
0.0150117
0.0150105
0.0149884
0.0149456
0.0148825
0.0147997
0.014698
0.0145784
0.0144421
0.0142905
0.0141251
0.0139473
0.0137588
0.0135613
0.0133565
0.0131458
0.0129309
0.0127132
0.012494
0.0122745
0.0120557
0.0118385
0.0116236
0.0114117
0.0112032
0.0109985
0.0107978
0.0106013
0.0104091
0.0102213
0.0100378
0.00985868
0.0096838
0.00951312
0.00934656
0.00918402
0.00902543
0.00887069
0.00871972
0.00857244
0.00842876
0.00828862
0.00815194
0.00801865
0.00788871
0.00776206
0.00763865
0.00751846
0.00740145
0.00728761
0.00717695
0.00706946
0.00696516
0.0068641
0.00676632
0.00667187
0.00658084
0.00649331
0.00640937
0.00632916
0.00625285
0.00618086
0.00611436
0.00605755
0.00601743
0.0102471
0.0104624
0.0106805
0.0109007
0.0111226
0.0113454
0.0115684
0.0117909
0.0120119
0.0122305
0.0124457
0.0126564
0.0128616
0.0130599
0.0132504
0.0134316
0.0136025
0.0137618
0.0139083
0.014041
0.0141586
0.0142603
0.0143451
0.0144122
0.0144611
0.0144913
0.0145023
0.0144942
0.0144668
0.0144205
0.0143558
0.0142731
0.0141733
0.0140574
0.0139265
0.0137818
0.0136247
0.0134565
0.0132789
0.0130932
0.0129009
0.0127035
0.0125022
0.0122984
0.0120932
0.0118876
0.0116825
0.0114788
0.011277
0.0110777
0.0108813
0.0106882
0.0104985
0.0103126
0.0101304
0.009952
0.00977749
0.00960683
0.00944
0.00927695
0.00911764
0.00896201
0.00881
0.00866155
0.0085166
0.00837508
0.00823694
0.00810213
0.00797059
0.00784229
0.00771718
0.00759523
0.00747642
0.00736074
0.00724817
0.00713873
0.00703243
0.00692931
0.00682941
0.00673278
0.00663952
0.00654971
0.00646347
0.00638096
0.00630235
0.00622798
0.00615847
0.00609532
0.00604289
0.00600817
0.00993086
0.0101313
0.0103343
0.0105393
0.0107459
0.0109536
0.0111616
0.0113692
0.0115758
0.0117805
0.0119824
0.0121806
0.0123741
0.0125619
0.0127429
0.0129161
0.0130802
0.0132343
0.0133772
0.0135079
0.0136254
0.0137287
0.013817
0.0138895
0.0139455
0.0139846
0.0140063
0.0140104
0.0139967
0.0139655
0.013917
0.0138517
0.01377
0.0136729
0.0135612
0.0134359
0.0132982
0.0131494
0.0129907
0.0128234
0.0126489
0.0124684
0.0122833
0.0120947
0.0119037
0.0117114
0.0115186
0.0113262
0.0111348
0.010945
0.0107573
0.010572
0.0103896
0.0102101
0.0100339
0.00986092
0.00969134
0.00952518
0.00936247
0.0092032
0.00904735
0.0088949
0.00874583
0.00860008
0.00845763
0.00831844
0.00818246
0.00804966
0.00792
0.00779346
0.00767
0.00754962
0.0074323
0.00731802
0.00720681
0.00709867
0.00699364
0.00689176
0.00679308
0.00669768
0.00660566
0.00651714
0.00643225
0.00635121
0.00627427
0.00620187
0.00613483
0.00607489
0.00602643
0.00599609
0.00961827
0.00980521
0.00999451
0.0101858
0.0103785
0.0105723
0.0107666
0.0109608
0.0111542
0.0113462
0.0115359
0.0117225
0.0119052
0.012083
0.0122551
0.0124204
0.012578
0.0127268
0.0128659
0.0129943
0.0131111
0.0132153
0.0133062
0.013383
0.0134449
0.0134916
0.0135224
0.0135372
0.0135357
0.013518
0.0134841
0.0134344
0.0133693
0.0132894
0.0131954
0.0130882
0.0129688
0.0128381
0.0126974
0.0125477
0.0123903
0.0122264
0.012057
0.0118834
0.0117066
0.0115275
0.011347
0.011166
0.0109852
0.0108051
0.0106263
0.0104493
0.0102743
0.0101017
0.00993172
0.00976448
0.00960013
0.00943876
0.00928042
0.00912517
0.00897302
0.00882398
0.00867804
0.0085352
0.00839543
0.00825872
0.00812506
0.00799441
0.00786677
0.00774211
0.00762043
0.00750172
0.00738598
0.00727321
0.00716344
0.00705669
0.00695301
0.00685243
0.00675505
0.00666094
0.00657023
0.00648305
0.00639958
0.00632006
0.00624483
0.00617444
0.00610984
0.00605296
0.00600809
0.00598133
0.00930952
0.00948417
0.00966103
0.00983973
0.0100199
0.0102011
0.0103829
0.0105648
0.0107462
0.0109264
0.0111048
0.0112808
0.0114534
0.011622
0.0117856
0.0119435
0.0120947
0.0122383
0.0123735
0.0124993
0.0126149
0.0127194
0.0128121
0.0128921
0.0129589
0.013012
0.0130507
0.0130748
0.0130839
0.0130782
0.0130574
0.0130218
0.0129718
0.0129077
0.0128301
0.0127396
0.0126372
0.0125236
0.0123999
0.012267
0.012126
0.011978
0.011824
0.011665
0.0115021
0.0113361
0.011168
0.0109985
0.0108284
0.0106582
0.0104886
0.01032
0.0101528
0.00998732
0.00982385
0.00966261
0.00950376
0.00934744
0.00919375
0.00904276
0.00889454
0.00874912
0.00860653
0.00846678
0.00832987
0.00819583
0.00806463
0.00793629
0.0078108
0.00768816
0.00756837
0.00745144
0.00733739
0.00722623
0.00711799
0.00701271
0.00691045
0.00681126
0.00671525
0.0066225
0.00653315
0.00644737
0.00636537
0.00628743
0.00621396
0.00614558
0.0060834
0.00602942
0.00598777
0.00596396
0.00900476
0.00916822
0.00933374
0.00950101
0.00966971
0.00983947
0.0100099
0.0101805
0.0103508
0.0105203
0.0106884
0.0108544
0.0110177
0.0111776
0.0113334
0.0114842
0.0116292
0.0117677
0.0118989
0.0120219
0.0121359
0.0122402
0.012334
0.0124165
0.0124873
0.0125456
0.012591
0.0126231
0.0126417
0.0126464
0.0126374
0.0126145
0.0125781
0.0125283
0.0124658
0.0123908
0.0123042
0.0122067
0.0120989
0.011982
0.0118566
0.0117239
0.0115847
0.01144
0.0112907
0.0111377
0.0109819
0.0108239
0.0106646
0.0105045
0.0103442
0.0101842
0.010025
0.0098669
0.00971023
0.00955525
0.00940216
0.00925114
0.00910234
0.00895587
0.0088118
0.00867022
0.00853118
0.00839471
0.00826086
0.00812964
0.00800107
0.00787519
0.00775199
0.00763149
0.00751372
0.00739869
0.00728643
0.00717698
0.00707036
0.00696665
0.00686589
0.00676817
0.00667359
0.00658226
0.00649435
0.00641003
0.00632956
0.00625325
0.00618156
0.00611522
0.00605539
0.00600416
0.00596541
0.00594405
0.00870416
0.00885741
0.00901258
0.00916943
0.00932765
0.00948695
0.00964695
0.00980727
0.00996748
0.0101271
0.0102856
0.0104425
0.0105972
0.010749
0.0108972
0.0110413
0.0111805
0.011314
0.0114411
0.0115612
0.0116733
0.0117769
0.0118713
0.0119556
0.0120295
0.0120922
0.0121432
0.0121823
0.0122089
0.012223
0.0122243
0.0122128
0.0121887
0.012152
0.0121032
0.0120425
0.0119705
0.0118879
0.0117952
0.0116933
0.0115828
0.0114648
0.0113398
0.011209
0.011073
0.0109328
0.010789
0.0106425
0.010494
0.010344
0.0101932
0.010042
0.009891
0.00974049
0.00959084
0.00944235
0.00929527
0.0091498
0.00900613
0.00886438
0.0087247
0.00858717
0.00845188
0.00831889
0.00818827
0.00806005
0.00793428
0.007811
0.00769023
0.00757201
0.00745638
0.00734337
0.00723302
0.00712537
0.00702048
0.00691841
0.00681924
0.00672307
0.00663
0.00654017
0.00645375
0.00637096
0.00629206
0.00621742
0.00614756
0.00608324
0.00602572
0.00597707
0.00594094
0.00592163
0.00840787
0.00855178
0.0086975
0.00884482
0.00899347
0.00914319
0.00929366
0.00944455
0.00959548
0.00974603
0.00989576
0.0100442
0.0101908
0.010335
0.0104763
0.010614
0.0107475
0.0108762
0.0109993
0.0111163
0.0112264
0.011329
0.0114234
0.011509
0.0115852
0.0116514
0.0117072
0.0117522
0.0117859
0.011808
0.0118185
0.0118172
0.0118041
0.0117792
0.0117429
0.0116953
0.0116369
0.0115681
0.0114895
0.0114017
0.0113053
0.0112012
0.01109
0.0109725
0.0108495
0.0107217
0.0105899
0.0104547
0.0103169
0.0101771
0.0100358
0.00989356
0.00975087
0.00960813
0.0094657
0.00932392
0.00918306
0.00904336
0.00890503
0.00876824
0.00863315
0.00849988
0.00836854
0.00823922
0.008112
0.00798695
0.00786414
0.00774361
0.00762543
0.00750963
0.00739626
0.00728539
0.00717705
0.00707131
0.00696824
0.00686792
0.00677043
0.00667587
0.00658439
0.00649613
0.00641127
0.00633006
0.00625279
0.00617987
0.00611185
0.00604955
0.00599427
0.00594805
0.00591428
0.0058967
0.00811603
0.00825139
0.00838846
0.00852705
0.00866693
0.00880788
0.00894962
0.00909185
0.00923425
0.00937645
0.00951806
0.00965866
0.00979779
0.00993496
0.0100697
0.0102014
0.0103295
0.0104535
0.0105727
0.0106865
0.0107944
0.0108957
0.0109897
0.011076
0.011154
0.011223
0.0112828
0.0113327
0.0113724
0.0114017
0.0114202
0.0114279
0.0114247
0.0114105
0.0113855
0.0113498
0.0113038
0.0112479
0.0111824
0.0111078
0.0110248
0.0109339
0.0108357
0.0107311
0.0106206
0.0105049
0.0103848
0.0102608
0.0101336
0.0100039
0.00987219
0.00973896
0.00960472
0.00946988
0.00933484
0.00919995
0.00906551
0.00893178
0.008799
0.00866737
0.00853707
0.00840825
0.00828105
0.00815559
0.00803196
0.00791025
0.00779056
0.00767294
0.00755748
0.00744423
0.00733326
0.00722464
0.00711844
0.00701472
0.00691357
0.00681508
0.00671935
0.0066265
0.00653668
0.00645006
0.00636683
0.00628726
0.00621167
0.00614049
0.00607433
0.00601405
0.00596094
0.005917
0.00588537
0.00586927
0.0078288
0.0079563
0.00808543
0.00821602
0.00834786
0.00848076
0.00861448
0.00874875
0.0088833
0.00901779
0.0091519
0.00928525
0.00941743
0.00954803
0.00967657
0.00980259
0.00992558
0.010045
0.0101604
0.0102711
0.0103766
0.0104763
0.0105697
0.0106563
0.0107355
0.0108067
0.0108696
0.0109237
0.0109686
0.011004
0.0110296
0.0110452
0.0110508
0.0110461
0.0110314
0.0110066
0.010972
0.0109279
0.0108745
0.0108123
0.0107418
0.0106634
0.0105777
0.0104853
0.0103868
0.0102829
0.0101741
0.0100611
0.00994451
0.00982482
0.00970262
0.00957841
0.00945268
0.00932585
0.00919833
0.00907048
0.00894262
0.00881504
0.008688
0.00856172
0.0084364
0.00831223
0.00818935
0.00806792
0.00794805
0.00782985
0.00771343
0.00759888
0.00748628
0.00737572
0.00726728
0.00716104
0.00705708
0.00695549
0.00685636
0.0067598
0.00666593
0.00657487
0.00648679
0.00640187
0.00632033
0.00624246
0.0061686
0.00609921
0.00603492
0.00597663
0.00592562
0.00588384
0.00585413
0.00583931
0.00754629
0.00766658
0.00778842
0.00791164
0.0080361
0.0081616
0.00828793
0.00841488
0.00854218
0.00866957
0.00879674
0.00892336
0.00904908
0.00917352
0.00929628
0.00941694
0.00953504
0.00965011
0.00976168
0.00986925
0.00997231
0.0100703
0.0101628
0.0102493
0.0103292
0.0104021
0.0104675
0.0105251
0.0105743
0.010615
0.0106467
0.0106694
0.0106827
0.0106866
0.0106811
0.0106662
0.010642
0.0106087
0.0105665
0.0105158
0.0104569
0.0103903
0.0103164
0.0102357
0.0101488
0.0100562
0.00995847
0.00985617
0.00974985
0.00964006
0.00952732
0.00941211
0.00929492
0.00917617
0.00905626
0.00893557
0.00881443
0.00869316
0.00857201
0.00845125
0.00833109
0.00821173
0.00809336
0.00797613
0.00786018
0.00774566
0.00763267
0.00752133
0.00741174
0.007304
0.00719822
0.00709448
0.00699288
0.00689353
0.00679652
0.00670199
0.00661006
0.00652088
0.00643461
0.00635147
0.00627169
0.00619557
0.00612348
0.00605591
0.00599351
0.00593718
0.00588821
0.00584844
0.00582049
0.00580679
0.00726866
0.00738229
0.00749741
0.00761386
0.00773151
0.00785018
0.00796972
0.0080899
0.00821052
0.00833133
0.00845207
0.00857244
0.00869214
0.00881083
0.00892816
0.00904375
0.00915719
0.00926808
0.00937597
0.00948042
0.00958097
0.00967715
0.0097685
0.00985454
0.00993481
0.0100089
0.0100763
0.0101366
0.0101895
0.0102347
0.0102717
0.0103004
0.0103206
0.0103322
0.0103349
0.0103289
0.0103141
0.0102908
0.0102589
0.0102189
0.0101709
0.0101153
0.0100525
0.00998292
0.00990702
0.00982528
0.0097382
0.00964628
0.00955004
0.00944997
0.00934657
0.0092403
0.00913163
0.00902097
0.00890874
0.0087953
0.00868099
0.00856614
0.00845104
0.00833595
0.0082211
0.00810673
0.00799301
0.00788015
0.00776829
0.00765759
0.00754818
0.0074402
0.00733376
0.00722899
0.00712598
0.00702487
0.00692574
0.00682874
0.00673396
0.00664155
0.00655165
0.00646443
0.00638006
0.00629877
0.00622081
0.00614649
0.00607622
0.0060105
0.00594998
0.0058956
0.0058486
0.00581073
0.00578438
0.00577166
0.00699601
0.00710351
0.00721242
0.00732262
0.00743398
0.00754636
0.0076596
0.00777354
0.00788797
0.00800268
0.00811745
0.00823201
0.00834609
0.0084594
0.00857162
0.00868241
0.00879142
0.00889829
0.0090026
0.00910398
0.00920199
0.00929622
0.00938623
0.00947159
0.00955188
0.00962668
0.00969556
0.00975815
0.00981408
0.00986299
0.0099046
0.00993863
0.00996485
0.0099831
0.00999324
0.00999521
0.00998901
0.00997467
0.0099523
0.00992205
0.00988416
0.00983887
0.0097865
0.00972741
0.00966198
0.00959062
0.00951378
0.00943191
0.00934546
0.00925489
0.00916067
0.00906323
0.00896302
0.00886045
0.0087559
0.00864976
0.00854237
0.00843405
0.00832511
0.00821581
0.00810642
0.00799717
0.00788827
0.00777991
0.00767229
0.00756556
0.00745988
0.0073554
0.00725225
0.00715057
0.00705048
0.0069521
0.00685557
0.00676102
0.00666858
0.00657839
0.00649061
0.00640543
0.00632303
0.00624366
0.00616758
0.00609513
0.00602672
0.00596286
0.00590424
0.00585177
0.00580668
0.0057706
0.00574572
0.00573386
0.00672847
0.00683029
0.00693346
0.00703787
0.00714341
0.00724996
0.00735739
0.00746553
0.00757422
0.00768328
0.00779248
0.00790162
0.00801046
0.00811872
0.00822612
0.00833239
0.00843718
0.00854018
0.00864103
0.00873938
0.00883484
0.00892703
0.00901555
0.00910002
0.00918004
0.00925521
0.00932514
0.00938947
0.00944784
0.00949992
0.00954539
0.00958399
0.00961547
0.00963964
0.00965634
0.00966547
0.00966696
0.00966082
0.00964708
0.00962586
0.00959729
0.00956158
0.00951896
0.00946973
0.0094142
0.00935272
0.00928568
0.00921347
0.00913649
0.00905518
0.00896994
0.00888119
0.00878934
0.00869479
0.00859792
0.0084991
0.00839866
0.00829695
0.00819425
0.00809086
0.00798704
0.00788304
0.00777908
0.00767538
0.00757213
0.00746952
0.00736771
0.00726686
0.00716713
0.00706867
0.00697161
0.0068761
0.00678227
0.00669028
0.00660027
0.0065124
0.00642684
0.00634378
0.00626344
0.00618605
0.00611192
0.00604138
0.00597486
0.00591289
0.00585617
0.00580559
0.00576233
0.00572795
0.00570442
0.00569334
0.00646616
0.00656271
0.00666055
0.00675959
0.00685974
0.00696088
0.0070629
0.00716567
0.00726902
0.0073728
0.00747683
0.00758091
0.00768482
0.00778834
0.00789121
0.00799318
0.00809396
0.00819325
0.00829074
0.00838611
0.00847901
0.00856911
0.00865603
0.00873942
0.00881891
0.00889414
0.00896474
0.00903037
0.00909068
0.00914535
0.00919408
0.00923659
0.00927262
0.00930197
0.00932446
0.00933996
0.00934836
0.00934962
0.00934373
0.00933075
0.00931077
0.00928392
0.00925038
0.00921038
0.00916418
0.00911207
0.00905436
0.0089914
0.00892356
0.0088512
0.0087747
0.00869445
0.00861083
0.00852422
0.00843497
0.00834345
0.00824999
0.00815491
0.00805853
0.00796113
0.00786298
0.00776434
0.00766544
0.00756651
0.00746777
0.00736939
0.00727158
0.00717449
0.00707831
0.00698319
0.00688928
0.00679675
0.00670575
0.00661642
0.00652894
0.00644349
0.00636023
0.00627938
0.00620116
0.00612583
0.0060537
0.00598512
0.00592053
0.00586048
0.00580565
0.00575693
0.00571545
0.00568267
0.0056604
0.00565002
0.00620919
0.00630083
0.00639371
0.00648776
0.00658289
0.006679
0.00677599
0.00687374
0.00697212
0.00707098
0.00717017
0.0072695
0.0073688
0.00746785
0.00756645
0.00766434
0.00776128
0.00785702
0.00795125
0.0080437
0.00813406
0.00822201
0.00830723
0.00838939
0.00846814
0.00854316
0.0086141
0.00868064
0.00874244
0.00879921
0.00885063
0.00889645
0.00893639
0.00897025
0.00899782
0.00901895
0.00903351
0.00904143
0.00904265
0.00903718
0.00902506
0.00900638
0.00898126
0.00894987
0.00891242
0.00886913
0.00882028
0.00876615
0.00870706
0.00864333
0.00857531
0.00850334
0.00842778
0.00834897
0.00826726
0.00818299
0.00809648
0.00800806
0.00791803
0.00782667
0.00773426
0.00764107
0.00754733
0.00745329
0.00735915
0.00726513
0.00717143
0.00707823
0.00698572
0.00689406
0.00680342
0.00671398
0.0066259
0.00653934
0.0064545
0.00637155
0.00629068
0.00621212
0.0061361
0.0060629
0.00599282
0.00592625
0.00586363
0.00580551
0.00575257
0.00570568
0.00566592
0.00563467
0.00561356
0.00560381
0.00595765
0.00604471
0.00613297
0.00622237
0.00631282
0.00640423
0.00649653
0.0065896
0.00668332
0.00677758
0.00687223
0.00696711
0.00706207
0.00715691
0.00725145
0.00734547
0.00743875
0.00753106
0.00762214
0.00771173
0.00779956
0.00788534
0.00796878
0.00804957
0.00812741
0.00820197
0.00827296
0.00834006
0.00840296
0.00846137
0.008515
0.00856358
0.00860685
0.00864459
0.00867659
0.00870268
0.00872271
0.00873657
0.00874419
0.00874552
0.00874058
0.0087294
0.00871205
0.00868866
0.00865937
0.00862437
0.00858388
0.00853814
0.0084874
0.00843196
0.00837212
0.00830818
0.00824047
0.0081693
0.00809501
0.00801791
0.00793831
0.00785652
0.00777284
0.00768755
0.00760094
0.00751326
0.00742476
0.00733569
0.00724626
0.00715671
0.00706723
0.00697802
0.00688928
0.00680119
0.00671393
0.00662769
0.00654263
0.00645895
0.00637684
0.00629648
0.00621809
0.00614189
0.00606815
0.00599714
0.00592918
0.00586466
0.00580404
0.00574786
0.00569681
0.00565172
0.00561364
0.00558383
0.00556381
0.00555465
0.00571163
0.00579441
0.00587836
0.0059634
0.00604946
0.00613649
0.00622439
0.00631307
0.00640244
0.00649238
0.00658276
0.00667345
0.00676431
0.00685517
0.00694586
0.00703619
0.00712597
0.00721498
0.00730301
0.0073898
0.00747513
0.00755872
0.00764031
0.00771962
0.00779638
0.0078703
0.00794108
0.00800843
0.00807208
0.00813173
0.00818711
0.00823796
0.00828403
0.00832509
0.00836092
0.00839134
0.0084162
0.00843535
0.00844869
0.00845617
0.00845773
0.0084534
0.00844319
0.00842719
0.0084055
0.00837825
0.00834562
0.00830779
0.008265
0.00821748
0.00816548
0.0081093
0.0080492
0.00798549
0.00791846
0.00784841
0.00777563
0.00770043
0.00762308
0.00754387
0.00746308
0.00738095
0.00729775
0.00721372
0.00712909
0.00704408
0.00695892
0.00687381
0.00678894
0.00670452
0.00662075
0.0065378
0.00645587
0.00637516
0.00629586
0.00621818
0.00614235
0.0060686
0.0059972
0.00592844
0.00586265
0.00580023
0.00574163
0.00568741
0.00563824
0.00559493
0.00555847
0.00553005
0.00551105
0.00550243
0.00547122
0.00554999
0.00562988
0.00571083
0.00579279
0.0058757
0.00595947
0.00604404
0.00612931
0.00621518
0.00630154
0.00638828
0.00647526
0.00656234
0.00664937
0.00673619
0.00682261
0.00690844
0.0069935
0.00707755
0.00716039
0.00724178
0.00732147
0.00739922
0.00747477
0.00754785
0.0076182
0.00768555
0.00774962
0.00781015
0.00786689
0.00791956
0.00796795
0.0080118
0.00805092
0.0080851
0.00811418
0.008138
0.00815645
0.00816943
0.00817688
0.00817876
0.00817509
0.00816589
0.00815122
0.00813119
0.00810591
0.00807554
0.00804025
0.00800026
0.00795577
0.00790703
0.00785429
0.00779781
0.00773786
0.00767471
0.00760865
0.00753996
0.00746889
0.00739574
0.00732076
0.00724421
0.00716634
0.0070874
0.00700763
0.00692724
0.00684648
0.00676554
0.00668464
0.00660399
0.00652378
0.00644422
0.00636551
0.00628786
0.00621147
0.00613656
0.00606336
0.00599213
0.00592314
0.00585669
0.00579312
0.00573283
0.00567629
0.00562404
0.00557674
0.00553518
0.00550031
0.00547322
0.00545519
0.00544706
0.00523649
0.00531149
0.00538756
0.00546467
0.00554277
0.00562179
0.00570168
0.00578237
0.00586377
0.00594581
0.00602837
0.00611136
0.00619467
0.00627816
0.0063617
0.00644515
0.00652834
0.00661111
0.00669328
0.00677465
0.00685503
0.00693421
0.00701197
0.00708807
0.00716229
0.00723439
0.00730411
0.0073712
0.00743542
0.00749652
0.00755424
0.00760835
0.00765861
0.00770479
0.00774669
0.00778409
0.00781684
0.00784476
0.00786772
0.00788561
0.00789834
0.00790586
0.00790813
0.00790515
0.00789695
0.00788359
0.00786517
0.00784178
0.00781356
0.00778069
0.00774335
0.00770173
0.00765605
0.00760655
0.00755348
0.00749707
0.00743758
0.00737528
0.00731043
0.00724327
0.00717408
0.0071031
0.00703058
0.00695677
0.00688189
0.00680619
0.00672988
0.00665319
0.00657634
0.00649953
0.00642298
0.0063469
0.00627149
0.00619697
0.00612357
0.0060515
0.00598102
0.00591238
0.00584586
0.00578177
0.00572047
0.00566235
0.00560789
0.00555762
0.00551219
0.00547236
0.00543902
0.00541322
0.0053961
0.00538845
0.00500751
0.00507894
0.00515142
0.0052249
0.00529935
0.00537472
0.00545094
0.00552796
0.0056057
0.0056841
0.00576306
0.0058425
0.00592231
0.00600238
0.00608259
0.0061628
0.00624289
0.00632269
0.00640205
0.00648079
0.00655874
0.00663571
0.00671149
0.00678589
0.00685868
0.00692965
0.00699857
0.0070652
0.00712933
0.0071907
0.00724909
0.00730426
0.007356
0.00740408
0.00744829
0.00748843
0.00752433
0.00755582
0.00758274
0.00760498
0.00762243
0.007635
0.00764265
0.00764534
0.00764307
0.00763587
0.00762379
0.0076069
0.00758532
0.00755916
0.00752857
0.00749373
0.00745481
0.00741203
0.00736558
0.00731571
0.00726263
0.0072066
0.00714784
0.00708662
0.00702316
0.00695772
0.00689054
0.00682186
0.0067519
0.00668092
0.00660912
0.00653674
0.00646399
0.0063911
0.00631828
0.00624574
0.00617371
0.00610241
0.00603207
0.00596292
0.00589522
0.00582923
0.00576524
0.00570357
0.00564458
0.00558867
0.00553631
0.00548803
0.00544446
0.00540633
0.0053745
0.00534993
0.00533369
0.00532647
0.00478432
0.00485238
0.00492145
0.00499151
0.00506251
0.0051344
0.00520715
0.00528069
0.00535497
0.00542991
0.00550545
0.00558151
0.00565798
0.00573478
0.00581179
0.0058889
0.00596598
0.0060429
0.00611952
0.00619569
0.00627123
0.00634599
0.00641978
0.00649241
0.00656368
0.00663341
0.00670137
0.00676736
0.00683116
0.00689255
0.00695131
0.00700723
0.00706008
0.00710967
0.00715577
0.00719821
0.00723679
0.00727134
0.00730172
0.00732778
0.0073494
0.0073665
0.00737898
0.0073868
0.00738993
0.00738838
0.00738215
0.00737129
0.00735589
0.00733602
0.0073118
0.00728338
0.0072509
0.00721453
0.00717447
0.0071309
0.00708404
0.00703411
0.00698133
0.00692592
0.00686813
0.00680818
0.0067463
0.00668274
0.00661771
0.00655146
0.0064842
0.00641616
0.00634757
0.00627865
0.00620962
0.0061407
0.00607211
0.0060041
0.00593688
0.00587072
0.00580586
0.00574258
0.00568117
0.00562197
0.00556533
0.00551166
0.00546142
0.00541513
0.00537342
0.00533698
0.00530662
0.00528324
0.00526784
0.00526104
0.00456697
0.00463183
0.00469767
0.00476447
0.00483219
0.00490079
0.00497023
0.00504047
0.00511145
0.00518311
0.00525538
0.0053282
0.00540148
0.00547514
0.00554908
0.0056232
0.00569738
0.00577151
0.00584546
0.00591909
0.00599225
0.0060648
0.00613656
0.00620738
0.00627707
0.00634544
0.00641232
0.00647749
0.00654077
0.00660195
0.00666082
0.00671718
0.00677083
0.00682156
0.00686917
0.00691348
0.0069543
0.00699147
0.00702482
0.00705421
0.00707951
0.00710061
0.00711741
0.00712985
0.00713788
0.00714146
0.0071406
0.00713531
0.00712563
0.00711163
0.00709339
0.00707101
0.00704463
0.00701437
0.00698041
0.0069429
0.00690205
0.00685804
0.00681107
0.00676136
0.00670913
0.00665458
0.00659796
0.00653948
0.00647936
0.00641784
0.00635513
0.00629146
0.00622706
0.00616215
0.00609696
0.00603171
0.00596663
0.00590195
0.00583793
0.0057748
0.00571284
0.00565232
0.00559355
0.00553686
0.0054826
0.00543119
0.00538309
0.0053388
0.00529894
0.00526416
0.00523524
0.00521302
0.00519842
0.00519202
0.00435547
0.00441729
0.00448006
0.00454376
0.00460835
0.00467382
0.00474012
0.0048072
0.00487503
0.00494355
0.0050127
0.00508242
0.00515264
0.00522329
0.00529426
0.00536549
0.00543686
0.00550827
0.0055796
0.00565074
0.00572154
0.00579188
0.00586161
0.00593057
0.0059986
0.00606554
0.0061312
0.00619542
0.006258
0.00631876
0.0063775
0.00643404
0.00648818
0.00653973
0.0065885
0.00663431
0.00667697
0.00671632
0.0067522
0.00678446
0.00681296
0.00683758
0.00685821
0.00687478
0.00688721
0.00689545
0.00689948
0.0068993
0.0068949
0.00688634
0.00687367
0.00685696
0.00683632
0.00681185
0.0067837
0.00675199
0.0067169
0.0066786
0.00663727
0.00659311
0.00654631
0.00649707
0.00644562
0.00639216
0.00633692
0.0062801
0.00622194
0.00616265
0.00610246
0.00604159
0.00598027
0.00591872
0.00585719
0.0057959
0.00573511
0.00567508
0.00561606
0.00555835
0.00550226
0.00544811
0.00539627
0.00534715
0.00530119
0.00525891
0.00522088
0.00518775
0.00516025
0.00513916
0.00512534
0.00511932
0.00414985
0.00420876
0.0042686
0.00432934
0.00439096
0.00445342
0.00451671
0.00458078
0.0046456
0.00471111
0.00477727
0.00484402
0.00491129
0.00497902
0.00504714
0.00511557
0.0051842
0.00525296
0.00532173
0.00539041
0.00545889
0.00552702
0.0055947
0.00566176
0.00572808
0.00579349
0.00585784
0.00592096
0.00598268
0.00604284
0.00610124
0.00615772
0.00621208
0.00626416
0.00631376
0.00636071
0.00640484
0.00644599
0.00648398
0.00651868
0.00654993
0.00657762
0.00660162
0.00662185
0.00663821
0.00665065
0.00665911
0.00666357
0.00666402
0.00666048
0.00665297
0.00664155
0.00662629
0.00660728
0.00658462
0.00655843
0.00652885
0.00649604
0.00646015
0.00642135
0.00637984
0.00633579
0.00628941
0.0062409
0.00619046
0.00613831
0.00608467
0.00602974
0.00597376
0.00591694
0.00585951
0.0058017
0.00574374
0.00568588
0.00562837
0.00557146
0.00551543
0.00546057
0.00540719
0.00535562
0.00530622
0.0052594
0.00521561
0.00517533
0.00513913
0.00510763
0.00508151
0.00506152
0.00504845
0.00504279
0.00395009
0.00400622
0.00406325
0.00412116
0.00417993
0.00423953
0.00429994
0.00436112
0.00442304
0.00448566
0.00454894
0.00461282
0.00467726
0.00474218
0.00480753
0.00487323
0.00493921
0.00500538
0.00507164
0.0051379
0.00520406
0.00527
0.0053356
0.00540074
0.00546529
0.00552911
0.00559204
0.00565395
0.00571467
0.00577405
0.00583192
0.00588812
0.00594246
0.00599479
0.00604493
0.00609272
0.00613797
0.00618054
0.00622027
0.006257
0.0062906
0.00632092
0.00634785
0.00637129
0.00639114
0.00640732
0.00641976
0.00642843
0.0064333
0.00643436
0.00643161
0.00642509
0.00641485
0.00640095
0.00638346
0.00636249
0.00633816
0.00631058
0.00627991
0.00624629
0.00620989
0.00617088
0.00612945
0.00608578
0.00604008
0.00599254
0.00594336
0.00589277
0.00584098
0.0057882
0.00573466
0.0056806
0.00562624
0.00557183
0.00551762
0.00546387
0.00541086
0.00535888
0.00530824
0.00525927
0.00521233
0.00516783
0.0051262
0.00508793
0.00505355
0.00502365
0.0049989
0.00497998
0.00496765
0.00496234
0.00375618
0.00380965
0.00386399
0.00391918
0.00397522
0.00403206
0.0040897
0.00414811
0.00420724
0.00426708
0.00432758
0.0043887
0.00445039
0.00451259
0.00457525
0.00463831
0.00470169
0.00476532
0.00482911
0.00489299
0.00495685
0.0050206
0.00508412
0.00514731
0.00521004
0.00527219
0.00533363
0.00539422
0.00545381
0.00551227
0.00556943
0.00562514
0.00567925
0.00573158
0.00578199
0.00583031
0.00587638
0.00592005
0.00596115
0.00599954
0.00603509
0.00606765
0.0060971
0.00612332
0.00614622
0.00616571
0.00618171
0.00619416
0.00620302
0.00620827
0.00620988
0.00620788
0.00620229
0.00619314
0.0061805
0.00616445
0.00614507
0.00612247
0.00609678
0.00606812
0.00603665
0.00600252
0.00596589
0.00592695
0.00588587
0.00584285
0.00579808
0.00575177
0.00570413
0.00565537
0.00560572
0.0055554
0.00550464
0.00545369
0.00540281
0.00535224
0.00530227
0.00525319
0.0052053
0.00515895
0.00511449
0.00507231
0.00503285
0.00499657
0.004964
0.0049357
0.00491229
0.00489442
0.0048828
0.00487783
0.00356808
0.00361899
0.00367075
0.00372333
0.00377673
0.00383093
0.0038859
0.00394163
0.00399809
0.00405524
0.00411306
0.0041715
0.00423052
0.00429009
0.00435013
0.00441061
0.00447145
0.00453259
0.00459396
0.00465548
0.00471706
0.00477861
0.00484005
0.00490126
0.00496214
0.00502257
0.00508243
0.0051416
0.00519995
0.00525734
0.00531364
0.00536869
0.00542235
0.00547447
0.0055249
0.00557349
0.00562008
0.00566453
0.00570668
0.00574639
0.00578352
0.00581793
0.00584951
0.00587813
0.00590367
0.00592606
0.0059452
0.00596102
0.00597346
0.00598249
0.00598807
0.0059902
0.00598888
0.00598414
0.00597601
0.00596455
0.00594983
0.00593194
0.00591098
0.00588705
0.0058603
0.00583086
0.00579887
0.00576451
0.00572794
0.00568933
0.00564889
0.00560679
0.00556325
0.00551848
0.00547268
0.00542608
0.00537892
0.00533143
0.00528386
0.00523648
0.00518956
0.00514339
0.00509827
0.00505455
0.00501257
0.00497272
0.00493543
0.00490114
0.00487036
0.00484363
0.00482154
0.00480471
0.00479378
0.00478913
0.00338575
0.00343419
0.00348346
0.00353353
0.0035844
0.00363604
0.00368844
0.00374158
0.00379545
0.00385
0.00390522
0.00396107
0.00401751
0.0040745
0.004132
0.00418995
0.00424831
0.00430701
0.00436599
0.00442517
0.00448449
0.00454386
0.00460319
0.0046624
0.00472139
0.00478004
0.00483826
0.00489593
0.00495293
0.00500914
0.00506442
0.00511865
0.00517168
0.00522338
0.00527361
0.00532222
0.00536907
0.00541401
0.0054569
0.0054976
0.00553598
0.0055719
0.00560523
0.00563586
0.00566367
0.00568856
0.00571044
0.00572923
0.00574486
0.00575727
0.00576643
0.00577231
0.0057749
0.00577421
0.00577025
0.00576306
0.0057527
0.00573923
0.00572272
0.00570329
0.00568103
0.00565608
0.00562855
0.00559861
0.0055664
0.00553209
0.00549586
0.0054579
0.00541838
0.00537753
0.00533554
0.00529263
0.00524904
0.00520499
0.00516074
0.00511654
0.00507266
0.0050294
0.00498706
0.00494597
0.00490647
0.00486895
0.00483381
0.0048015
0.0047725
0.00474733
0.00472654
0.00471071
0.00470045
0.00469613
0.00320911
0.00325518
0.00330205
0.00334969
0.00339811
0.00344728
0.00349719
0.00354784
0.00359919
0.00365122
0.00370392
0.00375725
0.00381117
0.00386566
0.00392067
0.00397616
0.00403208
0.00408838
0.004145
0.00420188
0.00425895
0.00431614
0.00437337
0.00443055
0.00448761
0.00454445
0.00460096
0.00465705
0.0047126
0.00476751
0.00482165
0.0048749
0.00492714
0.00497823
0.00502805
0.00507645
0.00512331
0.00516849
0.00521184
0.00525324
0.00529255
0.00532964
0.00536438
0.00539667
0.00542637
0.00545339
0.00547763
0.00549901
0.00551743
0.00553285
0.00554521
0.00555447
0.00556061
0.0055636
0.00556347
0.00556023
0.00555391
0.00554456
0.00553224
0.00551704
0.00549904
0.00547835
0.00545509
0.00542938
0.00540138
0.00537123
0.00533909
0.00530514
0.00526957
0.00523256
0.00519432
0.00515505
0.00511498
0.00507435
0.00503338
0.00499235
0.00495151
0.00491115
0.00487158
0.00483311
0.00479608
0.00476088
0.00472788
0.00469754
0.0046703
0.00464666
0.00462715
0.0046123
0.00460271
0.0045987
0.00303809
0.00308187
0.00312641
0.00317171
0.00321775
0.00326454
0.00331205
0.00336027
0.00340918
0.00345877
0.00350901
0.00355989
0.00361136
0.00366341
0.00371599
0.00376906
0.00382259
0.00387653
0.00393082
0.00398541
0.00404024
0.00409525
0.00415037
0.00420552
0.00426062
0.00431559
0.00437034
0.00442478
0.0044788
0.00453231
0.00458519
0.00463733
0.00468862
0.00473893
0.00478815
0.00483614
0.00488278
0.00492795
0.0049715
0.00501331
0.00505326
0.00509121
0.00512705
0.00516065
0.00519191
0.0052207
0.00524694
0.00527053
0.00529139
0.00530945
0.00532463
0.0053369
0.00534622
0.00535256
0.00535591
0.00535628
0.00535368
0.00534815
0.00533974
0.0053285
0.0053145
0.00529785
0.00527864
0.00525698
0.005233
0.00520685
0.00517866
0.00514861
0.00511687
0.00508361
0.00504903
0.00501334
0.00497674
0.00493947
0.00490176
0.00486386
0.00482603
0.00478855
0.00475173
0.00471586
0.00468129
0.00464839
0.00461753
0.00458912
0.00456362
0.00454149
0.00452324
0.00450936
0.00450041
0.0044967
0.00287258
0.00291414
0.00295644
0.00299947
0.00304322
0.00308769
0.00313286
0.00317872
0.00322527
0.00327248
0.00332034
0.00336882
0.00341791
0.00346756
0.00351776
0.00356846
0.00361964
0.00367125
0.00372324
0.00377556
0.00382817
0.00388101
0.00393401
0.0039871
0.00404022
0.00409329
0.00414623
0.00419895
0.00425136
0.00430337
0.00435489
0.0044058
0.004456
0.00450538
0.00455382
0.00460121
0.00464743
0.00469235
0.00473587
0.00477784
0.00481815
0.00485668
0.0048933
0.00492791
0.00496039
0.00499062
0.00501852
0.00504397
0.00506691
0.00508723
0.00510489
0.00511981
0.00513196
0.00514129
0.00514779
0.00515144
0.00515225
0.00515023
0.00514542
0.00513786
0.00512761
0.00511475
0.00509936
0.00508153
0.00506139
0.00503906
0.00501467
0.00498837
0.00496033
0.00493072
0.00489971
0.0048675
0.00483431
0.00480034
0.00476583
0.00473102
0.00469616
0.00466153
0.00462742
0.00459414
0.00456201
0.00453138
0.00450262
0.00447614
0.00445235
0.00443171
0.00441468
0.00440176
0.00439344
0.00439002
0.00271249
0.0027519
0.00279202
0.00283284
0.00287437
0.00291658
0.00295949
0.00300306
0.00304731
0.0030922
0.00313773
0.00318388
0.00323062
0.00327794
0.0033258
0.00337418
0.00342304
0.00347235
0.00352207
0.00357215
0.00362255
0.00367322
0.00372409
0.00377512
0.00382623
0.00387736
0.00392844
0.00397939
0.00403012
0.00408056
0.00413061
0.00418017
0.00422915
0.00427745
0.00432496
0.00437158
0.00441718
0.00446166
0.00450491
0.0045468
0.00458722
0.00462606
0.00466319
0.0046985
0.00473189
0.00476325
0.00479247
0.00481946
0.00484413
0.00486638
0.00488616
0.00490339
0.00491802
0.00493001
0.00493931
0.00494591
0.0049498
0.00495099
0.00494948
0.00494532
0.00493855
0.00492922
0.00491741
0.0049032
0.00488668
0.00486798
0.00484721
0.00482451
0.00480003
0.00477393
0.00474638
0.00471757
0.00468768
0.00465694
0.00462556
0.00459378
0.00456185
0.00453003
0.0044986
0.00446786
0.00443813
0.00440974
0.00438306
0.00435847
0.00433637
0.00431719
0.00430137
0.00428937
0.00428166
0.00427852
0.00255767
0.00259499
0.002633
0.00267169
0.00271105
0.00275108
0.00279177
0.00283313
0.00287512
0.00291776
0.00296102
0.00300488
0.00304934
0.00309436
0.00313993
0.00318602
0.00323261
0.00327965
0.00332712
0.00337497
0.00342317
0.00347167
0.00352042
0.00356937
0.00361845
0.00366762
0.00371679
0.00376591
0.0038149
0.00386369
0.00391218
0.0039603
0.00400795
0.00405504
0.00410147
0.00414715
0.00419196
0.00423581
0.00427858
0.00432017
0.00436047
0.00439936
0.00443673
0.00447248
0.00450649
0.00453867
0.00456891
0.00459711
0.00462318
0.00464704
0.0046686
0.0046878
0.00470458
0.00471887
0.00473065
0.00473988
0.00474653
0.00475061
0.00475211
0.00475106
0.00474748
0.00474142
0.00473294
0.0047221
0.004709
0.00469373
0.00467639
0.00465712
0.00463604
0.00461331
0.00458909
0.00456355
0.00453687
0.00450927
0.00448094
0.00445212
0.00442304
0.00439397
0.00436517
0.00433693
0.00430955
0.00428338
0.00425873
0.004236
0.00421555
0.0041978
0.00418316
0.00417207
0.00416496
0.00416209
0.00240799
0.00244329
0.00247924
0.00251585
0.0025531
0.00259101
0.00262955
0.00266873
0.00270854
0.00274897
0.00279001
0.00283164
0.00287386
0.00291663
0.00295995
0.00300379
0.00304813
0.00309293
0.00313817
0.00318382
0.00322983
0.00327616
0.00332279
0.00336964
0.00341668
0.00346385
0.00351109
0.00355834
0.00360553
0.00365259
0.00369945
0.00374602
0.00379223
0.00383799
0.00388321
0.0039278
0.00397167
0.0040147
0.00405682
0.0040979
0.00413785
0.00417656
0.00421392
0.00424984
0.00428421
0.00431693
0.00434789
0.004377
0.00440417
0.0044293
0.00445233
0.00447318
0.00449177
0.00450806
0.00452198
0.00453351
0.00454261
0.00454927
0.00455347
0.00455523
0.00455457
0.00455151
0.0045461
0.00453839
0.00452847
0.0045164
0.0045023
0.00448626
0.00446842
0.0044489
0.00442786
0.00440547
0.00438189
0.00435731
0.00433194
0.00430599
0.0042797
0.0042533
0.00422707
0.00420127
0.00417621
0.00415219
0.00412954
0.00410862
0.00408979
0.00407344
0.00405995
0.00404973
0.0040432
0.00404061
0.00226329
0.00229662
0.00233057
0.00236516
0.00240037
0.0024362
0.00247264
0.00250971
0.00254738
0.00258565
0.00262452
0.00266396
0.00270398
0.00274455
0.00278565
0.00282727
0.00286939
0.00291198
0.00295502
0.00299847
0.00304231
0.00308649
0.00313098
0.00317574
0.00322071
0.00326586
0.00331113
0.00335647
0.0034018
0.00344708
0.00349222
0.00353717
0.00358185
0.00362617
0.00367006
0.00371343
0.00375619
0.00379825
0.00383952
0.00387991
0.00391931
0.00395762
0.00399476
0.0040306
0.00406507
0.00409805
0.00412946
0.00415919
0.00418716
0.00421328
0.00423747
0.00425964
0.00427974
0.00429769
0.00431345
0.00432696
0.00433819
0.00434712
0.00435372
0.004358
0.00435996
0.00435962
0.00435702
0.00435219
0.0043452
0.00433612
0.00432504
0.00431204
0.00429724
0.00428077
0.00426276
0.00424336
0.00422273
0.00420107
0.00417854
0.00415537
0.00413177
0.00410798
0.00408423
0.00406081
0.004038
0.00401608
0.00399538
0.00397623
0.00395898
0.00394398
0.00393161
0.00392225
0.00391629
0.00391394
0.00212339
0.00215481
0.00218682
0.00221944
0.00225265
0.00228645
0.00232086
0.00235585
0.00239143
0.0024276
0.00246433
0.00250164
0.00253949
0.00257789
0.00261682
0.00265626
0.00269619
0.00273659
0.00277744
0.00281872
0.00286039
0.00290242
0.00294478
0.00298743
0.00303033
0.00307344
0.00311671
0.00316009
0.00320352
0.00324696
0.00329033
0.00333357
0.00337662
0.0034194
0.00346185
0.00350387
0.00354539
0.00358633
0.00362661
0.00366612
0.00370478
0.00374249
0.00377918
0.00381473
0.00384905
0.00388205
0.00391364
0.00394373
0.00397221
0.00399902
0.00402407
0.00404727
0.00406857
0.00408788
0.00410515
0.00412034
0.0041334
0.00414429
0.00415299
0.00415949
0.00416379
0.00416589
0.00416583
0.00416362
0.00415932
0.00415299
0.00414469
0.00413452
0.00412257
0.00410896
0.0040938
0.00407724
0.00405943
0.00404054
0.00402074
0.00400023
0.00397922
0.00395794
0.0039366
0.00391549
0.00389485
0.00387497
0.00385616
0.00383873
0.003823
0.00380932
0.00379804
0.00378951
0.00378409
0.00378199
0.00198813
0.00201768
0.0020478
0.00207849
0.00210975
0.00214159
0.00217399
0.00220696
0.0022405
0.0022746
0.00230925
0.00234445
0.00238018
0.00241645
0.00245323
0.00249052
0.00252829
0.00256653
0.00260521
0.00264433
0.00268384
0.00272373
0.00276395
0.00280449
0.00284531
0.00288636
0.0029276
0.00296899
0.00301048
0.00305202
0.00309355
0.00313502
0.00317637
0.00321752
0.00325841
0.00329898
0.00333914
0.00337882
0.00341793
0.00345641
0.00349415
0.00353109
0.00356712
0.00360216
0.00363611
0.0036689
0.00370043
0.0037306
0.00375935
0.00378657
0.00381219
0.00383614
0.00385833
0.00387871
0.0038972
0.00391376
0.00392834
0.00394089
0.00395139
0.00395983
0.00396617
0.00397044
0.00397263
0.00397278
0.00397091
0.00396708
0.00396135
0.00395378
0.00394447
0.00393352
0.00392104
0.00390715
0.00389199
0.00387573
0.00385852
0.00384056
0.00382202
0.00380314
0.00378412
0.00376522
0.00374668
0.00372877
0.00371178
0.00369601
0.00368176
0.00366936
0.00365912
0.00365139
0.00364649
0.00364463
0.00185729
0.00188502
0.00191329
0.00194211
0.00197147
0.00200137
0.00203182
0.00206282
0.00209435
0.00212642
0.00215903
0.00219216
0.00222582
0.00225999
0.00229465
0.00232981
0.00236545
0.00240155
0.00243809
0.00247505
0.00251242
0.00255017
0.00258827
0.00262669
0.00266541
0.00270438
0.00274357
0.00278294
0.00282245
0.00286205
0.00290169
0.00294132
0.00298088
0.00302032
0.00305957
0.00309857
0.00313725
0.00317554
0.00321337
0.00325065
0.00328732
0.0033233
0.00335849
0.00339282
0.0034262
0.00345855
0.00348978
0.00351981
0.00354855
0.00357593
0.00360186
0.00362627
0.00364908
0.00367023
0.00368966
0.00370729
0.00372309
0.00373702
0.00374903
0.00375909
0.0037672
0.00377335
0.00377753
0.00377976
0.00378007
0.00377849
0.00377508
0.00376989
0.00376301
0.00375451
0.0037445
0.0037331
0.00372043
0.00370664
0.00369188
0.00367631
0.00366013
0.00364353
0.00362673
0.00360994
0.00359341
0.0035774
0.00356216
0.00354798
0.00353516
0.00352398
0.00351475
0.00350779
0.00350339
0.00350175
0.00173067
0.00175663
0.0017831
0.00181008
0.00183758
0.0018656
0.00189414
0.00192319
0.00195276
0.00198285
0.00201345
0.00204455
0.00207616
0.00210826
0.00214084
0.0021739
0.00220743
0.0022414
0.00227582
0.00231065
0.00234589
0.0023815
0.00241747
0.00245377
0.00249038
0.00252726
0.00256438
0.0026017
0.00263919
0.00267681
0.00271451
0.00275224
0.00278995
0.0028276
0.00286512
0.00290246
0.00293955
0.00297633
0.00301274
0.0030487
0.00308414
0.00311899
0.00315317
0.0031866
0.00321921
0.00325092
0.00328164
0.00331129
0.0033398
0.00336708
0.00339306
0.00341767
0.00344084
0.00346248
0.00348255
0.00350098
0.00351772
0.00353273
0.00354595
0.00355737
0.00356696
0.0035747
0.00358059
0.00358464
0.00358686
0.00358728
0.00358595
0.0035829
0.00357821
0.00357196
0.00356423
0.00355512
0.00354476
0.00353327
0.00352079
0.00350748
0.00349352
0.00347909
0.00346437
0.0034496
0.00343499
0.00342077
0.00340721
0.00339456
0.00338309
0.00337308
0.00336482
0.00335859
0.00335467
0.00335324
0.00160805
0.00163227
0.00165698
0.00168217
0.00170785
0.00173403
0.00176069
0.00178784
0.00181549
0.00184362
0.00187225
0.00190136
0.00193094
0.001961
0.00199153
0.00202252
0.00205396
0.00208584
0.00211814
0.00215085
0.00218396
0.00221745
0.0022513
0.00228548
0.00231997
0.00235474
0.00238977
0.00242502
0.00246046
0.00249605
0.00253176
0.00256754
0.00260334
0.00263913
0.00267484
0.00271042
0.00274583
0.002781
0.00281587
0.00285037
0.00288444
0.00291802
0.00295102
0.00298339
0.00301504
0.0030459
0.0030759
0.00310497
0.00313301
0.00315997
0.00318576
0.00321032
0.00323357
0.00325545
0.0032759
0.00329485
0.00331225
0.00332805
0.00334221
0.0033547
0.00336549
0.00337455
0.00338188
0.00338747
0.00339134
0.00339351
0.003394
0.00339285
0.00339013
0.0033859
0.00338023
0.00337322
0.00336497
0.00335561
0.00334525
0.00333404
0.00332215
0.00330975
0.00329701
0.00328413
0.00327133
0.00325882
0.00324685
0.00323564
0.00322547
0.00321658
0.00320923
0.0032037
0.00320023
0.003199
0.00148919
0.00151172
0.0015347
0.00155814
0.00158204
0.0016064
0.00163123
0.00165652
0.00168227
0.00170849
0.00173517
0.00176231
0.00178991
0.00181796
0.00184646
0.0018754
0.00190477
0.00193457
0.00196478
0.00199539
0.00202638
0.00205775
0.00208947
0.00212152
0.00215389
0.00218654
0.00221946
0.00225262
0.00228598
0.00231952
0.00235319
0.00238697
0.0024208
0.00245466
0.00248848
0.00252224
0.00255587
0.00258932
0.00262254
0.00265546
0.00268804
0.0027202
0.00275188
0.00278301
0.00281354
0.00284338
0.00287247
0.00290073
0.0029281
0.00295451
0.00297988
0.00300415
0.00302725
0.00304911
0.00306967
0.00308887
0.00310666
0.003123
0.00313782
0.0031511
0.00316281
0.00317292
0.00318142
0.00318829
0.00319354
0.00319719
0.00319926
0.00319977
0.00319878
0.00319634
0.00319252
0.0031874
0.00318107
0.00317364
0.00316523
0.00315597
0.00314599
0.00313547
0.00312457
0.00311347
0.00310237
0.00309147
0.00308099
0.00307115
0.0030622
0.00305436
0.00304789
0.00304301
0.00303998
0.00303893
0.00137385
0.00139472
0.00141601
0.00143773
0.00145988
0.00148247
0.00150549
0.00152895
0.00155284
0.00157717
0.00160194
0.00162715
0.00165279
0.00167885
0.00170534
0.00173226
0.00175958
0.00178731
0.00181544
0.00184395
0.00187284
0.00190209
0.00193169
0.00196161
0.00199185
0.00202238
0.00205317
0.00208421
0.00211547
0.00214691
0.00217851
0.00221024
0.00224206
0.00227392
0.0023058
0.00233764
0.00236941
0.00240105
0.00243251
0.00246375
0.0024947
0.00252532
0.00255553
0.00258529
0.00261452
0.00264317
0.00267117
0.00269845
0.00272494
0.00275059
0.00277532
0.00279907
0.00282178
0.00284338
0.00286381
0.00288301
0.00290094
0.00291753
0.00293276
0.00294656
0.00295893
0.00296981
0.00297921
0.00298709
0.00299347
0.00299835
0.00300174
0.00300367
0.00300417
0.0030033
0.0030011
0.00299766
0.00299305
0.00298736
0.00298071
0.00297321
0.002965
0.00295621
0.00294701
0.00293755
0.00292803
0.00291863
0.00290955
0.002901
0.00289319
0.00288635
0.00288068
0.00287643
0.00287379
0.00287292
0.00126177
0.00128101
0.00130064
0.00132068
0.00134111
0.00136195
0.0013832
0.00140485
0.00142692
0.00144939
0.00147228
0.00149557
0.00151927
0.00154337
0.00156788
0.00159278
0.00161808
0.00164376
0.00166982
0.00169625
0.00172304
0.00175018
0.00177766
0.00180545
0.00183355
0.00186194
0.00189059
0.00191949
0.00194862
0.00197794
0.00200743
0.00203707
0.00206681
0.00209663
0.00212649
0.00215636
0.00218618
0.00221592
0.00224554
0.00227498
0.0023042
0.00233315
0.00236177
0.00239
0.00241779
0.00244509
0.00247182
0.00249794
0.00252337
0.00254806
0.00257195
0.00259497
0.00261706
0.00263816
0.00265822
0.00267718
0.00269499
0.0027116
0.00272696
0.00274104
0.00275379
0.0027652
0.00277523
0.00278387
0.00279111
0.00279696
0.00280143
0.00280452
0.00280628
0.00280674
0.00280595
0.00280396
0.00280086
0.00279673
0.00279165
0.00278574
0.00277912
0.00277191
0.00276426
0.00275632
0.00274826
0.00274024
0.00273246
0.0027251
0.00271836
0.00271244
0.00270753
0.00270386
0.00270159
0.00270087
0.00115267
0.00117031
0.00118831
0.00120669
0.00122544
0.00124456
0.00126406
0.00128394
0.0013042
0.00132484
0.00134586
0.00136727
0.00138905
0.00141122
0.00143376
0.00145667
0.00147995
0.0015036
0.0015276
0.00155196
0.00157666
0.00160169
0.00162704
0.0016527
0.00167865
0.00170489
0.00173139
0.00175813
0.0017851
0.00181227
0.00183962
0.00186712
0.00189475
0.00192247
0.00195026
0.00197807
0.00200588
0.00203365
0.00206133
0.00208888
0.00211626
0.00214342
0.00217032
0.00219689
0.00222311
0.00224889
0.00227421
0.00229899
0.00232318
0.00234673
0.00236957
0.00239166
0.00241292
0.00243332
0.00245278
0.00247127
0.00248872
0.0025051
0.00252035
0.00253444
0.00254734
0.002559
0.00256942
0.00257856
0.00258642
0.00259299
0.00259828
0.0026023
0.00260507
0.00260663
0.00260702
0.00260628
0.00260448
0.00260169
0.002598
0.0025935
0.00258829
0.00258251
0.00257626
0.0025697
0.00256296
0.00255622
0.00254962
0.00254336
0.0025376
0.00253253
0.00252834
0.00252519
0.00252327
0.00252269
0.00104626
0.00106233
0.00107873
0.00109548
0.00111256
0.00112999
0.00114777
0.00116589
0.00118437
0.0012032
0.00122239
0.00124192
0.00126181
0.00128205
0.00130264
0.00132358
0.00134486
0.00136648
0.00138844
0.00141073
0.00143333
0.00145626
0.00147948
0.001503
0.00152681
0.00155088
0.00157521
0.00159978
0.00162456
0.00164956
0.00167473
0.00170006
0.00172552
0.0017511
0.00177675
0.00180246
0.00182818
0.00185389
0.00187955
0.00190512
0.00193056
0.00195583
0.00198089
0.00200569
0.00203018
0.00205433
0.00207807
0.00210136
0.00212414
0.00214637
0.00216799
0.00218894
0.00220918
0.00222866
0.00224731
0.0022651
0.00228198
0.00229789
0.0023128
0.00232666
0.00233945
0.00235113
0.00236168
0.00237107
0.0023793
0.00238635
0.00239222
0.00239693
0.00240048
0.00240291
0.00240425
0.00240454
0.00240383
0.00240219
0.00239969
0.00239642
0.00239246
0.00238793
0.00238294
0.0023776
0.00237207
0.00236647
0.00236096
0.0023557
0.00235084
0.00234656
0.002343
0.00234034
0.00233873
0.00233828
0.000942249
0.000956765
0.000971587
0.000986719
0.00100216
0.00101792
0.001034
0.00105039
0.0010671
0.00108414
0.0011015
0.00111919
0.0011372
0.00115553
0.00117418
0.00119315
0.00121245
0.00123205
0.00125197
0.00127219
0.00129271
0.00131352
0.00133462
0.001356
0.00137764
0.00139954
0.00142168
0.00144405
0.00146664
0.00148942
0.00151238
0.0015355
0.00155876
0.00158214
0.00160561
0.00162914
0.00165272
0.0016763
0.00169985
0.00172335
0.00174676
0.00177004
0.00179315
0.00181606
0.00183871
0.00186108
0.0018831
0.00190475
0.00192597
0.00194671
0.00196693
0.00198657
0.0020056
0.00202396
0.0020416
0.00205848
0.00207456
0.00208978
0.00210412
0.00211753
0.00212998
0.00214144
0.00215188
0.00216129
0.00216964
0.00217693
0.00218315
0.00218831
0.00219241
0.00219549
0.00219756
0.00219866
0.00219884
0.00219814
0.00219664
0.00219441
0.00219153
0.00218809
0.00218419
0.00217995
0.00217548
0.00217091
0.00216638
0.00216201
0.00215797
0.00215439
0.00215142
0.0021492
0.00214788
0.00214754
0.0008403
0.000853284
0.000866544
0.000880082
0.000893902
0.000908006
0.000922395
0.000937073
0.000952042
0.000967301
0.000982854
0.0009987
0.00101484
0.00103127
0.001048
0.00106502
0.00108232
0.00109992
0.0011178
0.00113595
0.00115439
0.00117309
0.00119206
0.00121128
0.00123075
0.00125046
0.0012704
0.00129055
0.0013109
0.00133145
0.00135217
0.00137304
0.00139406
0.00141519
0.00143642
0.00145773
0.00147909
0.00150047
0.00152185
0.0015432
0.00156448
0.00158567
0.00160674
0.00162763
0.00164833
0.00166879
0.00168897
0.00170884
0.00172834
0.00174744
0.00176609
0.00178425
0.00180189
0.00181894
0.00183538
0.00185115
0.00186623
0.00188056
0.00189411
0.00190684
0.00191873
0.00192975
0.00193986
0.00194904
0.00195729
0.00196459
0.00197093
0.00197631
0.00198074
0.00198424
0.00198683
0.00198853
0.00198939
0.00198945
0.00198876
0.00198739
0.00198541
0.0019829
0.00197995
0.00197665
0.00197311
0.00196945
0.00196578
0.00196222
0.00195891
0.00195596
0.00195352
0.0019517
0.00195062
0.00195038
0.000740073
0.00075154
0.000763251
0.00077521
0.000787419
0.000799881
0.000812598
0.000825572
0.000838804
0.000852297
0.000866051
0.000880067
0.000894346
0.000908887
0.000923691
0.000938757
0.000954083
0.000969667
0.000985507
0.0010016
0.00101794
0.00103453
0.00105135
0.00106841
0.0010857
0.0011032
0.00112091
0.00113882
0.00115692
0.0011752
0.00119364
0.00121224
0.00123096
0.0012498
0.00126875
0.00128777
0.00130685
0.00132596
0.00134509
0.00136421
0.00138329
0.0014023
0.00142121
0.00144
0.00145863
0.00147707
0.00149528
0.00151322
0.00153087
0.00154818
0.00156511
0.00158163
0.0015977
0.00161328
0.00162833
0.00164281
0.00165669
0.00166992
0.00168248
0.00169433
0.00170545
0.0017158
0.00172536
0.00173411
0.00174203
0.00174911
0.00175535
0.00176074
0.00176529
0.001769
0.0017719
0.001774
0.00177534
0.00177595
0.00177589
0.00177521
0.00177396
0.00177222
0.00177006
0.00176757
0.00176483
0.00176196
0.00175904
0.00175619
0.00175352
0.00175113
0.00174915
0.00174768
0.00174682
0.00174666
0.000641198
0.000651157
0.000661329
0.000671718
0.000682326
0.000693155
0.000704207
0.000715483
0.000726986
0.000738717
0.000750678
0.000762869
0.00077529
0.000787942
0.000800826
0.000813939
0.000827282
0.000840854
0.000854651
0.000868672
0.000882914
0.000897373
0.000912045
0.000926925
0.000942007
0.000957285
0.000972751
0.000988398
0.00100422
0.00102019
0.00103632
0.00105259
0.00106899
0.00108549
0.00110209
0.00111877
0.00113552
0.0011523
0.00116911
0.00118592
0.00120271
0.00121945
0.00123613
0.0012527
0.00126916
0.00128546
0.00130157
0.00131748
0.00133314
0.00134852
0.00136359
0.00137831
0.00139266
0.0014066
0.00142009
0.0014331
0.0014456
0.00145755
0.00146893
0.0014797
0.00148984
0.00149933
0.00150813
0.00151624
0.00152363
0.00153029
0.00153622
0.00154141
0.00154586
0.00154959
0.00155259
0.0015549
0.00155653
0.00155753
0.00155791
0.00155774
0.00155707
0.00155594
0.00155443
0.00155261
0.00155055
0.00154835
0.00154608
0.00154384
0.00154173
0.00153984
0.00153827
0.00153711
0.00153644
0.00153634
0.000543274
0.00055173
0.000560368
0.000569192
0.000578202
0.0005874
0.000596789
0.000606371
0.000616146
0.000626117
0.000636283
0.000646647
0.000657209
0.000667969
0.000678928
0.000690084
0.000701438
0.000712988
0.000724734
0.000736672
0.000748802
0.000761119
0.00077362
0.000786303
0.000799161
0.000812191
0.000825385
0.000838737
0.000852241
0.000865887
0.000879667
0.000893571
0.000907589
0.000921708
0.000935916
0.000950199
0.000964543
0.000978933
0.00099335
0.00100778
0.0010222
0.00103659
0.00105093
0.0010652
0.00107937
0.00109343
0.00110734
0.00112109
0.00113463
0.00114795
0.00116102
0.00117381
0.00118629
0.00119843
0.0012102
0.00122157
0.00123252
0.00124301
0.00125303
0.00126254
0.00127152
0.00127995
0.00128781
0.00129508
0.00130174
0.00130779
0.00131321
0.00131801
0.00132217
0.00132572
0.00132865
0.00133098
0.00133272
0.00133392
0.00133459
0.00133477
0.00133451
0.00133385
0.00133285
0.00133157
0.00133007
0.00132842
0.0013267
0.00132499
0.00132336
0.00132189
0.00132067
0.00131977
0.00131927
0.00131922
0.000445866
0.000452819
0.000459922
0.000467178
0.000474588
0.000482154
0.000489878
0.00049776
0.000505804
0.000514008
0.000522375
0.000530906
0.000539601
0.00054846
0.000557484
0.000566672
0.000576025
0.000585541
0.000595219
0.000605058
0.000615057
0.000625213
0.000635523
0.000645985
0.000656594
0.000667347
0.000678239
0.000689265
0.000700419
0.000711695
0.000723085
0.000734581
0.000746175
0.000757858
0.00076962
0.000781449
0.000793333
0.000805261
0.000817218
0.00082919
0.000841163
0.000853118
0.000865041
0.000876911
0.000888712
0.000900423
0.000912023
0.000923491
0.000934806
0.000945944
0.000956884
0.0009676
0.00097807
0.000988269
0.000998173
0.00100776
0.001017
0.00102588
0.00103437
0.00104245
0.0010501
0.0010573
0.00106403
0.00107028
0.00107604
0.0010813
0.00108604
0.00109026
0.00109397
0.00109716
0.00109984
0.00110202
0.00110372
0.00110496
0.00110576
0.00110615
0.00110616
0.00110584
0.00110523
0.00110437
0.00110332
0.00110213
0.00110087
0.0010996
0.00109838
0.00109728
0.00109636
0.00109569
0.00109532
0.00109531
0.000348494
0.000353936
0.000359497
0.000365178
0.00037098
0.000376904
0.000382953
0.000389126
0.000395426
0.000401852
0.000408407
0.000415091
0.000421904
0.000428846
0.000435919
0.000443121
0.000450453
0.000457914
0.000465504
0.000473221
0.000481065
0.000489033
0.000497123
0.000505335
0.000513663
0.000522106
0.000530661
0.000539322
0.000548087
0.000556948
0.000565903
0.000574943
0.000584064
0.000593256
0.000602514
0.000611828
0.00062119
0.000630589
0.000640015
0.000649457
0.000658904
0.000668342
0.000677759
0.00068714
0.000696471
0.000705737
0.000714921
0.000724008
0.00073298
0.000741819
0.000750507
0.000759026
0.000767358
0.000775482
0.000783382
0.000791036
0.000798427
0.000805536
0.000812346
0.000818839
0.000824999
0.000830811
0.00083626
0.000841335
0.000846024
0.000850319
0.000854213
0.000857703
0.000860786
0.000863464
0.000865742
0.000867626
0.000869129
0.000870265
0.000871053
0.000871514
0.000871675
0.000871566
0.00087122
0.000870675
0.000869971
0.000869152
0.000868265
0.000867358
0.000866482
0.000865687
0.000865023
0.00086454
0.000864281
0.000864292
0.000250625
0.000254544
0.000258548
0.000262639
0.000266817
0.000271084
0.00027544
0.000279886
0.000284424
0.000289054
0.000293777
0.000298592
0.000303502
0.000308505
0.000313602
0.000318793
0.000324079
0.000329458
0.000334931
0.000340496
0.000346152
0.0003519
0.000357736
0.000363661
0.000369671
0.000375765
0.00038194
0.000388194
0.000394523
0.000400924
0.000407393
0.000413926
0.000420517
0.000427163
0.000433858
0.000440595
0.000447369
0.000454171
0.000460996
0.000467835
0.000474679
0.00048152
0.000488347
0.000495153
0.000501924
0.000508652
0.000515324
0.000521929
0.000528454
0.000534886
0.000541213
0.000547422
0.000553498
0.000559429
0.0005652
0.000570797
0.000576208
0.000581419
0.000586416
0.000591188
0.000595722
0.000600007
0.000604033
0.000607791
0.000611272
0.00061447
0.00061738
0.000619999
0.000622324
0.000624357
0.000626101
0.00062756
0.000628743
0.000629659
0.000630322
0.000630746
0.000630951
0.000630957
0.000630788
0.000630472
0.000630036
0.000629512
0.000628934
0.000628336
0.000627753
0.000627223
0.00062678
0.000626461
0.000626296
0.000626318
0.000151658
0.000154031
0.000156456
0.000158934
0.000161464
0.000164048
0.000166687
0.000169381
0.000172129
0.000174934
0.000177795
0.000180713
0.000183687
0.000186719
0.000189807
0.000192953
0.000196157
0.000199417
0.000202734
0.000206107
0.000209537
0.000213021
0.000216561
0.000220153
0.000223798
0.000227494
0.00023124
0.000235034
0.000238874
0.000242759
0.000246685
0.00025065
0.000254652
0.000258688
0.000262753
0.000266846
0.000270961
0.000275095
0.000279242
0.0002834
0.000287562
0.000291722
0.000295876
0.000300017
0.00030414
0.000308236
0.000312301
0.000316325
0.000320303
0.000324226
0.000328086
0.000331875
0.000335586
0.00033921
0.000342738
0.000346162
0.000349475
0.000352667
0.000355731
0.00035866
0.000361445
0.00036408
0.000366559
0.000368876
0.000371026
0.000373005
0.000374809
0.000376437
0.000377887
0.00037916
0.000380257
0.000381181
0.000381936
0.000382529
0.000382968
0.00038326
0.000383418
0.000383455
0.000383383
0.00038322
0.000382983
0.00038269
0.000382362
0.000382019
0.000381683
0.000381376
0.000381119
0.000380935
0.000380845
0.000380847
5.09155e-05
5.17125e-05
5.25269e-05
5.33589e-05
5.42088e-05
5.50768e-05
5.5963e-05
5.68677e-05
5.77911e-05
5.87333e-05
5.96943e-05
6.06745e-05
6.16738e-05
6.26923e-05
6.37301e-05
6.47871e-05
6.58634e-05
6.6959e-05
6.80737e-05
6.92074e-05
7.03599e-05
7.15311e-05
7.27207e-05
7.39283e-05
7.51536e-05
7.63963e-05
7.76557e-05
7.89314e-05
8.02227e-05
8.1529e-05
8.28495e-05
8.41834e-05
8.55296e-05
8.68873e-05
8.82553e-05
8.96325e-05
9.10175e-05
9.24089e-05
9.38053e-05
9.52052e-05
9.66067e-05
9.80081e-05
9.94075e-05
0.000100803
0.000102192
0.000103573
0.000104943
0.000106301
0.000107643
0.000108966
0.000110269
0.000111549
0.000112802
0.000114027
0.000115219
0.000116377
0.000117498
0.000118579
0.000119617
0.000120609
0.000121554
0.000122449
0.000123291
0.000124079
0.000124812
0.000125486
0.000126103
0.00012666
0.000127158
0.000127596
0.000127975
0.000128295
0.00012856
0.000128769
0.000128926
0.000129035
0.000129098
0.000129119
0.000129105
0.000129059
0.000128988
0.000128898
0.000128796
0.000128688
0.000128583
0.000128486
0.000128407
0.000128352
0.000128331
0.00012833
)
;

boundaryField
{
    inlet
    {
        type            calculated;
        value           uniform 0;
    }
    outlet
    {
        type            calculated;
        value           nonuniform List<scalar> 
80
(
0.000180412
0.000694153
0.00132553
0.0020484
0.00279536
0.00350551
0.00412708
0.00463253
0.00501931
0.00530187
0.00550246
0.00564389
0.00574514
0.00581974
0.00587635
0.00592013
0.00595409
0.00598013
0.00599951
0.00601319
0.00602192
0.00602628
0.00602674
0.00602369
0.00601743
0.00600817
0.00599609
0.00598133
0.00596396
0.00594405
0.00592163
0.0058967
0.00586927
0.00583931
0.00580679
0.00577166
0.00573386
0.00569334
0.00565002
0.00560381
0.00555465
0.00550243
0.00544706
0.00538845
0.00532647
0.00526104
0.00519202
0.00511932
0.00504279
0.00496234
0.00487783
0.00478913
0.00469613
0.0045987
0.0044967
0.00439002
0.00427852
0.00416209
0.00404061
0.00391394
0.00378199
0.00364463
0.00350175
0.00335324
0.003199
0.00303893
0.00287292
0.00270087
0.00252269
0.00233828
0.00214754
0.00195038
0.00174666
0.00153634
0.00131922
0.00109531
0.000864292
0.000626318
0.000380847
0.00012833
)
;
    }
    topWall
    {
        type            calculated;
        value           uniform 0;
    }
    symmetry
    {
        type            calculated;
        value           uniform 0;
    }
    bottomWall
    {
        type            calculated;
        value           uniform 0;
    }
    frontAndBack
    {
        type            empty;
    }
}


// ************************************************************************* //
