/*--------------------------------*- C++ -*----------------------------------*\
| =========                 |                                                 |
| \\      /  F ield         | OpenFOAM: The Open Source CFD Toolbox           |
|  \\    /   O peration     | Version:  2312                                  |
|   \\  /    A nd           | Website:  www.openfoam.com                      |
|    \\/     M anipulation  |                                                 |
\*---------------------------------------------------------------------------*/
FoamFile
{
    version     2.0;
    format      ascii;
    arch        "LSB;label=32;scalar=64";
    class       volScalarField;
    location    "190";
    object      p;
}
// * * * * * * * * * * * * * * * * * * * * * * * * * * * * * * * * * * * * * //

dimensions      [0 2 -2 0 0 0 0];

internalField   nonuniform List<scalar> 
8400
(
0.0251941
0.0255516
0.0263344
0.0274014
0.028684
0.0301688
0.0318593
0.0337678
0.0359202
0.0383632
0.0411763
0.0444912
0.0485338
0.0535877
0.0608886
0.0251874
0.0255442
0.0263243
0.0273872
0.0286633
0.0301378
0.0318117
0.0336928
0.0357982
0.0381564
0.0408065
0.0437904
0.0471322
0.0507581
0.0547562
0.0251738
0.0255287
0.0263035
0.027358
0.0286207
0.030074
0.0317142
0.0335406
0.0355547
0.0377561
0.0401302
0.0426244
0.0451089
0.0473199
0.0488735
0.0251526
0.0255044
0.0262711
0.0273123
0.0285544
0.0299754
0.031565
0.0333111
0.0351968
0.037192
0.0392396
0.0412383
0.043032
0.0444197
0.0452105
0.0251231
0.0254707
0.0262263
0.0272495
0.0284635
0.0298414
0.0313646
0.0330088
0.0347392
0.0365022
0.0382171
0.0397724
0.0410375
0.0418928
0.0422725
0.0250849
0.0254269
0.0261683
0.0271685
0.0283472
0.0296716
0.0311145
0.0326401
0.0341986
0.0357228
0.0371261
0.0383112
0.0391905
0.0397129
0.0398829
0.0250372
0.0253723
0.0260965
0.0270687
0.0282051
0.0294666
0.0308179
0.0322129
0.0335928
0.0348853
0.0360111
0.0368973
0.0374963
0.0378011
0.0378463
0.0249795
0.0253064
0.0260102
0.0269497
0.0280371
0.0292276
0.0304783
0.0317363
0.0329383
0.034015
0.0349016
0.0355507
0.0359459
0.0361056
0.0360745
0.0249113
0.0252286
0.0259089
0.0268109
0.0278436
0.0289562
0.0301005
0.0312193
0.0322499
0.0331314
0.0338157
0.0342784
0.0345244
0.0345845
0.0345038
0.0248319
0.0251382
0.0257921
0.0266524
0.027625
0.0286546
0.0296891
0.0306705
0.0315402
0.0322486
0.0327643
0.033081
0.0332167
0.0332069
0.0330932
0.0247409
0.025035
0.0256595
0.0264741
0.0273823
0.0283254
0.0292493
0.0300978
0.0308194
0.0313767
0.0317532
0.0319554
0.0320088
0.0319492
0.031813
0.0246376
0.0249183
0.0255108
0.0262764
0.0271168
0.0279713
0.0287859
0.0295083
0.0300958
0.0305228
0.0307848
0.0308972
0.0308887
0.0307932
0.0306417
0.0245218
0.0247878
0.025346
0.0260596
0.0268298
0.0275952
0.0283035
0.0289083
0.0293758
0.0296913
0.0298597
0.0299015
0.0298463
0.0297247
0.0295629
0.0243929
0.0246432
0.0251651
0.0258243
0.0265229
0.0271999
0.0278065
0.0283028
0.0286643
0.0288851
0.028977
0.0289634
0.0288728
0.0287323
0.0285638
0.0242507
0.0244843
0.0249681
0.0255713
0.0261978
0.0267885
0.0272989
0.0276964
0.0279648
0.0281057
0.0281353
0.0280782
0.0279608
0.0278068
0.0276344
0.0240948
0.024311
0.0247553
0.0253015
0.0258563
0.0263636
0.0267841
0.0270924
0.0272798
0.0273537
0.0273328
0.0272416
0.027104
0.0269405
0.0267662
0.023925
0.0241232
0.024527
0.0250158
0.0255002
0.0259278
0.0262652
0.0264939
0.0266113
0.026629
0.0265674
0.0264495
0.0262969
0.0261272
0.0259526
0.0237412
0.023921
0.0242837
0.0247153
0.0251312
0.0254836
0.0257449
0.0259029
0.0259602
0.0259314
0.025837
0.0256985
0.025535
0.0253614
0.0251877
0.0235434
0.0237044
0.024026
0.0244012
0.0247512
0.0250332
0.0252254
0.0253212
0.0253274
0.02526
0.0251394
0.0249853
0.0248141
0.0246385
0.0244667
0.0233316
0.0234737
0.0237545
0.0240746
0.0243617
0.0245785
0.0247085
0.0247501
0.0247129
0.024614
0.0244727
0.0243068
0.0241306
0.0239546
0.0237853
0.0231058
0.0232293
0.0234698
0.0237367
0.0239645
0.0241214
0.0241959
0.0241904
0.0241168
0.0239923
0.0238349
0.0236604
0.0234812
0.0233061
0.02314
0.0228664
0.0229714
0.0231727
0.0233887
0.023561
0.0236633
0.0236888
0.0236429
0.0235389
0.0233937
0.023224
0.0230437
0.0228632
0.0226898
0.0225274
0.0226136
0.0227006
0.0228641
0.0230317
0.0231526
0.0232057
0.0231881
0.0231077
0.0229787
0.0228172
0.0226384
0.0224543
0.022274
0.0221032
0.0219448
0.0223478
0.0224174
0.0225447
0.0226669
0.0227407
0.0227498
0.0226947
0.0225852
0.0224358
0.0222616
0.0220763
0.0218904
0.0217112
0.0215436
0.0213895
0.0220694
0.0221225
0.0222156
0.0222954
0.0223263
0.0222963
0.022209
0.0220753
0.0219095
0.0217258
0.0215363
0.0213499
0.0211729
0.0210089
0.0208592
0.0217791
0.0218164
0.0218774
0.0219183
0.0219104
0.0218463
0.0217315
0.0215778
0.0213992
0.0212086
0.0210168
0.0208312
0.020657
0.020497
0.020352
0.0214775
0.0215
0.0215312
0.0215365
0.0214942
0.0214003
0.0212624
0.0210926
0.0209042
0.0207091
0.0205164
0.0203326
0.0201619
0.0200062
0.0198659
0.0211652
0.021174
0.0211779
0.0211511
0.0210783
0.020959
0.0208019
0.0206193
0.0204238
0.020226
0.0200338
0.0198528
0.0196859
0.0195348
0.0193993
0.020843
0.0208393
0.0208184
0.0207628
0.0206634
0.0205226
0.02035
0.0201577
0.0199574
0.0197585
0.019568
0.0193902
0.0192276
0.0190812
0.0189505
0.0205117
0.0204966
0.0204534
0.0203725
0.0202504
0.0200917
0.0199067
0.0197073
0.0195041
0.0193056
0.0191176
0.0189437
0.0187857
0.0186441
0.0185182
0.0201722
0.0201469
0.020084
0.0199811
0.0198396
0.0196664
0.019472
0.0192677
0.0190634
0.0188664
0.0186817
0.0185121
0.0183589
0.0182222
0.018101
0.0198253
0.0197911
0.0197109
0.0195891
0.0194317
0.0192469
0.0190457
0.0188385
0.0186345
0.01844
0.0182592
0.0180943
0.0179461
0.0178143
0.0176979
0.0194719
0.0194299
0.0193349
0.0191973
0.0190269
0.0188334
0.0186276
0.0184193
0.0182169
0.0180257
0.0178494
0.0176894
0.0175462
0.0174194
0.0173077
0.0191131
0.0190644
0.018957
0.0188064
0.0186258
0.018426
0.0182175
0.0180097
0.0178099
0.0176228
0.0174512
0.0172964
0.0171584
0.0170365
0.0169294
0.0187496
0.0186954
0.0185777
0.0184168
0.0182286
0.0180247
0.0178154
0.0176093
0.0174129
0.0172304
0.017064
0.0169145
0.0167817
0.0166647
0.0165621
0.0183824
0.0183237
0.0181979
0.018029
0.0178355
0.0176296
0.0174209
0.0172176
0.0170255
0.0168481
0.0166871
0.016543
0.0164154
0.0163033
0.0162051
0.0180125
0.0179503
0.0178183
0.0176437
0.017447
0.0172406
0.0170339
0.0168344
0.0166471
0.0164751
0.0163197
0.0161811
0.0160587
0.0159514
0.0158576
0.0176407
0.0175759
0.0174395
0.0172612
0.0170631
0.0168578
0.0166542
0.0164592
0.0162773
0.016111
0.0159614
0.0158283
0.015711
0.0156084
0.0155188
0.0172679
0.0172013
0.0170621
0.016882
0.0166841
0.0164812
0.0162817
0.0160918
0.0159157
0.0157553
0.0156115
0.0154839
0.0153717
0.0152737
0.0151883
0.0168951
0.0168274
0.0166868
0.0165065
0.0163102
0.0161107
0.0159161
0.0157319
0.0155618
0.0154076
0.0152696
0.0151475
0.0150403
0.0149468
0.0148655
0.0165229
0.0164549
0.0163142
0.0161349
0.0159415
0.0157465
0.0155573
0.0153793
0.0152155
0.0150674
0.0149353
0.0148186
0.0147164
0.0146273
0.0145499
0.0161522
0.0160844
0.0159447
0.0157678
0.0155783
0.0153884
0.0152053
0.0150336
0.0148763
0.0147344
0.0146082
0.0144969
0.0143994
0.0143147
0.0142411
0.0157837
0.0157166
0.0155789
0.0154054
0.0152206
0.0150365
0.0148598
0.0146948
0.014544
0.0144084
0.0142879
0.0141819
0.0140892
0.0140086
0.0139387
0.0154181
0.0153522
0.0152173
0.015048
0.0148686
0.0146908
0.0145208
0.0143626
0.0142184
0.014089
0.0139743
0.0138734
0.0137852
0.0137087
0.0136424
0.0150561
0.0149918
0.0148602
0.0146959
0.0145225
0.0143514
0.0141883
0.014037
0.0138994
0.0137761
0.0136669
0.0135711
0.0134874
0.0134149
0.013352
0.0146983
0.0146357
0.0145082
0.0143493
0.0141824
0.0140182
0.0138622
0.0137178
0.0135867
0.0134695
0.0133658
0.0132748
0.0131955
0.0131268
0.0130672
0.0143452
0.0142847
0.0141616
0.0140086
0.0138484
0.0136913
0.0135425
0.013405
0.0132803
0.013169
0.0130707
0.0129844
0.0129093
0.0128443
0.0127879
0.0139973
0.0139391
0.0138207
0.013674
0.0135207
0.0133708
0.0132291
0.0130984
0.0129801
0.0128746
0.0127814
0.0126998
0.0126287
0.0125672
0.0125139
0.0136552
0.0135994
0.013486
0.0133457
0.0131995
0.0130568
0.0129221
0.0127981
0.012686
0.0125861
0.0124979
0.0124208
0.0123536
0.0122955
0.0122452
0.0133193
0.0132659
0.0131576
0.0130239
0.0128847
0.0127492
0.0126215
0.012504
0.012398
0.0123035
0.0122202
0.0121473
0.0120839
0.0120291
0.0119816
0.0129899
0.012939
0.0128359
0.0127088
0.0125767
0.0124482
0.0123274
0.0122163
0.012116
0.0120268
0.0119482
0.0118794
0.0118197
0.0117679
0.0117232
0.0126674
0.0126191
0.0125212
0.0124006
0.0122755
0.0121539
0.0120397
0.0119348
0.0118402
0.011756
0.0116819
0.0116171
0.0115608
0.011512
0.0114699
0.0123522
0.0123064
0.0122137
0.0120995
0.0119812
0.0118664
0.0117586
0.0116597
0.0115705
0.0114912
0.0114214
0.0113603
0.0113073
0.0112614
0.0112217
0.0120444
0.0120011
0.0119135
0.0118057
0.011694
0.0115858
0.0114841
0.0113909
0.011307
0.0112323
0.0111666
0.0111092
0.0110592
0.0110161
0.0109787
0.0117445
0.0117036
0.011621
0.0115193
0.0114141
0.0113121
0.0112164
0.0111287
0.0110497
0.0109795
0.0109177
0.0108637
0.0108167
0.0107761
0.010741
0.0114526
0.0114141
0.0113362
0.0112405
0.0111414
0.0110455
0.0109555
0.0108731
0.0107988
0.0107328
0.0106747
0.010624
0.0105798
0.0105417
0.0105087
0.0111689
0.0111327
0.0110594
0.0109694
0.0108763
0.0107861
0.0107016
0.0106241
0.0105544
0.0104924
0.0104378
0.0103901
0.0103487
0.0103128
0.0102819
0.0108937
0.0108596
0.0107908
0.0107062
0.0106188
0.0105341
0.0104547
0.010382
0.0103165
0.0102583
0.010207
0.0101623
0.0101234
0.0100897
0.0100606
0.0106271
0.0105951
0.0105305
0.0104511
0.010369
0.0102896
0.0102151
0.0101468
0.0100853
0.0100307
0.00998258
0.00994055
0.00990403
0.00987243
0.00984511
0.0103692
0.0103392
0.0102786
0.0102042
0.0101272
0.0100526
0.00998274
0.00991868
0.00986099
0.00980972
0.00976458
0.00972513
0.00969084
0.00966118
0.00963553
0.0101204
0.0100922
0.0100354
0.00996557
0.00989337
0.00982346
0.0097579
0.00969781
0.00964368
0.00959556
0.0095532
0.00951617
0.00948399
0.00945614
0.00943205
0.00988061
0.00985425
0.00980097
0.00973549
0.00966779
0.00960222
0.00954073
0.00948435
0.00943356
0.0093884
0.00934863
0.00931387
0.00928365
0.00925749
0.00923488
0.00965015
0.00962543
0.00957549
0.00951409
0.00945059
0.00938909
0.00933139
0.00927848
0.00923081
0.00918841
0.00915107
0.00911842
0.00909004
0.00906547
0.00904422
0.00942914
0.00940597
0.00935913
0.00930154
0.00924197
0.00918425
0.00913009
0.00908041
0.00903564
0.00899582
0.00896074
0.00893006
0.00890338
0.00888028
0.00886031
0.00921778
0.00919603
0.00915208
0.00909803
0.00904211
0.00898791
0.00893704
0.00889037
0.00884829
0.00881085
0.00877787
0.00874902
0.00872392
0.0087022
0.0086834
0.00901625
0.00899583
0.00895456
0.00890379
0.00885124
0.0088003
0.00875247
0.00870857
0.00866899
0.00863377
0.00860272
0.00857556
0.00855194
0.00853148
0.00851378
0.00882477
0.00880557
0.00876677
0.00871903
0.0086696
0.00862166
0.00857664
0.00853531
0.00849802
0.00846484
0.00843558
0.00840998
0.00838771
0.00836842
0.00835173
0.00864358
0.00862551
0.00858898
0.00854401
0.00849745
0.00845227
0.00840983
0.00837085
0.00833568
0.00830436
0.00827676
0.00825259
0.00823156
0.00821335
0.00819758
0.00847296
0.00845592
0.00842146
0.00837904
0.00833509
0.00829244
0.00825235
0.00821552
0.00818229
0.00815269
0.00812658
0.00810373
0.00808384
0.00806661
0.0080517
0.00831321
0.0082971
0.00826453
0.00822442
0.00818285
0.0081425
0.00810456
0.00806969
0.00803821
0.00801017
0.00798544
0.00796378
0.00794493
0.0079286
0.00791445
0.00816468
0.00814942
0.00811855
0.00808053
0.00804112
0.00800284
0.00796683
0.00793374
0.00790386
0.00787723
0.00785374
0.00783316
0.00781525
0.00779972
0.00778628
0.00802777
0.00801327
0.00798393
0.00794779
0.0079103
0.00787389
0.00783963
0.00780812
0.00777967
0.00775431
0.00773193
0.00771232
0.00769525
0.00768046
0.00766764
0.00790295
0.00788912
0.00786114
0.00782666
0.0077909
0.00775613
0.00772342
0.00769334
0.00766615
0.00764192
0.00762053
0.00760179
0.00758547
0.00757132
0.00755907
0.00779074
0.0077775
0.00775072
0.0077177
0.00768344
0.00765013
0.00761878
0.00758994
0.00756387
0.00754062
0.0075201
0.00750212
0.00748646
0.00747288
0.00746112
0.00769176
0.00767904
0.00765328
0.00762153
0.00758856
0.00755651
0.00752633
0.00749856
0.00747345
0.00745107
0.0074313
0.00741397
0.00739888
0.00738579
0.00737446
0.00760672
0.00759443
0.00756954
0.00753884
0.00750698
0.00747598
0.00744679
0.00741992
0.00739563
0.00737397
0.00735483
0.00733806
0.00732345
0.00731078
0.0072998
0.00753644
0.00752449
0.00750031
0.00747048
0.0074395
0.00740937
0.00738098
0.00735485
0.00733122
0.00731013
0.00729152
0.00727519
0.00726097
0.00724864
0.00723795
0.00748187
0.00747019
0.00744654
0.00741738
0.00738708
0.0073576
0.00732983
0.00730426
0.00728114
0.00726051
0.00724228
0.00722631
0.00721238
0.00720031
0.00718985
0.00744411
0.00743262
0.00740935
0.00738063
0.0073508
0.00732178
0.00729443
0.00726924
0.00724646
0.00722614
0.00720819
0.00719245
0.00717873
0.00716683
0.00715652
0.00742446
0.00741308
0.00739
0.00736152
0.00733193
0.00730314
0.00727601
0.00725102
0.00722843
0.00720826
0.00719045
0.00717483
0.00716122
0.00714941
0.00713918
0.0623266
0.0558272
0.0499342
0.0462558
0.0435485
0.0411052
0.0388262
0.03671
0.034717
0.0328028
0.03094
0.0291133
0.0273133
0.0255345
0.0237742
0.0220328
0.0203133
0.0186205
0.0169611
0.0153434
0.0137769
0.012272
0.0108395
0.00949025
0.00823447
0.00708134
0.00603841
0.00511115
0.00430257
0.00361294
0.00303975
0.00257773
0.00221915
0.00195423
0.00177162
0.00165904
0.00160387
0.00159375
0.00161704
0.00166324
0.00172327
0.00178957
0.00185616
0.00191856
0.00197363
0.00201941
0.00205491
0.00207984
0.0020945
0.00209951
0.00209572
0.00208409
0.00206554
0.00204099
0.00201122
0.00197694
0.00193872
0.00189704
0.00185227
0.0018047
0.00175456
0.00170203
0.00164725
0.00159033
0.00153135
0.00147041
0.00140757
0.00134291
0.00127649
0.00120839
0.00113869
0.00106746
0.000994795
0.000920782
0.000845524
0.00076913
0.000691722
0.000613433
0.000534412
0.000454822
0.000374843
0.000294671
0.000214515
0.000134591
5.51083e-05
-2.37718e-05
-0.000101529
-0.000184899
-0.000204293
-0.000658836
0.0554618
0.0517563
0.0478693
0.0450278
0.0427037
0.0405032
0.0383798
0.036355
0.0344159
0.0325373
0.0307011
0.028897
0.0271184
0.0253611
0.0236231
0.0219051
0.0202097
0.0185416
0.0169071
0.015314
0.0137714
0.0122894
0.0108784
0.00954876
0.00831062
0.0071729
0.00614298
0.00522626
0.0044257
0.00374163
0.00317162
0.00271057
0.00235096
0.00208322
0.00189632
0.00177825
0.0017167
0.00169959
0.00171555
0.00175433
0.00180703
0.00186626
0.00192615
0.00198231
0.00203164
0.0020722
0.00210298
0.0021237
0.00213459
0.00213625
0.00212948
0.0021152
0.0020943
0.00206763
0.00203598
0.002
0.00196025
0.00191717
0.00187113
0.00182241
0.00177121
0.0017177
0.00166202
0.00160426
0.00154451
0.00148285
0.00141934
0.00135406
0.00128706
0.00121841
0.0011482
0.00107649
0.00100338
0.000928941
0.000853284
0.000776516
0.000698755
0.000620133
0.000540798
0.000460911
0.000380652
0.000300215
0.000219809
0.000139649
5.99418e-05
-1.91414e-05
-9.71634e-05
-0.000180482
-0.000199483
-0.000663217
0.0490212
0.0474617
0.0452574
0.0431552
0.0412065
0.0393048
0.037432
0.0356067
0.0338308
0.0320934
0.0303835
0.0286938
0.0270195
0.0253578
0.0237074
0.0220693
0.0204462
0.0188427
0.0172651
0.0157208
0.0142187
0.0127687
0.0113809
0.0100658
0.00883358
0.00769339
0.00665315
0.00571898
0.00489476
0.00418191
0.00357922
0.00308287
0.00268663
0.00238216
0.0021595
0.00200757
0.00191474
0.00186942
0.00186049
0.00187776
0.00191224
0.0019563
0.00200376
0.00204985
0.00209112
0.00212525
0.00215091
0.00216752
0.00217506
0.00217395
0.00216483
0.00214848
0.00212572
0.00209736
0.00206413
0.00202665
0.00198548
0.00194106
0.00189373
0.00184378
0.00179141
0.0017368
0.00168007
0.00162133
0.00156065
0.00149811
0.00143378
0.00136772
0.0013
0.00123068
0.00115982
0.00108751
0.00101383
0.000938865
0.00086271
0.000785471
0.000707267
0.000628228
0.000548499
0.000468241
0.000387632
0.000306865
0.000226148
0.000145695
6.57129e-05
-1.3619e-05
-9.19884e-05
-0.000174864
-0.000194952
-0.000680362
0.0452754
0.0444708
0.0430594
0.0414494
0.0398184
0.0381771
0.0365231
0.0348712
0.0332322
0.031607
0.0299931
0.0283883
0.0267915
0.0252022
0.023621
0.0220498
0.0204918
0.0189514
0.0174343
0.0159477
0.0144994
0.0130984
0.0117541
0.0104759
0.00927339
0.00815516
0.00712886
0.00620054
0.00537436
0.00465227
0.00403384
0.00351625
0.00309439
0.00276113
0.00250771
0.00232418
0.00219993
0.00212422
0.00208659
0.00207732
0.00208771
0.00211025
0.00213877
0.00216838
0.00219545
0.00221743
0.00223274
0.00224054
0.0022406
0.00223311
0.00221851
0.00219743
0.00217056
0.0021386
0.00210216
0.00206184
0.00201811
0.00197138
0.00192195
0.00187009
0.00181597
0.00175976
0.00170156
0.00164146
0.00157954
0.00151585
0.00145045
0.0013834
0.00131476
0.00124458
0.00117293
0.00109988
0.00102551
0.000949893
0.00087313
0.000795323
0.000716586
0.000637046
0.000556848
0.000476149
0.000395125
0.00031397
0.00023289
0.000152099
7.18068e-05
-7.80966e-06
-8.65369e-05
-0.000168595
-0.000194704
-0.00070706
0.0422033
0.0416452
0.0406781
0.0394799
0.0381743
0.0368026
0.0353803
0.0339247
0.0324514
0.0309689
0.0294808
0.0279892
0.0264961
0.0250031
0.0235124
0.0220268
0.0205498
0.0190862
0.0176415
0.0162224
0.0148364
0.0134916
0.0121968
0.0109608
0.00979241
0.00869974
0.00769014
0.00676959
0.00594245
0.00521115
0.00457601
0.00403521
0.00358482
0.00321902
0.00293039
0.00271029
0.00254934
0.00243781
0.00236612
0.00232517
0.00230667
0.00230335
0.00230905
0.0023188
0.00232875
0.00233611
0.00233897
0.0023362
0.00232726
0.00231205
0.0022908
0.00226393
0.00223195
0.00219542
0.00215489
0.00211083
0.00206368
0.00201379
0.00196145
0.00190689
0.00185027
0.00179174
0.00173138
0.00166929
0.00160551
0.0015401
0.00147311
0.00140459
0.00133458
0.00126313
0.00119031
0.00111617
0.00104078
0.000964221
0.00088658
0.000807954
0.000728453
0.000648201
0.000567337
0.000486016
0.000404413
0.000322717
0.000241137
0.000159885
7.91746e-05
-8.24819e-07
-7.99321e-05
-0.000161517
-0.000198399
-0.000729815
0.0397638
0.0393468
0.0386491
0.0377382
0.0366844
0.0355309
0.0343022
0.0330178
0.031694
0.0303425
0.0289709
0.0275845
0.0261874
0.0247834
0.023376
0.0219691
0.020567
0.0191746
0.0177976
0.0164423
0.0151159
0.0138259
0.0125804
0.0113877
0.0102557
0.00919207
0.00820374
0.00729647
0.0064746
0.00574083
0.00509599
0.00453902
0.00406693
0.00367499
0.00335695
0.00310535
0.00291192
0.00276797
0.00266475
0.00259388
0.00254754
0.00251877
0.00250157
0.002491
0.00248309
0.00247488
0.00246424
0.0024498
0.00243076
0.00240679
0.00237789
0.00234429
0.00230635
0.00226449
0.00221913
0.00217069
0.00211953
0.00206594
0.00201018
0.00195244
0.00189288
0.0018316
0.00176868
0.0017042
0.00163819
0.00157071
0.00150178
0.00143145
0.00135975
0.00128673
0.00121243
0.00113691
0.00106023
0.000982468
0.000903698
0.000824013
0.00074352
0.000662337
0.000580601
0.000498462
0.000416094
0.000333686
0.000251444
0.000169586
8.83283e-05
7.83375e-06
-7.17272e-05
-0.000153549
-0.000203455
-0.000734384
0.0376955
0.0373452
0.0367935
0.0360646
0.0351964
0.0342209
0.0331605
0.0320329
0.0308529
0.0296324
0.0283806
0.0271043
0.0258093
0.0245006
0.0231827
0.0218604
0.0205383
0.0192217
0.0179163
0.0166283
0.0153645
0.014132
0.0129384
0.0117912
0.010698
0.00966595
0.00870158
0.00781045
0.0069969
0.00626384
0.00561256
0.00504263
0.00455191
0.00413667
0.00379173
0.00351073
0.00328651
0.00311135
0.00297741
0.00287699
0.00280286
0.00274843
0.00270792
0.00267645
0.00265004
0.0026256
0.00260081
0.00257407
0.00254435
0.0025111
0.00247409
0.00243337
0.00238911
0.00234159
0.00229113
0.00223804
0.00218261
0.00212509
0.00206567
0.00200453
0.00194179
0.00187754
0.00181185
0.00174476
0.00167631
0.00160654
0.00153547
0.00146312
0.00138953
0.00131474
0.00123877
0.00116168
0.00108353
0.00100438
0.000924302
0.000843385
0.00076173
0.000679451
0.00059668
0.000513568
0.000430283
0.000347016
0.000263975
0.000181383
9.94626e-05
1.83754e-05
-6.17401e-05
-0.000144354
-0.000206489
-0.00071231
0.0359067
0.0355982
0.0351401
0.034539
0.0338133
0.0329832
0.0320658
0.0310755
0.0300251
0.0289256
0.0277863
0.0266148
0.0254177
0.0242008
0.0229694
0.0217288
0.0204841
0.0192408
0.0180046
0.0167817
0.0155785
0.0144018
0.0132587
0.0121564
0.0111018
0.0101018
0.00916245
0.00828914
0.00748617
0.00675661
0.00610208
0.00552271
0.00501708
0.0045823
0.00421414
0.00390726
0.00365547
0.00345198
0.00328978
0.0031619
0.00306163
0.0029828
0.00291989
0.00286815
0.00282361
0.00278309
0.00274416
0.00270502
0.00266446
0.00262171
0.00257636
0.00252826
0.00247744
0.00242404
0.00236827
0.00231033
0.00225046
0.00218884
0.00212562
0.00206094
0.0019949
0.00192756
0.00185897
0.00178917
0.00171817
0.00164601
0.00157269
0.00149823
0.00142266
0.00134599
0.00126826
0.00118951
0.00110978
0.00102915
0.000947662
0.000865415
0.000782499
0.000699026
0.000615123
0.000530938
0.00044664
0.000362419
0.000278488
0.000195075
0.000112416
3.06747e-05
-5.00585e-05
-0.000133592
-0.000205017
-0.000663696
0.0343256
0.0340435
0.0336463
0.0331327
0.0325116
0.0317948
0.0309942
0.0301206
0.0291843
0.0281949
0.0271608
0.0260895
0.0249875
0.0238609
0.0227154
0.0215564
0.0203893
0.0192197
0.0180532
0.0168958
0.0157538
0.0146336
0.0135419
0.0124854
0.0114707
0.0105042
0.00959169
0.00873835
0.00794844
0.00722514
0.00657037
0.00598472
0.0054674
0.00501628
0.004628
0.00429812
0.00402135
0.0037918
0.00360326
0.00344944
0.00332421
0.00322183
0.00313708
0.00306536
0.00300279
0.00294616
0.00289293
0.00284119
0.00278953
0.00273701
0.00268305
0.00262732
0.00256971
0.00251022
0.00244895
0.00238602
0.00232157
0.00225572
0.0021886
0.00212029
0.00205085
0.00198034
0.00190879
0.0018362
0.0017626
0.00168798
0.00161235
0.00153572
0.0014581
0.0013795
0.00129995
0.00121948
0.00113813
0.00105596
0.000973014
0.000889382
0.000805151
0.000720428
0.000635337
0.000550024
0.000464657
0.000379426
0.00029455
0.000210267
0.000126825
4.44047e-05
-3.6945e-05
-0.000121148
-0.000198213
-0.000595404
0.0329089
0.0326458
0.0322916
0.0318419
0.0313006
0.0306744
0.0299707
0.0291971
0.0283614
0.0274712
0.0265339
0.0255561
0.0245442
0.023504
0.0224412
0.0213612
0.0202695
0.0191716
0.0180732
0.0169799
0.0158978
0.0148331
0.013792
0.0127809
0.0118061
0.0108734
0.00998857
0.00915648
0.00838135
0.00766643
0.00701388
0.00642467
0.00589857
0.0054341
0.00502867
0.00467864
0.00437958
0.00412641
0.00391366
0.00373573
0.00358704
0.0034623
0.00335661
0.00326557
0.0031854
0.0031129
0.00304548
0.00298113
0.00291829
0.00285589
0.00279316
0.00272965
0.00266508
0.00259935
0.00253243
0.00246435
0.00239519
0.00232501
0.00225388
0.00218184
0.00210893
0.00203518
0.00196058
0.00188515
0.00180888
0.00173175
0.00165376
0.00157491
0.0014952
0.00141463
0.00133321
0.00125099
0.00116797
0.00108422
0.000999777
0.000914724
0.000829143
0.000743134
0.00065682
0.000570343
0.000483871
0.000397596
0.000311742
0.000226558
0.000142312
5.92064e-05
-2.2708e-05
-0.000107143
-0.000186583
-0.000516994
0.0316255
0.0313768
0.0310542
0.0306525
0.0301727
0.0296185
0.0289942
0.0283048
0.027556
0.0267537
0.0259038
0.0250122
0.0240843
0.0231259
0.0221421
0.0211384
0.0201199
0.019092
0.0180601
0.0170299
0.016007
0.0149973
0.0140067
0.0130412
0.0121066
0.0112087
0.0103527
0.00954348
0.00878507
0.00808079
0.007433
0.00684301
0.00631102
0.00583616
0.00541649
0.00504913
0.00473041
0.00445599
0.00422115
0.00402089
0.00385022
0.00370429
0.00357853
0.00346879
0.00337142
0.00328328
0.00320176
0.00312477
0.00305066
0.00297821
0.00290655
0.00283506
0.00276335
0.00269118
0.00261844
0.00254507
0.00247106
0.00239642
0.00232116
0.00224529
0.00216882
0.00209173
0.00201403
0.00193568
0.00185667
0.00177697
0.00169657
0.00161545
0.00153359
0.001451
0.00136769
0.00128366
0.00119894
0.00111357
0.0010276
0.000941094
0.00085413
0.000766804
0.000679236
0.000591566
0.000503959
0.000416612
0.000329753
0.000243644
0.000158576
7.47901e-05
-7.61616e-06
-9.18399e-05
-0.000171249
-0.000437203
0.0304531
0.030216
0.0299181
0.0295537
0.0291226
0.0286267
0.0280683
0.0274504
0.026777
0.0260523
0.0252811
0.0244681
0.0236183
0.0227365
0.0218275
0.0208965
0.0199482
0.0189879
0.0180206
0.0170517
0.0160865
0.0151307
0.0141898
0.0132695
0.0123752
0.0115123
0.0106859
0.00990058
0.00916037
0.00846857
0.00782769
0.00723931
0.00670401
0.00622144
0.00579024
0.0054082
0.00507233
0.004779
0.00452414
0.00430339
0.00411229
0.00394642
0.00380159
0.00367391
0.00355988
0.00345644
0.00336102
0.00327148
0.00318609
0.00310355
0.00302284
0.00294324
0.00286424
0.0027855
0.0027068
0.002628
0.00254901
0.00246979
0.0023903
0.0023105
0.00223037
0.00214988
0.00206898
0.00198764
0.00190583
0.0018235
0.00174062
0.00165717
0.00157313
0.00148847
0.0014032
0.00131733
0.00123087
0.00114384
0.00105631
0.000968308
0.000879925
0.00079125
0.000702396
0.0006135
0.00052473
0.000436281
0.000348391
0.000261334
0.000175427
9.09607e-05
8.13238e-06
-7.55271e-05
-0.000153385
-0.00036215
0.0293745
0.0291474
0.0288695
0.0285351
0.0281435
0.0276954
0.0271919
0.0266347
0.0260263
0.0253698
0.0246688
0.023927
0.0231487
0.0223379
0.0214991
0.0206367
0.0197553
0.0188597
0.0179546
0.0170451
0.0161362
0.0152331
0.0143411
0.0134655
0.0126114
0.0117839
0.0109878
0.0102275
0.00950691
0.00882939
0.00819751
0.00761306
0.00707697
0.0065893
0.00614923
0.00575512
0.00540459
0.00509468
0.00482193
0.00458255
0.0043726
0.00418814
0.00402531
0.0038805
0.00375042
0.00363211
0.00352305
0.00342109
0.00332447
0.00323179
0.00314196
0.00305414
0.00296773
0.00288228
0.00279748
0.00271311
0.00262902
0.00254511
0.00246127
0.00237744
0.00229356
0.00220957
0.0021254
0.002041
0.00195631
0.00187128
0.00178587
0.00170004
0.00161374
0.00152697
0.0014397
0.00135193
0.00126368
0.00117496
0.00108581
0.000996284
0.000906446
0.000816384
0.000726208
0.000636054
0.000546087
0.000456505
0.000367553
0.00027952
0.000192752
0.000107602
2.44042e-05
-5.84652e-05
-0.00013397
-0.000295112
0.0283769
0.0281587
0.0278975
0.0275879
0.0272289
0.0268207
0.0263635
0.0258581
0.0253061
0.0247095
0.024071
0.0233935
0.0226804
0.0219352
0.0211616
0.0203637
0.0195456
0.0187116
0.0178661
0.0170138
0.0161593
0.0153075
0.0144633
0.0136316
0.0128174
0.0120253
0.0112599
0.0105254
0.00982567
0.00916393
0.00854286
0.00796441
0.00742979
0.00693942
0.00649293
0.00608919
0.0057264
0.00540215
0.00511357
0.00485741
0.00463024
0.00442855
0.00424885
0.00408782
0.00394236
0.00380969
0.00368733
0.00357316
0.00346542
0.00336264
0.00326365
0.00316755
0.00307363
0.00298137
0.00289036
0.00280032
0.00271102
0.0026223
0.00253403
0.00244608
0.00235836
0.00227078
0.00218327
0.00209573
0.0020081
0.00192031
0.0018323
0.00174402
0.00165542
0.00156647
0.00147715
0.00138744
0.00129735
0.00120689
0.00111609
0.00102499
0.000933658
0.00084217
0.000750636
0.000659187
0.000567987
0.000477239
0.000387191
0.000298151
0.000210495
0.000124648
4.111e-05
-4.08684e-05
-0.000113739
-0.000237165
0.0274497
0.0272397
0.026993
0.0267044
0.0263729
0.0259984
0.0255807
0.0251199
0.0246168
0.0240728
0.0234899
0.0228701
0.0222162
0.0215311
0.0208179
0.0200802
0.0193215
0.0185457
0.0177569
0.0169593
0.0161571
0.015355
0.0145573
0.0137688
0.0129939
0.0122371
0.0115027
0.0107947
0.0101168
0.00947219
0.00886358
0.00829305
0.00776202
0.00727122
0.00682065
0.00640965
0.00603691
0.00570053
0.00539817
0.0051271
0.00488437
0.00466687
0.00447149
0.00429521
0.00413515
0.00398868
0.00385344
0.00372736
0.00360866
0.00349587
0.00338775
0.00328334
0.00318186
0.0030827
0.0029854
0.00288958
0.00279498
0.00270136
0.00260855
0.00251639
0.00242475
0.00233352
0.00224258
0.00215183
0.00206119
0.00197057
0.00187991
0.00178912
0.00169816
0.00160699
0.00151556
0.00142386
0.00133189
0.00123964
0.00114714
0.00105443
0.000961554
0.0008686
0.000775668
0.000682885
0.000590415
0.000498463
0.000407284
0.000317203
0.000228627
0.000142061
5.81851e-05
-2.29112e-05
-9.32313e-05
-0.000188029
0.0265845
0.0263822
0.0261484
0.0258779
0.0255701
0.0252246
0.0248408
0.0244186
0.0239583
0.0234607
0.0229271
0.0223591
0.0217588
0.0211286
0.020471
0.0197891
0.0190859
0.0183649
0.0176298
0.0168842
0.0161323
0.0153779
0.0146254
0.0138789
0.0131427
0.0124209
0.0117175
0.0110364
0.0103812
0.00975483
0.00916012
0.0085992
0.00807368
0.00758451
0.00713205
0.006716
0.00633549
0.00598911
0.00567497
0.00539084
0.00513419
0.00490233
0.0046925
0.00450199
0.00432815
0.00416854
0.00402091
0.00388326
0.00375384
0.00363118
0.003514
0.0034013
0.00329224
0.00318614
0.00308247
0.00298081
0.00288082
0.00278222
0.0026848
0.00258835
0.00249271
0.00239775
0.00230331
0.00220929
0.00211558
0.00202207
0.00192868
0.00183534
0.00174196
0.00164851
0.00155493
0.00146119
0.00136728
0.0012732
0.00117896
0.00108459
0.000990133
0.000895673
0.000801301
0.000707145
0.000613366
0.000520171
0.000427824
0.000336663
0.000247132
0.000159814
7.55757e-05
-4.73803e-06
-7.28352e-05
-0.000146769
0.0257744
0.0255794
0.0253572
0.0251028
0.0248156
0.0244952
0.0241409
0.0237524
0.0233296
0.022873
0.0223833
0.0218618
0.02131
0.0207297
0.0201231
0.0194927
0.0188412
0.0181716
0.017487
0.0167908
0.0160866
0.015378
0.014669
0.0139633
0.0132649
0.0125776
0.0119053
0.0112514
0.0106194
0.0100122
0.00943267
0.00888289
0.0083646
0.00787899
0.00742665
0.00700765
0.00662147
0.00626713
0.00594317
0.00564778
0.00537887
0.00513412
0.00491112
0.00470746
0.00452074
0.0043487
0.00418923
0.00404043
0.00390059
0.00376825
0.00364215
0.00352122
0.00340459
0.00329153
0.00318146
0.00307391
0.00296847
0.00286483
0.00276272
0.00266192
0.00256222
0.00246345
0.00236546
0.0022681
0.00217125
0.0020748
0.00197863
0.00188267
0.00178683
0.00169104
0.00159525
0.00149943
0.00140354
0.00130758
0.00121155
0.00111547
0.0010194
0.000923389
0.000827538
0.000731968
0.00063684
0.000542362
0.000448804
0.000356523
0.000265996
0.000177883
9.32316e-05
1.3529e-05
-5.28303e-05
-0.000112247
0.0250135
0.0248256
0.0246139
0.0243739
0.0241049
0.0238067
0.0234784
0.0231195
0.0227298
0.0223095
0.021859
0.0213792
0.0208711
0.0203362
0.0197763
0.0191934
0.0185897
0.0179679
0.0173307
0.0166811
0.0160222
0.0153574
0.0146901
0.0140239
0.0133623
0.0127089
0.0120672
0.0114406
0.0108323
0.0102451
0.00968174
0.00914441
0.00863492
0.00815458
0.00770424
0.00728422
0.00689434
0.00653399
0.00620209
0.00589722
0.00561767
0.00536151
0.00512664
0.00491095
0.00471228
0.00452858
0.00435789
0.00419841
0.00404852
0.00390677
0.0037719
0.00364286
0.00351872
0.00339872
0.00328225
0.00316877
0.00305784
0.00294911
0.00284226
0.00273704
0.00263322
0.0025306
0.00242899
0.00232824
0.0022282
0.00212874
0.00202975
0.00193111
0.00183275
0.00173458
0.00163654
0.00153858
0.00144066
0.00134278
0.00124491
0.00114709
0.00104935
0.000951752
0.000854379
0.000757354
0.000660835
0.000565032
0.000470223
0.000376777
0.000285207
0.000196246
0.000111104
3.17859e-05
-3.34116e-05
-8.33491e-05
0.0242968
0.0241158
0.0239139
0.0236869
0.0234342
0.0231556
0.0228503
0.0225177
0.0221574
0.0217694
0.0213539
0.0209115
0.0204429
0.0199493
0.019432
0.0188927
0.0183333
0.0177559
0.017163
0.0165571
0.0159411
0.0153178
0.0146905
0.0140623
0.0134363
0.012816
0.0122046
0.0116052
0.0110207
0.0104541
0.00990779
0.00938405
0.00888471
0.00841121
0.00796457
0.00754533
0.00715361
0.00678909
0.00645106
0.00613844
0.00584987
0.00558375
0.00533833
0.00511175
0.00490212
0.00470759
0.00452635
0.00435673
0.0041972
0.00404634
0.00390295
0.00376594
0.0036344
0.00350753
0.00338467
0.00326526
0.00314882
0.00303497
0.00292335
0.00281367
0.00270568
0.00259915
0.00249387
0.00238967
0.00228639
0.00218388
0.00208201
0.00198066
0.00187973
0.00177913
0.00167878
0.00157864
0.00147865
0.00137879
0.00127905
0.00117945
0.00108
0.000980762
0.000881825
0.000783302
0.00068535
0.000588179
0.000492073
0.000397417
0.000304751
0.000214878
0.000129144
4.99447e-05
-1.47082e-05
-5.90829e-05
0.02362
0.0234457
0.0232529
0.0230378
0.0228
0.022539
0.0222542
0.021945
0.021611
0.0212518
0.0208677
0.020459
0.0200261
0.0195699
0.0190915
0.0185921
0.0180735
0.0175373
0.0169856
0.0164207
0.0158451
0.0152612
0.0146719
0.01408
0.0134886
0.0129004
0.0123187
0.0117462
0.0111857
0.01064
0.0101115
0.00960224
0.00911424
0.00864896
0.00820755
0.00779075
0.00739891
0.00703197
0.00668951
0.0063708
0.00607477
0.00580016
0.0055455
0.00530921
0.00508964
0.00488513
0.00469407
0.00451491
0.00434619
0.00418661
0.00403496
0.0038902
0.00375139
0.00361773
0.00348854
0.00336323
0.0032413
0.00312231
0.00300589
0.00289173
0.00277953
0.00266905
0.00256007
0.00245238
0.00234581
0.0022402
0.00213541
0.00203129
0.00192774
0.00182467
0.00172198
0.00161961
0.0015175
0.00141563
0.00131397
0.00121253
0.00111133
0.00101042
0.000909875
0.000809811
0.000710382
0.0006118
0.00051435
0.000418432
0.000324612
0.000233752
0.000147306
6.79324e-05
3.20294e-06
-3.86051e-05
0.0229794
0.0228116
0.0226275
0.0224234
0.0221989
0.0219539
0.0216876
0.0213995
0.0210889
0.0207557
0.0203998
0.0200214
0.0196208
0.0191986
0.0187556
0.0182929
0.0178118
0.0173137
0.0168003
0.0162737
0.0157359
0.0151892
0.014636
0.0140789
0.0135205
0.0129635
0.0124107
0.0118648
0.0113282
0.0108037
0.0102934
0.00979946
0.00932381
0.00886796
0.00843316
0.0080203
0.00762991
0.00726217
0.00691693
0.00659371
0.00629176
0.00601008
0.00574748
0.00550265
0.00527418
0.00506061
0.00486049
0.00467242
0.00449505
0.00432716
0.00416758
0.00401531
0.00386942
0.00372911
0.00359368
0.00346253
0.00333513
0.00321102
0.0030898
0.00297113
0.00285471
0.00274025
0.00262753
0.00251632
0.00240643
0.00229768
0.00218991
0.00208299
0.00197679
0.00187119
0.00176611
0.00166147
0.00155721
0.00145328
0.00134966
0.00124634
0.00114335
0.00104072
0.000938526
0.000836879
0.000735929
0.000635888
0.000537046
0.000439811
0.000344775
0.000252842
0.000165545
8.56899e-05
2.02852e-05
-2.12132e-05
0.0223717
0.0222102
0.0220343
0.0218404
0.0216283
0.0213978
0.0211483
0.0208791
0.0205897
0.0202799
0.0199495
0.0195985
0.0192271
0.0188358
0.0184251
0.0179959
0.0175492
0.0170863
0.0166085
0.0161175
0.0156152
0.0151034
0.0145844
0.0140603
0.0135337
0.0130068
0.0124821
0.0119622
0.0114493
0.010946
0.0104543
0.00997627
0.0095138
0.00906843
0.00864145
0.00823388
0.0078464
0.00747938
0.00713288
0.00680666
0.00650024
0.00621288
0.00594365
0.00569146
0.00545514
0.00523343
0.00502506
0.00482876
0.00464332
0.00446757
0.00430044
0.00414095
0.0039882
0.00384141
0.00369987
0.00356297
0.00343015
0.00330096
0.00317496
0.00305179
0.00293113
0.00281268
0.0026962
0.00258144
0.00246819
0.00235627
0.0022455
0.00213573
0.00202684
0.00191868
0.00181117
0.00170422
0.00159776
0.00149173
0.00138611
0.00128088
0.00117605
0.00107166
0.000967774
0.000864499
0.000761983
0.000660436
0.000560151
0.000461543
0.000365221
0.000272121
0.000183819
0.000103171
3.65329e-05
-6.32945e-06
0.021794
0.0216387
0.0214706
0.0212863
0.0210856
0.0208683
0.020634
0.0203821
0.0201119
0.0198232
0.0195158
0.0191897
0.0188448
0.0184816
0.0181004
0.0177019
0.0172868
0.0168563
0.0164114
0.0159536
0.0154843
0.0150054
0.0145186
0.0140259
0.0135295
0.0130315
0.0125341
0.0120395
0.0115501
0.0110678
0.0105949
0.0101333
0.00968467
0.00925066
0.00883257
0.00843149
0.00804823
0.0076833
0.00733697
0.00700919
0.0066997
0.006408
0.0061334
0.00587503
0.00563192
0.00540302
0.00518722
0.00498342
0.0047905
0.00460741
0.00443314
0.00426677
0.00410744
0.00395438
0.00380688
0.00366434
0.0035262
0.00339198
0.00326123
0.00313359
0.0030087
0.00288627
0.00276601
0.00264768
0.00253105
0.00241593
0.00230214
0.0021895
0.00207787
0.00196712
0.00185715
0.00174785
0.00163915
0.00153098
0.00142332
0.00131613
0.00120942
0.00110323
0.000997613
0.000892667
0.000788539
0.000685437
0.000583655
0.000483613
0.000385929
0.000291559
0.000202091
0.00012034
5.19629e-05
6.51785e-06
0.0212437
0.0210945
0.0209338
0.0207584
0.0205683
0.0203633
0.020143
0.0199067
0.019654
0.0193845
0.019098
0.0187944
0.0184737
0.0181361
0.0177818
0.0174113
0.0170253
0.0166246
0.0162102
0.0157831
0.0153447
0.0148965
0.0144401
0.0139771
0.0135095
0.0130391
0.0125679
0.0120981
0.0116315
0.0111702
0.0107162
0.0102712
0.00983695
0.00941502
0.00900672
0.0086132
0.00823533
0.00787377
0.00752891
0.0072009
0.00688967
0.00659493
0.00631617
0.00605277
0.00580394
0.00556881
0.00534644
0.00513587
0.00493612
0.00474623
0.00456529
0.00439242
0.00422681
0.00406772
0.00391446
0.00376644
0.00362309
0.00348392
0.00334849
0.00321641
0.00308732
0.00296091
0.00283688
0.00271497
0.00259496
0.00247663
0.00235978
0.00224424
0.00212985
0.00201648
0.00190401
0.00179233
0.00168135
0.00157101
0.00146127
0.00135209
0.00124347
0.00113543
0.00102803
0.000921372
0.000815586
0.000710879
0.000607545
0.000506004
0.00040688
0.000311131
0.000220326
0.000137174
6.66081e-05
1.77116e-05
0.0207185
0.0205751
0.0204215
0.0202546
0.0200744
0.0198807
0.0196732
0.0194513
0.0192145
0.0189626
0.0186951
0.0184121
0.0181134
0.017799
0.0174693
0.0171246
0.0167653
0.0163921
0.0160057
0.0156072
0.0151975
0.0147781
0.0143501
0.0139152
0.0134748
0.0130308
0.012585
0.012139
0.0116948
0.0112541
0.0108189
0.0103907
0.00997121
0.00956194
0.0091642
0.00877914
0.00840771
0.00805064
0.00770846
0.00738147
0.00706975
0.00677318
0.00649147
0.00622416
0.00597065
0.00573024
0.00550217
0.00528561
0.0050797
0.0048836
0.00469647
0.00451752
0.00434597
0.00418113
0.00402235
0.00386902
0.0037206
0.0035766
0.00343657
0.00330011
0.00316687
0.0030365
0.00290872
0.00278325
0.00265985
0.00253829
0.00241838
0.00229992
0.00218275
0.00206674
0.00195174
0.00183764
0.00172436
0.00161181
0.00149995
0.00138874
0.00127816
0.00116824
0.00105903
0.000950606
0.000843113
0.00073675
0.000631807
0.000528701
0.000428053
0.00033081
0.000238494
0.000153657
8.0512e-05
2.75613e-05
0.0202163
0.0200787
0.0199318
0.0197729
0.0196019
0.0194188
0.0192232
0.0190145
0.0187923
0.0185563
0.0183063
0.018042
0.0177633
0.0174704
0.0171631
0.016842
0.0165072
0.0161592
0.0157988
0.0154267
0.0150438
0.0146512
0.0142499
0.0138413
0.0134269
0.013008
0.0125863
0.0121634
0.0117409
0.0113205
0.0109038
0.0104925
0.0100881
0.0096919
0.00930533
0.00892952
0.00856543
0.00821388
0.00787548
0.00755064
0.00723959
0.00694236
0.00665883
0.00638869
0.00613153
0.00588681
0.0056539
0.00543213
0.00522076
0.00501905
0.00482627
0.00464168
0.00446458
0.00429431
0.00413026
0.00397184
0.00381852
0.00366982
0.0035253
0.00338456
0.00324721
0.00311294
0.00298144
0.00285242
0.00272564
0.00260086
0.00247788
0.00235649
0.00223653
0.00211784
0.00200029
0.00188376
0.00176814
0.00165336
0.00153935
0.00142606
0.0013135
0.00120165
0.00109058
0.000980354
0.000871109
0.000763038
0.000656425
0.000551685
0.000449425
0.000350569
0.00025657
0.000169782
9.37245e-05
3.63167e-05
0.0197352
0.0196032
0.0194628
0.0193115
0.0191492
0.0189759
0.0187912
0.0185947
0.018386
0.0181647
0.0179306
0.0176835
0.0174232
0.0171497
0.0168631
0.0165635
0.0162512
0.0159266
0.0155902
0.0152426
0.0148845
0.0145168
0.0141406
0.0137568
0.0133668
0.0129718
0.0125732
0.0121724
0.011771
0.0113703
0.010972
0.0105775
0.0101882
0.00980542
0.00943053
0.00906461
0.00870865
0.00836351
0.00802986
0.00770822
0.00739891
0.00710212
0.00681783
0.00654592
0.00628611
0.00603801
0.00580113
0.00557494
0.00535882
0.00515215
0.00495426
0.00476451
0.00458227
0.00440692
0.00423789
0.00407462
0.00391661
0.00376338
0.0036145
0.00346957
0.00332821
0.0031901
0.00305492
0.00292239
0.00279225
0.00266427
0.00253821
0.00241389
0.00229113
0.00216976
0.00204965
0.00193065
0.00181267
0.00169562
0.00157943
0.00146405
0.00134945
0.00123565
0.00112268
0.0010106
0.000899556
0.000789724
0.000681383
0.000574936
0.000470974
0.000370385
0.000274532
0.000185546
0.000106298
4.41783e-05
0.0192734
0.0191469
0.0190128
0.0188687
0.0187145
0.0185504
0.0183759
0.0181908
0.0179944
0.0177867
0.0175672
0.0173358
0.0170924
0.0168368
0.0165691
0.0162894
0.0159978
0.0156947
0.0153804
0.0150554
0.0147204
0.014376
0.0140231
0.0136627
0.0132957
0.0129233
0.0125467
0.0121672
0.011786
0.0114046
0.0110242
0.0106463
0.0102722
0.00990309
0.00954024
0.00918473
0.00883757
0.00849961
0.00817159
0.00785408
0.0075475
0.00725215
0.00696813
0.00669544
0.00643394
0.00618337
0.0059434
0.00571358
0.00549343
0.00528243
0.00508002
0.00488562
0.00469868
0.00451863
0.00434494
0.0041771
0.00401463
0.00385706
0.00370397
0.00355498
0.00340971
0.00326784
0.00312905
0.00299306
0.00285959
0.00272842
0.00259931
0.00247207
0.0023465
0.00222245
0.00209975
0.00197828
0.00185792
0.00173858
0.00162018
0.00150267
0.00138601
0.00127021
0.0011553
0.00104133
0.000928439
0.000816793
0.000706662
0.000598434
0.000492677
0.000390234
0.000292362
0.000200956
0.000118287
5.13075e-05
0.0188295
0.0187082
0.0185802
0.0184429
0.0182964
0.0181409
0.017976
0.0178013
0.0176165
0.0174212
0.0172152
0.0169983
0.0167704
0.0165313
0.016281
0.0160195
0.015747
0.0154637
0.0151698
0.0148658
0.0145522
0.0142295
0.0138985
0.0135599
0.0132146
0.0128636
0.0125079
0.0121487
0.011787
0.0114242
0.0110614
0.0106999
0.0103408
0.00998548
0.00963493
0.00929026
0.00895243
0.00862232
0.00830068
0.00798815
0.0076852
0.00739222
0.00710941
0.00683689
0.00657462
0.00632248
0.00608024
0.00584759
0.00562414
0.00540948
0.00520313
0.00500462
0.00481344
0.00462909
0.0044511
0.00427899
0.0041123
0.0039506
0.0037935
0.00364059
0.00349154
0.00334601
0.00320369
0.00306429
0.00292756
0.00279324
0.0026611
0.00253095
0.00240259
0.00227584
0.00215056
0.0020266
0.00190384
0.00178219
0.00166156
0.00154189
0.00142315
0.00130532
0.00118842
0.00107253
0.000957738
0.000844224
0.00073224
0.000622157
0.000514513
0.000410095
0.000310044
0.000216018
0.000129742
5.78335e-05
0.018402
0.0182859
0.0181636
0.0180328
0.0178937
0.0177463
0.0175903
0.0174254
0.0172512
0.0170674
0.0168739
0.0166704
0.0164567
0.0162327
0.0159984
0.0157538
0.0154989
0.0152338
0.0149588
0.0146743
0.0143805
0.014078
0.0137674
0.0134493
0.0131244
0.0127936
0.0124578
0.0121179
0.011775
0.0114301
0.0110844
0.0107389
0.0103948
0.0100532
0.00971514
0.0093816
0.00905355
0.00873184
0.00841725
0.00811043
0.00781192
0.00752215
0.00724144
0.00696996
0.00670781
0.00645495
0.00621126
0.00597654
0.00575052
0.00553285
0.00532318
0.0051211
0.00492617
0.00473796
0.00455604
0.00437998
0.00420936
0.00404378
0.00388285
0.00372622
0.00357352
0.00342445
0.0032787
0.00313598
0.00299603
0.00285861
0.00272348
0.00259045
0.00245931
0.00232988
0.00220202
0.00207557
0.0019504
0.00182643
0.00170355
0.0015817
0.00146083
0.00134094
0.00122203
0.00110416
0.00098743
0.000871995
0.000758096
0.000646082
0.000536458
0.000429947
0.000327568
0.000230743
0.000140714
6.38604e-05
0.0179896
0.0178784
0.0177617
0.0176371
0.0175049
0.0173652
0.0172175
0.0170618
0.0168975
0.0167245
0.0165425
0.0163513
0.0161508
0.0159408
0.0157213
0.0154921
0.0152534
0.0150053
0.0147478
0.0144813
0.0142059
0.0139223
0.0136306
0.0133317
0.013026
0.0127142
0.0123972
0.0120758
0.0117508
0.0114232
0.0110941
0.0107643
0.0104349
0.010107
0.00978141
0.00945921
0.00914127
0.00882842
0.00852143
0.00822096
0.0079276
0.00764183
0.00736401
0.00709441
0.00683319
0.00658042
0.00633608
0.00610005
0.00587216
0.00565216
0.00543978
0.00523468
0.0050365
0.00484488
0.00465943
0.00447978
0.00430553
0.00413633
0.00397181
0.00381163
0.00365546
0.00350298
0.00335391
0.00320797
0.00306489
0.00292443
0.00278636
0.00265048
0.00251659
0.0023845
0.00225406
0.00212512
0.00199755
0.00187124
0.00174609
0.00162204
0.00149903
0.00137705
0.00125609
0.00113621
0.00101749
0.000900082
0.000784206
0.000670187
0.000558491
0.000449772
0.000344925
0.000245145
0.00015125
6.94716e-05
0.017591
0.0174847
0.0173733
0.0172548
0.0171291
0.0169965
0.0168568
0.0167096
0.0165546
0.0163915
0.0162202
0.0160405
0.0158522
0.0156551
0.0154492
0.0152344
0.0150108
0.0147782
0.0145369
0.0142871
0.0140289
0.0137627
0.0134889
0.0132078
0.0129201
0.0126263
0.0123271
0.0120232
0.0117153
0.0114044
0.0110912
0.0107767
0.0104618
0.0101473
0.00983429
0.00952356
0.00921597
0.00891234
0.00861341
0.00831986
0.00803228
0.00775118
0.00747698
0.00721001
0.0069505
0.00669859
0.00645435
0.00621774
0.00598868
0.00576702
0.00555253
0.00534498
0.00514407
0.0049495
0.00476094
0.00457806
0.00440052
0.00422799
0.00406013
0.00389662
0.00373715
0.00358143
0.00342918
0.00328012
0.003134
0.00299058
0.00284963
0.00271095
0.00257434
0.00243962
0.00230663
0.00217521
0.00204523
0.00191658
0.00178916
0.00166289
0.00153772
0.00141361
0.00129058
0.00116865
0.00104789
0.00092846
0.000810545
0.000694447
0.000580589
0.000469552
0.000362108
0.000259237
0.000161391
7.47346e-05
0.0172053
0.0171037
0.0169975
0.0168846
0.0167652
0.0166395
0.0165071
0.0163679
0.0162215
0.0160678
0.0159065
0.0157374
0.0155604
0.0153753
0.0151821
0.0149805
0.0147707
0.0145527
0.0143264
0.014092
0.0138498
0.0135999
0.0133426
0.0130783
0.0128075
0.0125306
0.0122482
0.0119609
0.0116694
0.0113744
0.0110766
0.0107769
0.0104761
0.010175
0.00987438
0.00957515
0.00927808
0.00898394
0.00869344
0.00840726
0.008126
0.00785018
0.00758026
0.00731661
0.00705952
0.0068092
0.00656577
0.00632929
0.00609975
0.00587705
0.00566107
0.00545164
0.00524852
0.00505148
0.00486025
0.00467453
0.00449404
0.00431848
0.00414754
0.00398094
0.00381839
0.0036596
0.00350432
0.00335227
0.00320322
0.00305693
0.00291318
0.00277176
0.00263248
0.00249517
0.00235964
0.00222576
0.00209338
0.00196239
0.00183269
0.00170419
0.00157684
0.0014506
0.00132545
0.00120143
0.00107861
0.000957101
0.000837087
0.000718838
0.00060273
0.000489272
0.000379112
0.000273035
0.000171177
7.97036e-05
0.0168315
0.0167344
0.0166331
0.0165257
0.0164122
0.016293
0.0161676
0.0160359
0.0158977
0.0157527
0.0156006
0.0154415
0.015275
0.015101
0.0149194
0.0147302
0.0145333
0.0143286
0.0141163
0.0138963
0.0136689
0.0134342
0.0131924
0.0129438
0.0126888
0.0124278
0.0121613
0.0118898
0.0116138
0.011334
0.0110511
0.0107657
0.0104786
0.0101905
0.00990225
0.0096145
0.00932803
0.00904356
0.00876179
0.00848337
0.00820888
0.00793887
0.00767382
0.00741411
0.0071601
0.00691203
0.00667009
0.00643441
0.00620502
0.00598193
0.00576506
0.0055543
0.00534951
0.00515048
0.00495701
0.00476886
0.00458579
0.00440752
0.0042338
0.00406436
0.00389895
0.00373729
0.00357914
0.00342425
0.00327239
0.00312334
0.00297687
0.00283279
0.0026909
0.00255103
0.00241302
0.0022767
0.00214194
0.00200862
0.00187664
0.00174591
0.00161636
0.00148796
0.00136068
0.00123455
0.00110961
0.000985973
0.000863802
0.000743333
0.000624893
0.000508917
0.000395934
0.000286553
0.000180643
8.44229e-05
0.0164685
0.0163759
0.0162794
0.0161771
0.0160694
0.0159562
0.0158375
0.0157129
0.0155823
0.0154454
0.0153021
0.0151521
0.0149954
0.0148318
0.0146611
0.0144834
0.0142984
0.0141062
0.0139068
0.0137002
0.0134866
0.013266
0.0130387
0.0128048
0.0125647
0.0123186
0.0120671
0.0118105
0.0115493
0.0112841
0.0110154
0.0107438
0.01047
0.0101947
0.00991849
0.00964212
0.00936627
0.00909161
0.00881878
0.00854841
0.00828108
0.00801733
0.00775765
0.00750245
0.0072521
0.0070069
0.00676709
0.00653283
0.00630423
0.00608134
0.00586417
0.00565265
0.00544669
0.00524617
0.00505092
0.00486075
0.00467547
0.00449484
0.00431864
0.00414664
0.0039786
0.00381428
0.00365346
0.00349589
0.00334136
0.00318966
0.00304058
0.00289392
0.0027495
0.00260713
0.00246667
0.00232795
0.00219083
0.0020552
0.00192095
0.00178798
0.00165624
0.00152566
0.00139622
0.00126794
0.00114085
0.00101505
0.000890663
0.000767906
0.000647055
0.000528471
0.000412572
0.000299806
0.000189819
8.89281e-05
0.0161157
0.0160273
0.0159354
0.0158382
0.0157358
0.0156285
0.015516
0.0153982
0.0152747
0.0151455
0.0150103
0.014869
0.0147214
0.0145674
0.0144069
0.0142398
0.0140659
0.0138853
0.013698
0.0135039
0.0133031
0.0130957
0.0128818
0.0126617
0.0124355
0.0122036
0.0119662
0.0117237
0.0114765
0.0112252
0.0109701
0.0107118
0.0104509
0.010188
0.00992368
0.00965856
0.00939329
0.00912847
0.00886473
0.00860265
0.00834279
0.00808568
0.00783181
0.00758161
0.00733546
0.00709369
0.00685657
0.00662433
0.00639711
0.00617501
0.0059581
0.00574636
0.00553977
0.00533824
0.00514166
0.0049499
0.00476279
0.00458015
0.0044018
0.00422752
0.00405712
0.00389037
0.00372707
0.003567
0.00340996
0.00325575
0.00310417
0.00295503
0.00280815
0.00266336
0.0025205
0.00237942
0.00223998
0.00210206
0.00196555
0.00183036
0.0016964
0.00156364
0.00143203
0.00130157
0.0011723
0.00104428
0.000917637
0.00079253
0.000669195
0.000547921
0.000429022
0.000312806
0.000198733
9.32486e-05
0.0157722
0.015688
0.0156005
0.0155081
0.0154109
0.0153091
0.0152026
0.0150911
0.0149744
0.0148523
0.0147248
0.0145915
0.0144525
0.0143075
0.0141565
0.0139992
0.0138357
0.013666
0.0134898
0.0133073
0.0131185
0.0129235
0.0127223
0.012515
0.0123019
0.0120832
0.0118591
0.01163
0.0113962
0.011158
0.0109159
0.0106704
0.010422
0.0101711
0.0099184
0.00966435
0.00940956
0.00915459
0.00890001
0.00864638
0.00839423
0.00814408
0.00789639
0.00765161
0.00741013
0.0071723
0.00693842
0.00670874
0.00648345
0.0062627
0.00604658
0.00583516
0.00562844
0.00542638
0.00522894
0.005036
0.00484747
0.00466319
0.00448301
0.00430676
0.00413426
0.00396532
0.00379976
0.00363739
0.003478
0.00332143
0.00316748
0.00301597
0.00286672
0.00271959
0.0025744
0.00243101
0.0022893
0.00214912
0.00201037
0.00187296
0.00173681
0.00160185
0.00146806
0.00133541
0.00120392
0.00107365
0.000944692
0.000817177
0.000691291
0.000567253
0.000445285
0.000325567
0.000207409
9.74082e-05
0.0154374
0.0153572
0.015274
0.0151862
0.015094
0.0149975
0.0148966
0.014791
0.0146807
0.0145654
0.0144451
0.0143194
0.0141884
0.0140518
0.0139096
0.0137616
0.0136078
0.0134481
0.0132824
0.0131108
0.0129332
0.0127497
0.0125602
0.0123651
0.0121643
0.011958
0.0117465
0.01153
0.0113088
0.0110832
0.0108536
0.0106203
0.0103839
0.0101447
0.00990323
0.00966003
0.00941557
0.00917039
0.00892501
0.00867993
0.00843567
0.00819272
0.00795153
0.00771254
0.00747614
0.0072427
0.00701253
0.00678591
0.00656307
0.00634418
0.00612939
0.00591878
0.00571242
0.00551032
0.00531246
0.00511878
0.00492922
0.00474367
0.004562
0.00438409
0.00420978
0.00403892
0.00387133
0.00370685
0.00354531
0.00338654
0.00323036
0.0030766
0.0029251
0.00277571
0.00262827
0.00248264
0.00233869
0.00219629
0.00205534
0.00191573
0.00177739
0.00164024
0.00150425
0.00136939
0.00123567
0.00110311
0.000971794
0.000841818
0.00071332
0.000586455
0.000461356
0.000338099
0.000215865
0.000101426
0.0151108
0.0150345
0.0149553
0.0148719
0.0147844
0.014693
0.0145974
0.0144976
0.0143933
0.0142844
0.0141708
0.0140523
0.0139287
0.0138
0.0136661
0.0135268
0.013382
0.0132317
0.0130759
0.0129143
0.0127472
0.0125744
0.0123961
0.0122122
0.012023
0.0118284
0.0116288
0.0114242
0.0112149
0.0110013
0.0107835
0.010562
0.0103371
0.0101092
0.00987872
0.00964611
0.00941182
0.00917633
0.00894011
0.00870364
0.00846739
0.00823182
0.00799738
0.00776448
0.00753353
0.00730487
0.00707885
0.00685575
0.00663583
0.00641929
0.0062063
0.00599701
0.00579149
0.0055898
0.00539196
0.00519797
0.00500778
0.00482133
0.00463853
0.00445927
0.00428345
0.00411093
0.00394156
0.0037752
0.0036117
0.0034509
0.00329264
0.00313677
0.00298314
0.00283159
0.00268199
0.00253419
0.00238807
0.0022435
0.00210037
0.00195859
0.00181808
0.00167875
0.00154056
0.00140347
0.00126749
0.00113262
0.000998906
0.000866423
0.00073526
0.000605513
0.000477235
0.00035041
0.000224121
0.000105319
0.0147917
0.0147191
0.0146439
0.0145648
0.0144818
0.0143952
0.0143047
0.0142102
0.0141117
0.0140088
0.0139015
0.0137897
0.0136732
0.013552
0.0134258
0.0132946
0.0131583
0.0130168
0.0128701
0.0127181
0.0125607
0.012398
0.0122301
0.0120568
0.0118784
0.0116949
0.0115064
0.0113131
0.0111152
0.0109129
0.0107064
0.0104961
0.0102823
0.0100653
0.00984541
0.00962312
0.00939879
0.00917285
0.00894573
0.00871787
0.0084897
0.00826165
0.00803415
0.0078076
0.00758238
0.00735885
0.00713736
0.00691819
0.00670162
0.00648787
0.00627716
0.00606962
0.0058654
0.00566457
0.0054672
0.0052733
0.00508288
0.00489591
0.00471232
0.00453206
0.00435503
0.00418113
0.00401023
0.00384222
0.00367697
0.00351433
0.00335416
0.00319633
0.00304069
0.00288711
0.00273544
0.00258555
0.00243732
0.00229064
0.00214539
0.00200147
0.0018588
0.0017173
0.00157691
0.0014376
0.00129934
0.00116213
0.00102599
0.000890962
0.000757089
0.000624413
0.000492917
0.000362509
0.00023219
0.000109099
0.0144797
0.0144107
0.0143394
0.0142643
0.0141856
0.0141036
0.0140179
0.0139286
0.0138354
0.0137383
0.013637
0.0135315
0.0134217
0.0133074
0.0131885
0.0130649
0.0129365
0.0128033
0.0126651
0.012522
0.0123738
0.0122206
0.0120624
0.0118991
0.0117309
0.0115577
0.0113798
0.0111971
0.01101
0.0108184
0.0106228
0.0104232
0.01022
0.0100134
0.00980384
0.00959157
0.00937696
0.00916041
0.00894228
0.00872298
0.00850292
0.00828247
0.00806206
0.00784205
0.00762281
0.00740471
0.00718807
0.0069732
0.00676037
0.00654983
0.00634181
0.00613647
0.00593397
0.00573443
0.00553794
0.00534455
0.00515429
0.00496717
0.00478315
0.00460221
0.00442428
0.00424929
0.00407713
0.00390771
0.00374093
0.00357665
0.00341475
0.00325512
0.00309761
0.00294211
0.00278848
0.0026366
0.00248635
0.00233761
0.00219029
0.00204427
0.00189948
0.00175583
0.00161326
0.00147172
0.00133117
0.00119161
0.00105301
0.000915401
0.000778781
0.00064314
0.0005084
0.000374402
0.000240084
0.000112776
0.0141744
0.0141089
0.0140412
0.01397
0.0138955
0.0138178
0.0137368
0.0136524
0.0135643
0.0134726
0.013377
0.0132774
0.0131739
0.0130661
0.012954
0.0128376
0.0127167
0.0125912
0.0124611
0.0123263
0.0121867
0.0120424
0.0118933
0.0117394
0.0115807
0.0114174
0.0112494
0.0110768
0.0108998
0.0107185
0.0105331
0.0103437
0.0101507
0.00995419
0.00975452
0.00955196
0.00934683
0.00913946
0.00893019
0.00871938
0.00850739
0.00829459
0.00808135
0.00786803
0.00765499
0.00744255
0.00723105
0.00702079
0.00681205
0.00660509
0.00640014
0.0061974
0.00599703
0.00579919
0.00560398
0.00541149
0.00522178
0.00503487
0.00485078
0.0046695
0.00449098
0.00431518
0.00414204
0.00397146
0.00380337
0.00363766
0.00347423
0.00331296
0.00315374
0.00299646
0.00284099
0.00268721
0.00253503
0.00238432
0.00223498
0.00208692
0.00194004
0.00179427
0.00164953
0.00150576
0.00136293
0.00122099
0.00107993
0.000939709
0.000800313
0.000661679
0.000523676
0.000386092
0.000247812
0.00011636
0.0138754
0.0138133
0.0137491
0.0136817
0.0136111
0.0135376
0.013461
0.0133811
0.013298
0.0132113
0.0131211
0.0130272
0.0129295
0.0128279
0.0127223
0.0126126
0.0124987
0.0123805
0.0122579
0.012131
0.0119995
0.0118635
0.011723
0.0115779
0.0114283
0.0112741
0.0111155
0.0109524
0.010785
0.0106134
0.0104378
0.0102582
0.0100749
0.00988807
0.00969795
0.00950479
0.00930886
0.00911045
0.00890987
0.00870744
0.00850348
0.00829833
0.00809232
0.00788579
0.00767908
0.0074725
0.00726638
0.00706101
0.00685667
0.00665362
0.00645209
0.00625231
0.00605445
0.00585869
0.00566515
0.00547393
0.00528514
0.00509881
0.004915
0.0047337
0.00455491
0.00437861
0.00420475
0.00403327
0.00386412
0.00369719
0.00353242
0.0033697
0.00320893
0.00305
0.00289282
0.00273727
0.00258324
0.00243064
0.00227936
0.00212931
0.00198039
0.00183253
0.00168564
0.00153967
0.00139456
0.00125024
0.00110669
0.000963851
0.000821658
0.000680014
0.000538741
0.000397581
0.000255381
0.000119857
0.0135824
0.0135235
0.0134627
0.0133989
0.0133321
0.0132626
0.0131902
0.0131147
0.0130362
0.0129544
0.0128693
0.0127807
0.0126886
0.0125928
0.0124933
0.0123899
0.0122825
0.0121712
0.0120557
0.0119361
0.0118123
0.0116841
0.0115517
0.0114149
0.0112737
0.0111283
0.0109785
0.0108244
0.0106661
0.0105038
0.0103374
0.0101671
0.00999311
0.00981554
0.00963461
0.00945053
0.00926352
0.00907384
0.00888177
0.00868757
0.00849155
0.008294
0.00809523
0.00789556
0.0076953
0.00749474
0.00729419
0.00709393
0.00689425
0.0066954
0.00649762
0.00630113
0.00610613
0.0059128
0.00572128
0.00553171
0.00534419
0.00515879
0.00497558
0.0047946
0.00461585
0.00443934
0.00426505
0.00409294
0.00392296
0.00375505
0.00358914
0.00342516
0.003263
0.0031026
0.00294384
0.00278663
0.00263087
0.00247647
0.00232333
0.00217135
0.00202045
0.00187054
0.00172154
0.00157338
0.00142599
0.00127931
0.00113326
0.00098779
0.00084279
0.000698127
0.000553585
0.00040887
0.000262797
0.000123272
0.0132951
0.0132394
0.0131818
0.0131214
0.0130583
0.0129926
0.0129241
0.0128529
0.0127787
0.0127016
0.0126212
0.0125377
0.0124508
0.0123606
0.0122668
0.0121693
0.0120682
0.0119633
0.0118545
0.0117418
0.0116251
0.0115044
0.0113795
0.0112505
0.0111174
0.0109801
0.0108387
0.0106931
0.0105435
0.0103899
0.0102323
0.0100709
0.00990578
0.00973709
0.00956498
0.00938964
0.00921127
0.00903007
0.00884629
0.00866017
0.00847197
0.00828196
0.00809041
0.00789762
0.00770387
0.00750944
0.00731461
0.00711967
0.00692487
0.00673047
0.00653671
0.00634382
0.00615199
0.00596142
0.00577226
0.00558467
0.00539876
0.00521463
0.00503236
0.00485201
0.00467362
0.0044972
0.00432275
0.00415026
0.00397971
0.00381105
0.00364422
0.00347916
0.00331581
0.00315408
0.00299389
0.00283516
0.00267779
0.00252169
0.00236677
0.00221294
0.00206012
0.00190821
0.00175713
0.00160681
0.00145717
0.00130813
0.0011596
0.00101149
0.000863681
0.000716001
0.0005682
0.000419956
0.000270061
0.000126607
0.0130134
0.0129606
0.0129062
0.0128491
0.0127894
0.0127273
0.0126627
0.0125955
0.0125255
0.0124527
0.0123769
0.0122982
0.0122163
0.0121312
0.0120428
0.011951
0.0118557
0.0117569
0.0116544
0.0115482
0.0114382
0.0113244
0.0112067
0.0110851
0.0109595
0.01083
0.0106964
0.0105589
0.0104175
0.0102721
0.010123
0.00996999
0.00981335
0.00965315
0.00948951
0.00932259
0.00915256
0.00897959
0.00880388
0.00862565
0.00844513
0.00826256
0.00807818
0.00789226
0.00770505
0.00751682
0.00732783
0.00713835
0.00694862
0.00675888
0.00656939
0.00638036
0.00619199
0.00600447
0.00581799
0.0056327
0.00544872
0.00526618
0.00508517
0.00490576
0.00472802
0.00455198
0.00437766
0.00420507
0.00403419
0.003865
0.00369748
0.00353156
0.00336719
0.00320431
0.00304285
0.00288272
0.00272386
0.00256617
0.00240957
0.00225398
0.0020993
0.00194545
0.00179235
0.0016399
0.00148804
0.00133665
0.00118565
0.00103491
0.000884302
0.000733615
0.000582575
0.000430838
0.000277176
0.000129867
0.012737
0.0126871
0.0126357
0.0125817
0.0125254
0.0124667
0.0124058
0.0123423
0.0122763
0.0122076
0.0121362
0.0120619
0.0119848
0.0119046
0.0118213
0.0117348
0.011645
0.0115519
0.0114554
0.0113554
0.0112517
0.0111445
0.0110335
0.0109188
0.0108004
0.0106781
0.010552
0.0104222
0.0102885
0.010151
0.0100097
0.0098648
0.00971625
0.00956417
0.00940865
0.00924983
0.00908783
0.00892281
0.00875494
0.00858441
0.00841142
0.00823616
0.00805887
0.00787978
0.00769912
0.00751713
0.00733406
0.00715014
0.00696562
0.00678074
0.00659571
0.00641077
0.00622611
0.00604193
0.00585841
0.0056757
0.00549396
0.00531331
0.00513385
0.00495569
0.0047789
0.00460352
0.0044296
0.00425717
0.00408622
0.00391675
0.00374874
0.00358216
0.00341697
0.00325312
0.00309054
0.00292918
0.00276896
0.0026098
0.00245162
0.00229435
0.0021379
0.00198217
0.0018271
0.00167258
0.00151852
0.00136482
0.00121136
0.00105802
0.000904623
0.000750949
0.000596698
0.000441508
0.000284141
0.000133052
0.0124658
0.0124187
0.0123701
0.0123192
0.012266
0.0122107
0.0121531
0.0120933
0.012031
0.0119663
0.011899
0.011829
0.0117563
0.0116807
0.0116023
0.0115208
0.0114363
0.0113486
0.0112576
0.0111634
0.0110657
0.0109646
0.0108601
0.0107519
0.0106402
0.0105248
0.0104058
0.0102831
0.0101567
0.0100267
0.00989302
0.00975574
0.0096149
0.00947057
0.00932283
0.00917177
0.00901752
0.00886018
0.00869991
0.00853687
0.00837121
0.00820314
0.00803283
0.0078605
0.00768636
0.00751061
0.0073335
0.00715523
0.00697604
0.00679615
0.00661577
0.00643511
0.00625438
0.00607377
0.00589346
0.00571361
0.00553438
0.0053559
0.0051783
0.00500167
0.0048261
0.00465167
0.00447842
0.0043064
0.00413563
0.00396611
0.00379785
0.00363083
0.00346501
0.00330037
0.00313685
0.00297439
0.00281295
0.00265244
0.0024928
0.00233395
0.00217581
0.00201829
0.0018613
0.00170476
0.00154855
0.00139257
0.0012367
0.00108077
0.000924612
0.00076798
0.000610554
0.000451962
0.000290955
0.000136163
0.0121998
0.0121553
0.0121095
0.0120614
0.0120112
0.0119591
0.0119048
0.0118484
0.0117897
0.0117287
0.0116653
0.0115994
0.0115309
0.0114597
0.0113858
0.0113091
0.0112294
0.0111468
0.0110612
0.0109724
0.0108804
0.0107851
0.0106865
0.0105846
0.0104792
0.0103703
0.010258
0.0101421
0.0100227
0.0098997
0.00977321
0.0096432
0.0095097
0.00937277
0.00923247
0.00908886
0.00894205
0.00879212
0.0086392
0.00848342
0.00832492
0.00816387
0.00800042
0.00783476
0.00766707
0.00749755
0.00732641
0.00715384
0.00698006
0.00680526
0.00662966
0.00645346
0.00627685
0.00610002
0.00592315
0.0057464
0.00556994
0.00539389
0.0052184
0.00504357
0.0048695
0.00469627
0.00452396
0.00435261
0.00418226
0.00401294
0.00384465
0.00367739
0.00351115
0.0033459
0.00318161
0.00301823
0.00285571
0.00269399
0.002533
0.00237268
0.00221294
0.0020537
0.00189488
0.00173637
0.00157806
0.00141985
0.00126159
0.00110312
0.000944236
0.000784684
0.000624129
0.00046219
0.000297614
0.000139199
0.0119388
0.0118968
0.0118536
0.0118083
0.011761
0.0117118
0.0116607
0.0116075
0.0115523
0.0114948
0.011435
0.011373
0.0113084
0.0112414
0.0111718
0.0110996
0.0110246
0.0109468
0.0108661
0.0107825
0.0106958
0.0106061
0.0105131
0.010417
0.0103176
0.0102149
0.0101089
0.00999943
0.00988659
0.00977033
0.00965065
0.00952755
0.00940105
0.00927118
0.00913798
0.00900152
0.00886184
0.00871905
0.00857323
0.00842448
0.00827294
0.00811872
0.00796199
0.00780289
0.00764158
0.00747824
0.00731305
0.0071462
0.00697787
0.00680825
0.00663754
0.00646593
0.00629359
0.00612072
0.00594749
0.00577406
0.00560059
0.00542722
0.00525408
0.0050813
0.00490899
0.00473723
0.0045661
0.00439567
0.00422598
0.00405708
0.00388898
0.0037217
0.00355524
0.00338957
0.00322469
0.00306054
0.0028971
0.0027343
0.0025721
0.00241041
0.00224918
0.00208832
0.00192773
0.00176733
0.00160699
0.0014466
0.001286
0.00112503
0.000963462
0.000801036
0.000637406
0.000472184
0.000304113
0.000142159
0.0116828
0.0116432
0.0116025
0.0115598
0.0115153
0.0114689
0.0114208
0.0113707
0.0113187
0.0112646
0.0112083
0.0111499
0.0110891
0.011026
0.0109605
0.0108925
0.0108219
0.0107487
0.0106727
0.0105939
0.0105123
0.0104277
0.0103401
0.0102495
0.0101558
0.0100589
0.00995878
0.00985544
0.00974882
0.00963892
0.0095257
0.00940917
0.00928932
0.00916619
0.00903978
0.00891014
0.00877732
0.00864138
0.0085024
0.00836046
0.00821565
0.0080681
0.00791792
0.00776524
0.00761022
0.00745298
0.00729371
0.00713256
0.0069697
0.00680531
0.00663957
0.00647265
0.00630472
0.00613596
0.00596653
0.00579661
0.00562633
0.00545585
0.0052853
0.00511481
0.00494448
0.00477443
0.00460472
0.00443545
0.00426666
0.00409841
0.00393072
0.00376363
0.00359714
0.00343125
0.00326595
0.00310121
0.002937
0.00277327
0.00260998
0.00244705
0.00228444
0.00212204
0.00195978
0.00179756
0.00163526
0.00147275
0.00130987
0.00114645
0.000982255
0.000817012
0.000650367
0.000481932
0.000310448
0.000145041
0.0114318
0.0113946
0.0113562
0.011316
0.0112741
0.0112304
0.0111851
0.011138
0.011089
0.0110381
0.0109851
0.0109301
0.010873
0.0108136
0.0107519
0.0106879
0.0106214
0.0105525
0.0104809
0.0104067
0.0103299
0.0102502
0.0101677
0.0100822
0.00999384
0.00990244
0.00980798
0.00971041
0.00960969
0.00950581
0.00939872
0.00928843
0.00917492
0.00905819
0.00893826
0.00881515
0.00868889
0.00855954
0.00842713
0.00829175
0.00815348
0.00801239
0.00786859
0.00772219
0.00757332
0.00742211
0.00726869
0.0071132
0.00695581
0.00679667
0.00663594
0.00647378
0.00631035
0.00614583
0.00598035
0.00581409
0.00564719
0.0054798
0.00531204
0.00514404
0.00497593
0.0048078
0.00463974
0.00447185
0.00430418
0.0041368
0.00396974
0.00380305
0.00363674
0.00347081
0.00330527
0.0031401
0.00297528
0.00281077
0.00264653
0.00248249
0.0023186
0.00215478
0.00199094
0.00182699
0.0016628
0.00149824
0.00133315
0.00116734
0.00100058
0.000832584
0.000662994
0.000491422
0.000316612
0.000147844
0.0111859
0.0111508
0.0111147
0.0110769
0.0110374
0.0109964
0.0109537
0.0109094
0.0108633
0.0108154
0.0107656
0.0107138
0.01066
0.0106042
0.0105461
0.0104859
0.0104233
0.0103584
0.0102911
0.0102212
0.0101488
0.0100737
0.00999598
0.00991546
0.00983212
0.00974591
0.00965677
0.00956465
0.00946952
0.00937134
0.00927007
0.00916569
0.0090582
0.00894757
0.00883381
0.00871694
0.00859696
0.00847392
0.00834784
0.00821878
0.0080868
0.00795197
0.00781438
0.0076741
0.00753126
0.00738594
0.00723829
0.00708842
0.00693646
0.00678256
0.00662687
0.00646952
0.00631067
0.00615046
0.00598906
0.0058266
0.00566322
0.00549908
0.00533429
0.00516898
0.00500328
0.00483728
0.00467109
0.00450479
0.00433846
0.00417215
0.00400594
0.00383984
0.0036739
0.00350813
0.00334254
0.00317711
0.00301184
0.0028467
0.00268164
0.00251662
0.00235158
0.00218644
0.00202113
0.00185553
0.00168954
0.00152301
0.00135578
0.00118766
0.0010184
0.000847725
0.000675267
0.000500642
0.000322597
0.000150563
0.010945
0.0109121
0.0108781
0.0108425
0.0108054
0.0107668
0.0107267
0.010685
0.0106416
0.0105965
0.0105497
0.010501
0.0104504
0.0103979
0.0103433
0.0102866
0.0102277
0.0101666
0.0101032
0.0100375
0.00996928
0.00989858
0.00982532
0.00974943
0.00967086
0.00958955
0.00950543
0.00941848
0.00932863
0.00923584
0.00914008
0.00904133
0.00893954
0.00883472
0.00872684
0.00861592
0.00850194
0.00838494
0.00826493
0.00814194
0.00801604
0.00788726
0.00775567
0.00762135
0.00748438
0.00734484
0.00720285
0.00705851
0.00691194
0.00676325
0.00661259
0.00646007
0.00630584
0.00615003
0.00599278
0.00583422
0.0056745
0.00551375
0.00535209
0.00518965
0.00502653
0.00486286
0.00469872
0.00453421
0.00436941
0.00420439
0.00403921
0.00387391
0.00370853
0.0035431
0.00337763
0.00321212
0.00304656
0.00288094
0.00271521
0.00254934
0.00238328
0.00221694
0.00205025
0.00188312
0.00171541
0.001547
0.00137771
0.00120735
0.00103568
0.000862407
0.000687165
0.000509579
0.000328397
0.000153197
0.0107094
0.0106784
0.0106464
0.010613
0.0105781
0.0105418
0.0105041
0.0104649
0.0104241
0.0103817
0.0103377
0.0102919
0.0102443
0.0101949
0.0101435
0.0100902
0.0100348
0.00997733
0.00991766
0.00985575
0.00979153
0.00972495
0.00965592
0.00958441
0.00951033
0.00943364
0.00935428
0.00927219
0.00918733
0.00909966
0.00900912
0.00891569
0.00881933
0.00872002
0.00861774
0.00851247
0.00840423
0.008293
0.0081788
0.00806165
0.00794159
0.00781865
0.00769287
0.00756432
0.00743306
0.00729916
0.00716272
0.00702381
0.00688255
0.00673902
0.00659336
0.00644567
0.00629608
0.0061447
0.00599167
0.00583711
0.00568114
0.0055239
0.0053655
0.00520607
0.0050457
0.00488452
0.00472262
0.00456008
0.004397
0.00423345
0.00406949
0.00390517
0.00374054
0.00357563
0.00341045
0.00324503
0.00307934
0.00291339
0.00274715
0.00258057
0.0024136
0.00224619
0.00207824
0.00190967
0.00174035
0.00157015
0.0013989
0.00122639
0.00105239
0.000876602
0.000698669
0.000518217
0.000334002
0.000155742
0.0104789
0.0104498
0.0104198
0.0103884
0.0103555
0.0103214
0.010286
0.0102491
0.0102108
0.010171
0.0101296
0.0100865
0.0100418
0.00999533
0.00994703
0.00989687
0.00984477
0.00979068
0.00973452
0.00967624
0.00961578
0.00955306
0.00948804
0.00942064
0.0093508
0.00927848
0.0092036
0.00912611
0.00904597
0.00896313
0.00887753
0.00878914
0.00869793
0.00860385
0.00850689
0.00840702
0.00830423
0.00819851
0.00808988
0.00797832
0.00786387
0.00774654
0.00762637
0.0075034
0.00737768
0.00724927
0.00711824
0.00698465
0.0068486
0.00671018
0.00656947
0.00642658
0.00628162
0.00613469
0.00598592
0.0058354
0.00568327
0.00552964
0.00537461
0.00521831
0.00506083
0.00490229
0.00474278
0.00458238
0.0044212
0.00425929
0.00409673
0.00393357
0.00376986
0.00360564
0.00344093
0.00327575
0.0031101
0.00294398
0.00277736
0.0026102
0.00244247
0.0022741
0.00210502
0.00193512
0.0017643
0.00159241
0.00141928
0.00124472
0.00106849
0.000890283
0.000709757
0.000526544
0.000339405
0.000158193
0.0102539
0.0102265
0.0101983
0.0101688
0.010138
0.0101059
0.0100726
0.010038
0.010002
0.00996454
0.00992561
0.00988515
0.0098431
0.00979939
0.00975398
0.0097068
0.00965779
0.00960689
0.00955404
0.00949918
0.00944225
0.00938319
0.00932192
0.0092584
0.00919257
0.00912435
0.0090537
0.00898056
0.00890488
0.0088266
0.00874567
0.00866206
0.00857571
0.0084866
0.00839468
0.00829994
0.00820235
0.00810189
0.00799856
0.00789236
0.00778328
0.00767135
0.00755658
0.00743899
0.00731864
0.00719555
0.00706978
0.00694139
0.00681045
0.00667703
0.00654121
0.00640307
0.00626272
0.00612024
0.00597573
0.0058293
0.00568106
0.0055311
0.00537953
0.00522646
0.00507199
0.00491622
0.00475923
0.00460113
0.00444199
0.00428188
0.00412088
0.00395905
0.00379643
0.00363307
0.00346899
0.00330422
0.00313876
0.00297261
0.00280576
0.00263818
0.00246981
0.00230062
0.00213051
0.00195941
0.00178719
0.00161371
0.00143882
0.00126231
0.00108394
0.000903422
0.00072041
0.000534544
0.000344596
0.000160548
0.0100343
0.0100086
0.00998216
0.00995441
0.00992546
0.00989535
0.00986407
0.00983153
0.00979769
0.00976251
0.00972593
0.0096879
0.00964836
0.00960727
0.00956456
0.00952019
0.00947408
0.00942619
0.00937646
0.00932481
0.00927121
0.00921557
0.00915785
0.00909799
0.00903591
0.00897157
0.00890491
0.00883586
0.00876438
0.00869041
0.0086139
0.0085348
0.00845306
0.00836865
0.00828152
0.00819164
0.00809899
0.00800354
0.00790528
0.00780418
0.00770025
0.00759349
0.0074839
0.0073715
0.00725632
0.00713838
0.00701772
0.00689439
0.00676843
0.00663991
0.00650889
0.00637545
0.00623965
0.00610159
0.00596135
0.00581901
0.00567468
0.00552844
0.0053804
0.00523065
0.00507927
0.00492638
0.00477204
0.00461635
0.00445939
0.00430124
0.00414195
0.00398159
0.00382022
0.00365787
0.00349458
0.00333037
0.00316526
0.00299923
0.0028323
0.00266442
0.00249555
0.00232566
0.00215466
0.00198246
0.00180896
0.00163402
0.00145747
0.00127911
0.00109872
0.000915995
0.000730607
0.000542205
0.000349567
0.000162802
0.00982044
0.00979631
0.00977144
0.00974539
0.00971819
0.00968991
0.00966052
0.00962995
0.00959816
0.0095651
0.00953072
0.00949497
0.0094578
0.00941916
0.009379
0.00933726
0.00929389
0.00924882
0.00920201
0.00915339
0.00910291
0.0090505
0.00899611
0.00893968
0.00888115
0.00882045
0.00875754
0.00869235
0.00862483
0.00855492
0.00848257
0.00840773
0.00833035
0.00825039
0.00816779
0.00808253
0.00799457
0.00790388
0.00781043
0.00771421
0.00761519
0.00751338
0.00740876
0.00730135
0.00719115
0.00707817
0.00696246
0.00684403
0.00672292
0.00659918
0.00647286
0.00634402
0.00621272
0.00607903
0.00594302
0.00580477
0.00566436
0.00552187
0.00537739
0.00523101
0.00508281
0.00493287
0.00478128
0.00462812
0.00447346
0.00431738
0.00415994
0.0040012
0.00384121
0.00368002
0.00351767
0.00335416
0.00318954
0.00302378
0.0028569
0.00268886
0.00251964
0.00234917
0.0021774
0.00200424
0.00182958
0.00165328
0.00147518
0.0012951
0.00111279
0.000927977
0.00074033
0.000549511
0.00035431
0.000164952
0.00961237
0.00958971
0.00956636
0.00954189
0.00951634
0.00948978
0.00946217
0.00943345
0.00940357
0.0093725
0.00934019
0.00930658
0.00927164
0.0092353
0.00919753
0.00915826
0.00911744
0.00907503
0.00903096
0.00898518
0.00893763
0.00888825
0.00883699
0.00878378
0.00872858
0.00867131
0.00861193
0.00855037
0.00848658
0.00842049
0.00835207
0.00828125
0.00820798
0.00813221
0.00805391
0.00797302
0.0078895
0.00780332
0.00771446
0.00762287
0.00752854
0.00743144
0.00733158
0.00722894
0.00712352
0.00701533
0.00690438
0.00679069
0.00667429
0.0065552
0.00643346
0.00630912
0.00618223
0.00605285
0.00592102
0.00578682
0.00565032
0.00551159
0.0053707
0.00522772
0.00508274
0.00493583
0.00478706
0.00463652
0.00448426
0.00433036
0.00417489
0.00401789
0.00385942
0.00369952
0.00353823
0.00337557
0.00321157
0.00304622
0.00287953
0.00271147
0.00254201
0.00237111
0.0021987
0.00202469
0.00184899
0.00167145
0.00149193
0.00131023
0.00112613
0.000939344
0.000749561
0.000556452
0.000358816
0.000166994
0.00941031
0.00938903
0.00936709
0.00934411
0.00932011
0.00929516
0.00926921
0.00924222
0.00921415
0.00918494
0.00915456
0.00912296
0.0090901
0.00905592
0.00902038
0.00898343
0.00894502
0.00890509
0.00886359
0.00882046
0.00877566
0.00872912
0.0086808
0.00863062
0.00857853
0.00852448
0.00846841
0.00841026
0.00834997
0.00828749
0.00822276
0.00815572
0.00808633
0.00801453
0.00794027
0.00786351
0.0077842
0.0077023
0.00761777
0.00753058
0.00744071
0.00734812
0.00725279
0.00715471
0.00705388
0.00695028
0.00684391
0.00673479
0.00662293
0.00650835
0.00639106
0.00627111
0.00614854
0.00602337
0.00589566
0.00576547
0.00563284
0.00549784
0.00536053
0.00522098
0.00507925
0.00493541
0.00478952
0.00464166
0.00449189
0.00434027
0.00418685
0.0040317
0.00387486
0.00371638
0.00355628
0.0033946
0.00323135
0.00306654
0.00290016
0.00273221
0.00256265
0.00239144
0.0022185
0.00204378
0.00186715
0.0016885
0.00150768
0.00132448
0.00113871
0.000950078
0.000758285
0.000563015
0.00036308
0.000168926
0.00921445
0.00919446
0.00917386
0.00915226
0.00912971
0.00910626
0.00908188
0.00905651
0.00903011
0.00900265
0.00897407
0.00894435
0.00891343
0.00888128
0.00884783
0.00881304
0.00877687
0.00873927
0.00870017
0.00865954
0.00861731
0.00857343
0.00852785
0.00848051
0.00843135
0.00838031
0.00832735
0.00827239
0.00821539
0.00815629
0.00809503
0.00803155
0.0079658
0.00789774
0.00782729
0.00775442
0.00767908
0.00760123
0.00752081
0.0074378
0.00735215
0.00726383
0.00717283
0.0070791
0.00698264
0.00688343
0.00678147
0.00667674
0.00656926
0.00645902
0.00634605
0.00623036
0.00611198
0.00599094
0.00586726
0.005741
0.0056122
0.00548089
0.00534715
0.00521101
0.00507254
0.00493179
0.00478882
0.0046437
0.00449647
0.00434719
0.00419592
0.00404271
0.0038876
0.00373063
0.00357184
0.00341124
0.00324887
0.00308471
0.00291878
0.00275106
0.00258152
0.00241012
0.00223679
0.00206147
0.00188405
0.00170441
0.0015224
0.00133783
0.00115051
0.000960162
0.000766489
0.000569192
0.000367093
0.000170743
0.00902502
0.00900624
0.00898687
0.00896657
0.00894538
0.00892333
0.0089004
0.00887654
0.00885171
0.00882587
0.00879899
0.00877102
0.00874192
0.00871164
0.00868015
0.00864739
0.00861331
0.00857787
0.00854103
0.00850271
0.00846289
0.00842149
0.00837848
0.00833379
0.00828736
0.00823915
0.00818909
0.00813713
0.00808321
0.00802727
0.00796927
0.00790913
0.00784681
0.00778225
0.00771539
0.00764619
0.0075746
0.00750055
0.00742402
0.00734495
0.0072633
0.00717905
0.00709214
0.00700255
0.00691026
0.00681524
0.00671748
0.00661697
0.00651368
0.00640764
0.00629882
0.00618725
0.00607294
0.0059559
0.00583617
0.00571375
0.0055887
0.00546104
0.00533081
0.00519806
0.00506284
0.00492518
0.00478515
0.00464279
0.00449814
0.00435127
0.00420221
0.00405101
0.00389771
0.00374235
0.00358496
0.00342555
0.00326415
0.00310077
0.0029354
0.00276802
0.00259862
0.00242715
0.00225355
0.00207775
0.00189965
0.00171914
0.00153607
0.00135027
0.00116152
0.000969582
0.000774161
0.000574973
0.000370852
0.000172444
0.00884226
0.0088246
0.00880639
0.00878729
0.00876736
0.00874661
0.00872504
0.00870258
0.00867922
0.00865489
0.00862958
0.00860324
0.00857583
0.00854731
0.00851763
0.00848675
0.00845463
0.00842122
0.00838646
0.00835032
0.00831273
0.00827365
0.00823303
0.00819081
0.00814694
0.00810136
0.00805402
0.00800485
0.00795382
0.00790084
0.00784588
0.00778887
0.00772976
0.00766849
0.007605
0.00753925
0.00747117
0.00740072
0.00732784
0.00725249
0.00717463
0.0070942
0.00701118
0.00692552
0.00683719
0.00674616
0.00665241
0.00655591
0.00645665
0.00635461
0.00624979
0.00614219
0.00603181
0.00591865
0.00580273
0.00568406
0.00556267
0.00543858
0.00531181
0.00518241
0.0050504
0.00491582
0.00477872
0.00463913
0.00449709
0.00435265
0.00420585
0.00405672
0.0039053
0.00375162
0.0035957
0.00343758
0.00327725
0.00311474
0.00295003
0.00278311
0.00261395
0.00244252
0.00226877
0.00209261
0.00191395
0.00173269
0.00154869
0.00136176
0.00117172
0.000978328
0.000781295
0.000580353
0.000374353
0.000174027
0.00866642
0.0086498
0.00863266
0.00861469
0.00859592
0.00857639
0.00855607
0.00853492
0.00851291
0.00849
0.00846614
0.00844132
0.00841548
0.00838859
0.0083606
0.00833147
0.00830116
0.00826963
0.00823682
0.00820269
0.00816718
0.00813026
0.00809187
0.00805195
0.00801045
0.00796733
0.00792252
0.00787596
0.00782761
0.0077774
0.00772529
0.0076712
0.00761509
0.0075569
0.00749656
0.00743404
0.00736926
0.00730217
0.00723274
0.00716089
0.00708658
0.00700977
0.00693042
0.00684847
0.00676389
0.00667664
0.00658669
0.00649402
0.00639859
0.00630039
0.0061994
0.0060956
0.005989
0.00587958
0.00576735
0.00565231
0.00553447
0.00541385
0.00529047
0.00516435
0.0050355
0.00490396
0.00476977
0.00463294
0.00449351
0.00435152
0.004207
0.00405998
0.00391048
0.00375854
0.00360417
0.0034474
0.00328823
0.00312667
0.00296271
0.00279635
0.00262754
0.00245626
0.00228245
0.00210605
0.00192696
0.00174506
0.00156024
0.00137232
0.00118112
0.000986396
0.000787885
0.000585328
0.000377593
0.000175491
0.00849778
0.00848212
0.00846598
0.00844904
0.00843135
0.00841295
0.00839379
0.00837386
0.0083531
0.00833149
0.00830899
0.00828556
0.00826118
0.0082358
0.00820937
0.00818187
0.00815324
0.00812345
0.00809244
0.00806018
0.00802661
0.00799169
0.00795536
0.00791758
0.0078783
0.00783745
0.00779499
0.00775086
0.00770501
0.00765738
0.00760791
0.00755655
0.00750323
0.00744791
0.00739052
0.00733101
0.00726932
0.00720539
0.00713917
0.00707061
0.00699965
0.00692623
0.00685033
0.00677187
0.00669083
0.00660716
0.00652081
0.00643176
0.00633998
0.00624542
0.00614807
0.00604791
0.00594493
0.00583909
0.00573041
0.00561887
0.00550447
0.00538722
0.00526713
0.0051442
0.00501845
0.0048899
0.00475857
0.00462447
0.00448764
0.00434809
0.00420586
0.00406096
0.00391342
0.00376325
0.00361048
0.00345512
0.00329717
0.00313664
0.00297352
0.00280779
0.00263942
0.00246839
0.00229464
0.00211809
0.00193867
0.00175626
0.00157074
0.00138195
0.0011897
0.000993785
0.00079393
0.000589899
0.000380572
0.000176836
0.00833665
0.00832188
0.00830664
0.00829067
0.00827398
0.0082566
0.00823853
0.00821971
0.00820011
0.0081797
0.00815845
0.00813632
0.00811328
0.00808929
0.00806432
0.00803831
0.00801124
0.00798305
0.00795372
0.00792318
0.0078914
0.00785833
0.00782392
0.00778812
0.00775087
0.00771214
0.00767186
0.00762998
0.00758645
0.0075412
0.00749419
0.00744536
0.00739465
0.007342
0.00728735
0.00723064
0.00717183
0.00711084
0.00704763
0.00698214
0.0069143
0.00684407
0.0067714
0.00669623
0.00661851
0.0065382
0.00645525
0.00636962
0.00628128
0.00619018
0.00609629
0.00599959
0.00590004
0.00579763
0.00569234
0.00558416
0.00547306
0.00535906
0.00524214
0.00512231
0.00499957
0.00487393
0.0047454
0.00461399
0.00447971
0.00434259
0.00420263
0.00405985
0.00391427
0.00376591
0.00361477
0.00346085
0.00330418
0.00314473
0.00298251
0.0028175
0.00264966
0.00247896
0.00230535
0.00212876
0.00194911
0.0017663
0.00158019
0.00139065
0.00119749
0.0010005
0.000799434
0.000594066
0.00038329
0.000178062
0.00818334
0.00816939
0.008155
0.0081399
0.00812413
0.00810771
0.00809062
0.00807282
0.00805429
0.00803499
0.00801489
0.00799395
0.00797215
0.00794944
0.0079258
0.00790117
0.00787553
0.00784883
0.00782103
0.00779209
0.00776195
0.00773059
0.00769794
0.00766397
0.00762861
0.00759182
0.00755356
0.00751376
0.00747236
0.00742933
0.0073846
0.0073381
0.0072898
0.00723962
0.00718752
0.00713342
0.00707728
0.00701903
0.00695861
0.00689597
0.00683105
0.00676379
0.00669413
0.00662203
0.00654743
0.00647027
0.00639051
0.00630809
0.00622299
0.00613514
0.00604452
0.00595108
0.0058548
0.00575564
0.00565358
0.00554859
0.00544066
0.00532977
0.0052159
0.00509905
0.00497922
0.0048564
0.00473059
0.00460179
0.00447001
0.00433526
0.00419755
0.00405688
0.00391325
0.00376669
0.00361719
0.00346476
0.00330938
0.00315107
0.0029898
0.00282556
0.00265832
0.00248803
0.00231465
0.00213811
0.00195833
0.00177521
0.00158863
0.00139844
0.00120448
0.00100655
0.000804405
0.000597835
0.000385751
0.000179171
0.00803822
0.00802501
0.00801139
0.0079971
0.00798217
0.00796662
0.00795044
0.00793359
0.00791603
0.00789774
0.00787869
0.00785885
0.00783818
0.00781665
0.00779422
0.00777087
0.00774654
0.0077212
0.00769481
0.00766732
0.0076387
0.0076089
0.00757788
0.00754558
0.00751196
0.00747696
0.00744055
0.00740266
0.00736324
0.00732224
0.0072796
0.00723526
0.00718918
0.00714129
0.00709153
0.00703984
0.00698616
0.00693044
0.00687262
0.00681262
0.0067504
0.0066859
0.00661905
0.0065498
0.0064781
0.00640388
0.00632709
0.00624768
0.00616561
0.00608082
0.00599326
0.0059029
0.00580969
0.0057136
0.00561459
0.00551263
0.0054077
0.00529976
0.00518881
0.00507481
0.00495776
0.00483765
0.00471446
0.00458819
0.00445884
0.0043264
0.00419088
0.00405227
0.00391058
0.0037658
0.00361794
0.00346699
0.00331294
0.00315578
0.00299551
0.00283208
0.00266548
0.00249567
0.00232259
0.00214618
0.00196635
0.00178302
0.00159607
0.00140535
0.00121071
0.00101195
0.000808852
0.000601213
0.000387959
0.000180164
0.00790167
0.00788915
0.00787623
0.00786267
0.00784851
0.00783375
0.0078184
0.0078024
0.00778573
0.00776837
0.00775028
0.00773143
0.0077118
0.00769134
0.00767003
0.00764782
0.00762469
0.00760059
0.00757549
0.00754934
0.0075221
0.00749373
0.00746419
0.00743342
0.00740139
0.00736803
0.00733331
0.00729717
0.00725956
0.00722042
0.0071797
0.00713735
0.0070933
0.0070475
0.00699989
0.00695042
0.00689902
0.00684562
0.00679018
0.00673263
0.0066729
0.00661094
0.00654669
0.00648008
0.00641105
0.00633956
0.00626553
0.00618892
0.00610966
0.00602771
0.00594302
0.00585553
0.0057652
0.00567198
0.00557584
0.00547673
0.00537462
0.00526948
0.00516128
0.00504999
0.00493559
0.00481806
0.00469737
0.00457353
0.00444651
0.0043163
0.0041829
0.0040463
0.00390649
0.00376347
0.00361722
0.00346773
0.00331501
0.00315902
0.00299975
0.00283718
0.00267127
0.00250198
0.00232926
0.00215304
0.00197325
0.00178979
0.00160256
0.00141141
0.00121619
0.00101672
0.000812794
0.000604213
0.000389923
0.000181045
0.00777413
0.00776222
0.00774994
0.00773705
0.00772357
0.00770954
0.00769493
0.00767971
0.00766385
0.00764732
0.0076301
0.00761216
0.00759346
0.00757398
0.00755367
0.00753252
0.00751047
0.0074875
0.00746356
0.00743863
0.00741264
0.00738557
0.00735737
0.007328
0.0072974
0.00726554
0.00723236
0.00719781
0.00716184
0.00712439
0.00708543
0.00704488
0.00700269
0.0069588
0.00691316
0.00686571
0.00681638
0.00676511
0.00671185
0.00665653
0.00659909
0.00653946
0.00647759
0.00641341
0.00634685
0.00627786
0.00620638
0.00613234
0.00605569
0.00597637
0.00589432
0.0058095
0.00572184
0.00563129
0.00553782
0.00544137
0.00534191
0.00523938
0.00513377
0.00502502
0.00491311
0.00479802
0.00467971
0.00455817
0.00443337
0.00430529
0.00417392
0.00403925
0.00390125
0.00375992
0.00361525
0.0034672
0.00331578
0.00316095
0.0030027
0.00284099
0.00267579
0.00250706
0.00233475
0.00215878
0.00197909
0.00179558
0.00160814
0.00141665
0.00122096
0.0010209
0.000816248
0.000606846
0.000391649
0.000181818
0.00765606
0.00764471
0.007633
0.0076207
0.00760785
0.00759447
0.00758053
0.007566
0.00755087
0.0075351
0.00751866
0.00750153
0.00748367
0.00746506
0.00744567
0.00742545
0.00740439
0.00738243
0.00735954
0.0073357
0.00731084
0.00728494
0.00725796
0.00722984
0.00720054
0.00717002
0.00713823
0.00710512
0.00707063
0.00703472
0.00699734
0.00695841
0.00691791
0.00687575
0.00683189
0.00678627
0.00673882
0.00668949
0.00663821
0.00658491
0.00652955
0.00647204
0.00641234
0.00635036
0.00628606
0.00621936
0.0061502
0.00607852
0.00600425
0.00592734
0.00584772
0.00576534
0.00568014
0.00559206
0.00550105
0.00540706
0.00531004
0.00520994
0.00510673
0.00500035
0.00489077
0.00477795
0.00466187
0.00454248
0.00441977
0.0042937
0.00416426
0.00403142
0.00389515
0.00375544
0.00361227
0.00346562
0.00331546
0.00316176
0.00300451
0.00284367
0.00267919
0.00251104
0.00233916
0.00216349
0.00198395
0.00180045
0.00161289
0.00142114
0.00122507
0.0010245
0.00081924
0.000609134
0.000393152
0.000182489
0.00754799
0.00753713
0.00752592
0.00751416
0.00750187
0.00748906
0.00747572
0.00746181
0.00744733
0.00743222
0.00741648
0.00740007
0.00738297
0.00736514
0.00734656
0.00732718
0.00730699
0.00728593
0.00726399
0.00724111
0.00721727
0.00719242
0.00716651
0.00713951
0.00711138
0.00708206
0.00705151
0.00701968
0.00698652
0.00695198
0.00691601
0.00687855
0.00683955
0.00679894
0.00675668
0.0067127
0.00666694
0.00661934
0.00656984
0.00651837
0.00646487
0.00640928
0.00635152
0.00629154
0.00622926
0.00616463
0.00609757
0.00602802
0.00595592
0.00588119
0.00580378
0.00572362
0.00564065
0.00555482
0.00546606
0.00537431
0.00527953
0.00518165
0.00508064
0.00497643
0.00486899
0.00475828
0.00464425
0.00452687
0.00440609
0.0042819
0.00415425
0.00402312
0.00388847
0.00375029
0.00360855
0.00346321
0.00331426
0.00316165
0.00300537
0.00284536
0.0026816
0.00251404
0.00234261
0.00216726
0.00198791
0.00180447
0.00161685
0.00142491
0.00122854
0.00102756
0.000821793
0.000611091
0.000394438
0.00018306
0.00745049
0.00744006
0.00742931
0.00741801
0.0074062
0.0073939
0.00738109
0.00736773
0.00735381
0.0073393
0.00732417
0.0073084
0.00729195
0.00727481
0.00725694
0.00723831
0.00721888
0.00719862
0.0071775
0.00715549
0.00713253
0.0071086
0.00708365
0.00705764
0.00703053
0.00700227
0.00697282
0.00694212
0.00691014
0.00687681
0.00684209
0.00680592
0.00676824
0.00672901
0.00668816
0.00664563
0.00660137
0.00655531
0.00650738
0.00645753
0.00640569
0.00635179
0.00629577
0.00623756
0.00617709
0.0061143
0.00604911
0.00598147
0.00591129
0.00583852
0.00576308
0.00568491
0.00560395
0.00552013
0.00543338
0.00534366
0.00525089
0.00515502
0.00505599
0.00495376
0.00484826
0.00473946
0.0046273
0.00451174
0.00439273
0.00427025
0.00414425
0.00401469
0.00388154
0.00374478
0.00360435
0.00346025
0.00331242
0.00316084
0.00300547
0.00284627
0.00268319
0.0025162
0.00234522
0.00217021
0.00199107
0.00180774
0.0016201
0.00142804
0.00123143
0.00103013
0.000823943
0.000612744
0.000395528
0.000183543
0.00736421
0.00735416
0.00734379
0.0073329
0.00732151
0.00730964
0.00729729
0.0072844
0.00727097
0.00725697
0.00724237
0.00722715
0.00721128
0.00719473
0.00717748
0.00715948
0.00714072
0.00712115
0.00710075
0.00707948
0.00705729
0.00703416
0.00701003
0.00698488
0.00695866
0.00693132
0.00690282
0.00687311
0.00684214
0.00680986
0.00677622
0.00674117
0.00670466
0.00666662
0.006627
0.00658573
0.00654277
0.00649805
0.0064515
0.00640305
0.00635266
0.00630024
0.00624573
0.00618907
0.00613018
0.006069
0.00600545
0.00593947
0.00587098
0.00579992
0.00572622
0.0056498
0.0055706
0.00548856
0.00540359
0.00531565
0.00522466
0.00513056
0.0050333
0.00493281
0.00482904
0.00472193
0.00461144
0.0044975
0.00438008
0.00425913
0.00413461
0.00400647
0.00387467
0.00373918
0.00359996
0.00345697
0.00331017
0.00315953
0.003005
0.00284654
0.00268412
0.00251766
0.00234712
0.00217244
0.00199353
0.00181032
0.0016227
0.00143057
0.00123379
0.00103223
0.000825711
0.000614106
0.000396426
0.000183936
0.00728987
0.00728014
0.00727009
0.00725954
0.00724851
0.00723702
0.00722504
0.00721256
0.00719954
0.00718597
0.00717182
0.00715706
0.00714168
0.00712563
0.0071089
0.00709144
0.00707324
0.00705426
0.00703446
0.00701381
0.00699228
0.00696982
0.0069464
0.00692197
0.0068965
0.00686993
0.00684224
0.00681336
0.00678325
0.00675187
0.00671915
0.00668505
0.00664951
0.00661249
0.00657391
0.00653372
0.00649186
0.00644827
0.00640289
0.00635564
0.00630648
0.00625532
0.0062021
0.00614676
0.00608922
0.0060294
0.00596726
0.0059027
0.00583565
0.00576606
0.00569383
0.00561892
0.00554123
0.0054607
0.00537727
0.00529085
0.0052014
0.00510883
0.00501308
0.0049141
0.00481182
0.00470618
0.00459713
0.00448461
0.00436856
0.00424895
0.00412571
0.00399881
0.00386819
0.00373382
0.00359565
0.00345365
0.00330776
0.00315795
0.00300418
0.00284639
0.00268455
0.00251859
0.00234845
0.00217408
0.0019954
0.00181232
0.00162475
0.00143258
0.00123568
0.00103393
0.000827144
0.000615215
0.000397161
0.000184258
0.00722829
0.00721881
0.00720903
0.00719876
0.00718802
0.00717682
0.00716516
0.007153
0.00714032
0.0071271
0.00711332
0.00709894
0.00708395
0.00706831
0.007052
0.00703499
0.00701724
0.00699873
0.00697943
0.00695929
0.00693829
0.00691638
0.00689353
0.00686969
0.00684483
0.0068189
0.00679186
0.00676366
0.00673426
0.0067036
0.00667163
0.00663831
0.00660358
0.00656737
0.00652965
0.00649033
0.00644938
0.00640672
0.00636229
0.00631603
0.00626787
0.00621774
0.00616558
0.00611132
0.00605488
0.0059962
0.0059352
0.00587181
0.00580595
0.00573756
0.00566656
0.00559287
0.00551643
0.00543716
0.00535498
0.00526984
0.00518165
0.00509034
0.00499586
0.00489812
0.00479708
0.00469266
0.00458481
0.00447346
0.00435857
0.00424006
0.0041179
0.00399204
0.00386241
0.00372899
0.00359171
0.00345053
0.00330542
0.00315632
0.00300319
0.00284597
0.00268463
0.00251909
0.00234932
0.00217522
0.00199674
0.00181379
0.00162628
0.0014341
0.00123713
0.00103523
0.000828247
0.000616069
0.000397726
0.000184499
0.00718038
0.00717111
0.00716153
0.00715147
0.00714095
0.00712999
0.00711856
0.00710665
0.00709424
0.00708128
0.00706778
0.00705369
0.007039
0.00702367
0.00700769
0.00699102
0.00697362
0.00695548
0.00693655
0.00691681
0.00689621
0.00687472
0.00685231
0.00682893
0.00680454
0.0067791
0.00675256
0.00672489
0.00669602
0.00666592
0.00663454
0.00660181
0.00656769
0.00653212
0.00649505
0.00645642
0.00641616
0.00637421
0.00633052
0.00628502
0.00623763
0.0061883
0.00613696
0.00608353
0.00602794
0.00597013
0.00591001
0.00584753
0.00578259
0.00571513
0.00564507
0.00557234
0.00549687
0.00541857
0.00533737
0.00525321
0.005166
0.00507568
0.00498217
0.00488542
0.00478534
0.00468187
0.00457495
0.00446453
0.00435053
0.0042329
0.00411158
0.00398653
0.00385768
0.003725
0.00358842
0.0034479
0.0033034
0.00315486
0.00300224
0.00284548
0.00268454
0.00251935
0.00234986
0.002176
0.00199769
0.00181486
0.0016274
0.00143522
0.0012382
0.0010362
0.000829081
0.000616721
0.000398162
0.000184687
0.0071472
0.00713805
0.00712861
0.0071187
0.00710834
0.00709753
0.00708627
0.00707453
0.00706229
0.00704952
0.00703621
0.00702232
0.00700783
0.00699273
0.00697696
0.00696052
0.00694337
0.00692548
0.00690681
0.00688733
0.00686702
0.00684582
0.0068237
0.00680063
0.00677657
0.00675146
0.00672527
0.00669795
0.00666946
0.00663975
0.00660875
0.00657644
0.00654274
0.00650761
0.00647099
0.00643282
0.00639304
0.00635159
0.0063084
0.00626342
0.00621656
0.00616778
0.006117
0.00606414
0.00600914
0.00595193
0.00589243
0.00583056
0.00576626
0.00569944
0.00563004
0.00555797
0.00548316
0.00540553
0.00532501
0.00524152
0.005155
0.00506536
0.00497253
0.00487644
0.00477703
0.00467423
0.00456796
0.00445817
0.0043448
0.00422778
0.00410705
0.00398256
0.00385426
0.00372209
0.00358601
0.00344595
0.00330188
0.00315373
0.00300147
0.00284504
0.00268438
0.00251943
0.00235015
0.00217645
0.00199827
0.00181552
0.00162811
0.00143594
0.00123889
0.00103683
0.000829619
0.000617138
0.000398439
0.000184804
0.00712993
0.00712086
0.00711149
0.00710165
0.00709136
0.00708064
0.00706947
0.00705782
0.00704567
0.00703299
0.00701978
0.00700599
0.00699162
0.00697662
0.00696097
0.00694465
0.00692762
0.00690986
0.00689133
0.00687199
0.00685182
0.00683077
0.00680881
0.00678591
0.00676201
0.00673707
0.00671106
0.00668393
0.00665563
0.00662611
0.00659533
0.00656323
0.00652975
0.00649485
0.00645846
0.00642053
0.006381
0.0063398
0.00629688
0.00625216
0.00620559
0.00615709
0.0061066
0.00605404
0.00599935
0.00594244
0.00588326
0.00582172
0.00575774
0.00569126
0.00562219
0.00555047
0.005476
0.00539873
0.00531856
0.00523543
0.00514926
0.00505997
0.0049675
0.00487176
0.0047727
0.00467024
0.00456432
0.00445486
0.00434181
0.00422511
0.00410469
0.0039805
0.00385248
0.00372058
0.00358475
0.00344494
0.00330109
0.00315315
0.00300108
0.00284482
0.00268431
0.0025195
0.00235032
0.00217671
0.0019986
0.00181589
0.00162851
0.00143635
0.00123929
0.0010372
0.000829936
0.000617394
0.000398612
0.000184933
)
;

boundaryField
{
    inlet
    {
        type            zeroGradient;
    }
    outlet
    {
        type            fixedValue;
        value           uniform 0;
    }
    topWall
    {
        type            zeroGradient;
    }
    symmetry
    {
        type            zeroGradient;
    }
    bottomWall
    {
        type            zeroGradient;
    }
    frontAndBack
    {
        type            empty;
    }
}


// ************************************************************************* //
