/*--------------------------------*- C++ -*----------------------------------*\
| =========                 |                                                 |
| \\      /  F ield         | OpenFOAM: The Open Source CFD Toolbox           |
|  \\    /   O peration     | Version:  2312                                  |
|   \\  /    A nd           | Website:  www.openfoam.com                      |
|    \\/     M anipulation  |                                                 |
\*---------------------------------------------------------------------------*/
FoamFile
{
    version     2.0;
    format      ascii;
    arch        "LSB;label=32;scalar=64";
    class       volScalarField;
    location    "190";
    object      Uy;
}
// * * * * * * * * * * * * * * * * * * * * * * * * * * * * * * * * * * * * * //

dimensions      [0 1 -1 0 0 0 0];

internalField   nonuniform List<scalar> 
8400
(
2.85619e-05
5.5417e-05
8.63734e-05
0.0001233
0.000169034
0.000227328
0.000303404
0.000405263
0.000546101
0.000749158
0.00105778
0.00155493
0.00240181
0.00396923
0.0138276
8.49371e-05
0.00016625
0.0002593
0.000370398
0.00050787
0.000682624
0.000909746
0.00121181
0.0016246
0.00220728
0.00306051
0.00435498
0.00637432
0.00951996
0.0147616
0.00014179
0.000279306
0.000435457
0.000621876
0.000852011
0.00114317
0.00151875
0.00201221
0.0026727
0.00357273
0.00481584
0.00653816
0.00889417
0.0119996
0.015994
0.000200564
0.000395673
0.000615958
0.000878381
0.00120095
0.00160619
0.00212331
0.00279127
0.00366159
0.00479883
0.00627418
0.00814546
0.0104206
0.0130074
0.0157041
0.000260385
0.000513809
0.000798611
0.0011367
0.00154983
0.00206414
0.00271152
0.00353067
0.00456588
0.00586087
0.00744487
0.00931125
0.0113964
0.0135724
0.0156745
0.000321047
0.000633377
0.000982756
0.00139549
0.00189611
0.00251245
0.00327586
0.00421979
0.00537497
0.00675972
0.00836609
0.010147
0.0120134
0.0138488
0.0155416
0.00038232
0.000753836
0.00116733
0.00165284
0.00223653
0.00294599
0.00380912
0.00485044
0.00608432
0.00750529
0.00907895
0.0107396
0.0123997
0.0139696
0.0153814
0.000443936
0.000874586
0.00135121
0.00190684
0.00256805
0.00336038
0.00430591
0.00541825
0.00669552
0.00811328
0.00962183
0.0111517
0.0126277
0.013986
0.0151877
0.000505603
0.000994978
0.00153324
0.00215557
0.00288781
0.00375183
0.00476238
0.00592162
0.00721348
0.00860055
0.0100269
0.0114278
0.0127436
0.0139314
0.0149712
0.000567004
0.00111433
0.00171221
0.00239716
0.00319316
0.00411726
0.0051761
0.00636109
0.00764512
0.0089834
0.0103202
0.0115996
0.012777
0.013825
0.0147356
0.000627803
0.00123192
0.00188691
0.0026298
0.00348179
0.00445432
0.00554593
0.00673877
0.00799815
0.00927662
0.0105226
0.0116904
0.0127481
0.0136797
0.0144848
0.000687648
0.00134701
0.00205616
0.00285182
0.00375173
0.00476137
0.00587176
0.00705781
0.00828048
0.00949315
0.0106506
0.0117171
0.0126709
0.0135043
0.0142214
0.000746175
0.00145887
0.00221878
0.00306168
0.00400135
0.00503741
0.00615434
0.00732195
0.00849968
0.00964412
0.0107172
0.0116922
0.0125555
0.0133051
0.0139479
0.000803014
0.00156676
0.00237368
0.00325803
0.00422943
0.00528201
0.00639502
0.00753525
0.00866283
0.00973902
0.010733
0.0116257
0.0124096
0.0130867
0.0136659
0.000857796
0.00166996
0.00251984
0.00343972
0.00443509
0.00549524
0.00659562
0.00770184
0.00877639
0.00978586
0.0107063
0.0115248
0.0122388
0.012853
0.013377
0.000910157
0.00176779
0.00265633
0.0036058
0.0046178
0.0056776
0.00675827
0.00782581
0.00884614
0.00979145
0.0106438
0.0113957
0.0120478
0.0126068
0.0130827
0.000959745
0.0018596
0.00278233
0.00375555
0.00477732
0.00582992
0.00688529
0.00791106
0.00887728
0.00976155
0.0105513
0.011243
0.0118401
0.0123503
0.012784
0.00100623
0.0019448
0.00289716
0.00388844
0.00491374
0.00595328
0.00697907
0.00796129
0.00887439
0.00970106
0.0104332
0.0110706
0.0116186
0.0120857
0.0124821
0.0010493
0.00202287
0.00300024
0.00400415
0.00502736
0.00604898
0.00704206
0.00797995
0.00884156
0.00961418
0.0102935
0.0108818
0.0113858
0.0118144
0.0121776
0.00108868
0.00209337
0.00309115
0.00410258
0.00511871
0.00611845
0.00707666
0.00797023
0.00878239
0.0095045
0.0101353
0.0106792
0.0111437
0.0115379
0.0118715
0.00112413
0.00215591
0.00316959
0.00418378
0.0051885
0.00616322
0.00708521
0.00793507
0.00870009
0.00937515
0.00996157
0.0104651
0.010894
0.0112573
0.0115645
0.00115545
0.00221021
0.00323541
0.00424798
0.00523756
0.00618487
0.00706998
0.00787717
0.00859749
0.00922881
0.00977451
0.0102414
0.0106382
0.0109737
0.0112571
0.00118247
0.00225608
0.00328858
0.00429555
0.00526687
0.00618502
0.0070331
0.00779901
0.00847711
0.00906786
0.00957623
0.0100098
0.0103775
0.010688
0.01095
0.00120509
0.00229341
0.00332919
0.00432701
0.00527749
0.00616527
0.00697663
0.00770284
0.00834123
0.00889437
0.00936849
0.00977177
0.010113
0.0104009
0.0106436
0.00122323
0.00232217
0.00335744
0.00434296
0.00527053
0.00612723
0.00690249
0.00759073
0.00819185
0.00871017
0.00915287
0.00952848
0.00984578
0.0101131
0.0103384
0.00123687
0.00234242
0.00337367
0.00434414
0.00524716
0.00607245
0.0068125
0.00746458
0.00803079
0.00851688
0.00893073
0.00928108
0.0095766
0.00982534
0.0100348
0.00124605
0.00235432
0.00337827
0.00433131
0.00520857
0.00600246
0.00670835
0.00732611
0.00785969
0.00831595
0.00870331
0.00903057
0.00930624
0.00953806
0.00973317
0.00125083
0.00235808
0.00337174
0.00430533
0.00515596
0.0059187
0.00659166
0.00717692
0.00768002
0.00810869
0.00847169
0.00877783
0.00903539
0.00925181
0.00943386
0.00125132
0.00235398
0.00335465
0.00426711
0.00509052
0.0058226
0.0064639
0.00701847
0.00749311
0.00789624
0.00823684
0.00852363
0.00876465
0.00896703
0.00913719
0.00124768
0.00234239
0.00332762
0.00421755
0.00501345
0.0057155
0.00632647
0.00685209
0.00730019
0.00767969
0.00799966
0.0082687
0.00849458
0.00868413
0.00884344
0.0012401
0.00232371
0.00329132
0.00415761
0.00492591
0.00559867
0.00618067
0.00667901
0.00710235
0.00745996
0.00776093
0.00801366
0.00822568
0.00840349
0.0085529
0.00122877
0.00229838
0.00324646
0.00408825
0.00482902
0.00547335
0.00602771
0.00650037
0.00690062
0.00723794
0.00752137
0.00775912
0.00795841
0.00812547
0.0082658
0.00121396
0.00226688
0.00319377
0.0040104
0.00472389
0.00534068
0.00586872
0.00631721
0.00669592
0.00701442
0.00728165
0.00750559
0.00769319
0.00785038
0.0079824
0.00119591
0.00222973
0.003134
0.00392501
0.00461156
0.00520175
0.00570475
0.0061305
0.00648909
0.00679012
0.00704237
0.00725357
0.0074304
0.00757852
0.00770289
0.00117491
0.00218745
0.00306789
0.003833
0.00449305
0.00505759
0.00553678
0.00594112
0.00628091
0.0065657
0.00680407
0.0070035
0.0071704
0.00731017
0.00742751
0.00115124
0.00214058
0.0029962
0.00373525
0.00436933
0.00490916
0.00536571
0.0057499
0.0060721
0.00634176
0.00656726
0.0067558
0.00691353
0.00704558
0.00715643
0.0011252
0.00208965
0.00291965
0.00363263
0.00424129
0.00475736
0.00519239
0.00555758
0.0058633
0.00611887
0.0063324
0.00651084
0.00666007
0.00678499
0.00688984
0.00109707
0.00203521
0.00283896
0.00352595
0.00410981
0.00460302
0.00501759
0.00536486
0.00565514
0.00589753
0.00609991
0.00626897
0.00641031
0.00652862
0.00662792
0.00106715
0.00197778
0.00275481
0.003416
0.00397568
0.00444692
0.00484203
0.00517237
0.00544814
0.00567821
0.00587019
0.0060305
0.00616451
0.00627667
0.00637082
0.00103572
0.00191786
0.00266786
0.00330352
0.00383966
0.00428979
0.00466636
0.0049807
0.00524281
0.00546133
0.00564359
0.00579574
0.00592291
0.00602935
0.00611869
0.00100306
0.00185594
0.00257874
0.00318918
0.00370245
0.00413228
0.00449119
0.00479038
0.00503962
0.00524728
0.00542042
0.00556494
0.00568572
0.00578681
0.00587167
0.000969422
0.00179248
0.00248803
0.00307363
0.00356467
0.003975
0.00431707
0.00460189
0.00483898
0.00503641
0.00520099
0.00533834
0.00545313
0.00554921
0.00562988
0.000935055
0.0017279
0.00239627
0.00295747
0.00342693
0.0038185
0.00414449
0.00441566
0.00464125
0.00482904
0.00498555
0.00511616
0.00522533
0.00531671
0.00539344
0.000900191
0.00166261
0.00230397
0.00284123
0.00328975
0.00366328
0.0039739
0.00423209
0.00444677
0.00462545
0.00477434
0.0048986
0.00500247
0.00508943
0.00516245
0.000865041
0.00159698
0.00221157
0.00272539
0.00315363
0.00350979
0.0038057
0.00405152
0.00425585
0.00442588
0.00456757
0.00468583
0.00478469
0.00486747
0.00493699
0.0008298
0.00153135
0.00211951
0.00261041
0.00301897
0.00335842
0.00364024
0.00387426
0.00406874
0.00423056
0.00436542
0.00447798
0.0045721
0.00465092
0.00471714
0.000794643
0.00146601
0.00202814
0.00249668
0.00288618
0.00320953
0.00347784
0.00370058
0.00388566
0.00403967
0.00416803
0.00427519
0.00436481
0.00443988
0.00450296
0.000759726
0.00140123
0.00193779
0.00238453
0.00275558
0.00306341
0.00331876
0.0035307
0.00370682
0.00385337
0.00397554
0.00407756
0.00416289
0.00423438
0.00429447
0.000725188
0.00133725
0.00184876
0.00227427
0.00262745
0.00292033
0.00316323
0.00336483
0.00353235
0.00367179
0.00378805
0.00388515
0.0039664
0.00403448
0.00409172
0.000691148
0.00127427
0.00176129
0.00216616
0.00250204
0.00278051
0.00301143
0.0032031
0.0033624
0.00349502
0.00360563
0.00369803
0.00377537
0.0038402
0.00389471
0.000657709
0.00121247
0.00167558
0.0020604
0.00237956
0.00264412
0.00286352
0.00304565
0.00319706
0.00332315
0.00342833
0.00351624
0.00358983
0.00365153
0.00370344
0.000624956
0.00115199
0.00159182
0.00195718
0.00226015
0.00251131
0.00271961
0.00289257
0.0030364
0.00315621
0.00325619
0.00333977
0.00340977
0.00346848
0.00351787
0.00059296
0.00109295
0.00151013
0.00185663
0.00214396
0.00238217
0.00257979
0.00274392
0.00288045
0.00299422
0.0030892
0.00316863
0.00323516
0.00329099
0.00333797
0.000561776
0.00103545
0.00143063
0.00175886
0.00203107
0.00225679
0.0024441
0.00259973
0.00272923
0.00283719
0.00292735
0.00300278
0.00306598
0.00311903
0.00316368
0.000531448
0.000979542
0.0013534
0.00166394
0.00192153
0.0021352
0.00231257
0.00246
0.00258273
0.00268509
0.0027706
0.00284216
0.00290215
0.00295252
0.00299493
0.000502004
0.000925287
0.00127848
0.00157192
0.00181539
0.00201742
0.0021852
0.00232471
0.00244091
0.00253786
0.00261889
0.00268672
0.00274361
0.00279138
0.00283162
0.000473464
0.000872711
0.00120591
0.00148281
0.00171264
0.00190343
0.00206195
0.00219383
0.00230371
0.00239544
0.00247213
0.00253636
0.00259025
0.00263551
0.00267365
0.000445836
0.000821826
0.00113569
0.00139661
0.00161327
0.0017932
0.00194278
0.00206727
0.00217106
0.00225773
0.00233024
0.00239098
0.00244196
0.00248479
0.00252089
0.000419121
0.000772625
0.0010678
0.00131328
0.00151722
0.00168667
0.0018276
0.00194497
0.00204286
0.00212464
0.00219308
0.00225045
0.00229861
0.00233909
0.00237321
0.000393309
0.000725092
0.00100222
0.00123279
0.00142444
0.00158376
0.00171634
0.0018268
0.00191898
0.00199604
0.00206054
0.00211463
0.00216006
0.00219825
0.00223045
0.000368386
0.000679195
0.000938894
0.00115507
0.00133484
0.00148437
0.00160887
0.00171266
0.00179931
0.00187177
0.00193246
0.00198338
0.00202614
0.00206211
0.00209245
0.000344328
0.000634891
0.000877763
0.00108003
0.00124832
0.00138839
0.00150507
0.00160239
0.00168368
0.0017517
0.00180869
0.00185651
0.00189669
0.0019305
0.00195903
0.00032111
0.000592128
0.000818753
0.00100758
0.00116478
0.00129568
0.00140479
0.00149585
0.00157194
0.00163564
0.00168903
0.00173385
0.00177152
0.00180323
0.00182998
0.000298697
0.000550847
0.000761777
0.000937618
0.00108408
0.00120612
0.00130789
0.00139286
0.00146391
0.00152341
0.0015733
0.0016152
0.00165043
0.00168008
0.00170512
0.000277054
0.000510978
0.000706739
0.000870017
0.00100609
0.00111953
0.00121419
0.00129326
0.0013594
0.00141482
0.0014613
0.00150035
0.0015332
0.00156086
0.00158421
0.00025614
0.000472446
0.000653535
0.000804651
0.000930658
0.00103576
0.0011235
0.00119684
0.00125821
0.00130965
0.00135282
0.00138909
0.00141961
0.00144531
0.00146702
0.00023591
0.00043517
0.000602051
0.00074138
0.000857619
0.000954625
0.00103565
0.0011034
0.00116013
0.00120769
0.00124761
0.00128118
0.00130942
0.00133322
0.00135332
0.000216317
0.000399061
0.000552168
0.000680057
0.000786805
0.000875936
0.000950417
0.00101273
0.00106492
0.00110869
0.00114545
0.00117637
0.00120239
0.00122431
0.00124284
0.00019731
0.000364026
0.000503755
0.000620523
0.000718035
0.000799493
0.000867594
0.00092459
0.00097235
0.00101242
0.00104609
0.0010744
0.00109824
0.00111833
0.00113531
0.000178836
0.000329967
0.000456677
0.000562612
0.000651117
0.000725085
0.000786952
0.00083875
0.000882172
0.000918615
0.00094924
0.000975005
0.000996704
0.001015
0.00103046
0.000160837
0.000296778
0.000410791
0.000506148
0.000585851
0.00065249
0.00070825
0.000754953
0.000794116
0.000826997
0.000854635
0.000877893
0.000897484
0.000914004
0.000927968
0.000143252
0.000264349
0.000365942
0.000450944
0.000522021
0.000581471
0.000631233
0.000672928
0.000707903
0.000737275
0.000761971
0.000782757
0.000800271
0.000815041
0.000827527
0.000126019
0.000232562
0.00032197
0.000396803
0.000459399
0.000511775
0.000555631
0.000592389
0.000623232
0.000649141
0.00067093
0.000689273
0.000704731
0.000717769
0.000728794
0.000109068
0.000201291
0.000278701
0.000343513
0.000397744
0.000443135
0.000481155
0.00051303
0.000539783
0.000562261
0.000581169
0.00059709
0.000610509
0.000621829
0.000631402
9.23253e-05
0.0001704
0.000235949
0.000290844
0.000336792
0.000375261
0.000407491
0.000434519
0.000457209
0.000476278
0.000492321
0.000505832
0.000517221
0.00052683
0.000534956
7.57113e-05
0.000139742
0.00019351
0.00023855
0.000276258
0.000307837
0.0003343
0.000356497
0.000375135
0.000390801
0.000403984
0.000415087
0.000424448
0.000432347
0.000439027
5.91384e-05
0.000109157
0.000151165
0.000186361
0.000215833
0.000240519
0.000261211
0.00027857
0.000293148
0.000305403
0.000315717
0.000324405
0.00033173
0.000337912
0.000343141
4.25092e-05
7.84637e-05
0.000108664
0.000133971
0.000155166
0.000172922
0.000187807
0.000200296
0.000210786
0.000219606
0.000227029
0.000233283
0.000238556
0.000243006
0.00024677
2.57212e-05
4.74717e-05
6.57414e-05
8.10522e-05
9.38765e-05
0.000104621
0.00011363
0.000121189
0.000127538
0.000132878
0.000137371
0.000141158
0.00014435
0.000147045
0.000149325
8.6375e-06
1.5939e-05
2.20715e-05
2.7211e-05
3.15159e-05
3.51228e-05
3.8147e-05
4.06848e-05
4.28166e-05
4.46093e-05
4.61182e-05
4.73895e-05
4.84617e-05
4.93665e-05
5.0132e-05
0.0236516
0.0243637
0.0241323
0.0234936
0.0226739
0.0217432
0.0207454
0.0197166
0.0186801
0.0176488
0.0166301
0.015628
0.0146451
0.0136824
0.0127408
0.0118205
0.010922
0.010046
0.00919345
0.00836584
0.00756502
0.00679333
0.00605351
0.00534858
0.00468178
0.00405631
0.0034752
0.00294107
0.00245597
0.00202113
0.00163692
0.00130271
0.0010169
0.000776962
0.000579578
0.000420798
0.000296246
0.000201325
0.000131425
8.2098e-05
4.92052e-05
2.90232e-05
1.83108e-05
1.43369e-05
1.48762e-05
1.81802e-05
2.29286e-05
2.81713e-05
3.32648e-05
3.78096e-05
4.1592e-05
4.45323e-05
4.66421e-05
4.79895e-05
4.8673e-05
4.88024e-05
4.84862e-05
4.78239e-05
4.69022e-05
4.57936e-05
4.45566e-05
4.32371e-05
4.18704e-05
4.0483e-05
3.90945e-05
3.77188e-05
3.63659e-05
3.50429e-05
3.37542e-05
3.25031e-05
3.12913e-05
3.012e-05
2.89897e-05
2.79003e-05
2.68517e-05
2.58433e-05
2.48746e-05
2.39447e-05
2.30527e-05
2.21972e-05
2.13766e-05
2.05888e-05
1.98308e-05
1.90982e-05
1.83851e-05
1.76777e-05
1.68605e-05
1.88455e-05
-1.16913e-05
0.000180412
0.0207524
0.0245159
0.0265798
0.0278771
0.0287748
0.02937
0.0297253
0.0298963
0.0299199
0.0298168
0.0295998
0.0292778
0.0288573
0.0283433
0.0277403
0.0270524
0.0262839
0.0254396
0.0245246
0.023545
0.0225076
0.0214202
0.0202914
0.0191309
0.0179491
0.0167572
0.0155667
0.0143893
0.0132366
0.0121197
0.0110487
0.0100324
0.0090782
0.00819162
0.0073763
0.00663392
0.0059643
0.00536553
0.00483428
0.00436606
0.00395556
0.00359697
0.00328434
0.00301176
0.00277364
0.00256484
0.00238076
0.00221742
0.00207139
0.00193987
0.00182052
0.00171149
0.0016113
0.00151879
0.00143302
0.00135328
0.00127896
0.00120959
0.00114476
0.00108411
0.00102733
0.000974129
0.00092425
0.00087745
0.000833506
0.000792208
0.000753365
0.0007168
0.000682351
0.000649867
0.000619215
0.000590268
0.000562915
0.000537051
0.000512585
0.000489428
0.000467503
0.000446736
0.00042706
0.000408411
0.000390728
0.00037395
0.000358014
0.000342854
0.000328395
0.000314382
0.000302698
0.000280552
0.000273685
0.000694152
0.0203564
0.0235536
0.0257143
0.0273512
0.0286853
0.029763
0.0306151
0.0312791
0.0317837
0.0321462
0.0323774
0.0324849
0.0324736
0.0323472
0.0321084
0.0317594
0.0313026
0.0307409
0.0300779
0.0293184
0.0284683
0.027535
0.0265272
0.0254553
0.0243309
0.0231666
0.0219762
0.0207737
0.019573
0.0183879
0.0172309
0.0161133
0.0150447
0.0140324
0.0130818
0.0121959
0.0113759
0.0106209
0.00992861
0.00929546
0.0087171
0.00818871
0.00770524
0.00726179
0.00685367
0.00647665
0.00612694
0.00580128
0.00549689
0.00521148
0.00494313
0.0046903
0.00445171
0.00422631
0.00401323
0.00381172
0.00362112
0.00344085
0.00327036
0.00310912
0.00295667
0.00281251
0.0026762
0.0025473
0.00242539
0.00231007
0.00220096
0.00209769
0.00199991
0.00190732
0.00181959
0.00173646
0.00165764
0.00158291
0.00151201
0.00144475
0.00138092
0.00132034
0.00126282
0.00120819
0.00115631
0.00110701
0.00106013
0.0010155
0.000972922
0.000932107
0.000894644
0.000843856
0.000861761
0.00132553
0.018578
0.0211131
0.0231771
0.0248891
0.0263472
0.0275884
0.0286379
0.0295235
0.0302693
0.0308912
0.0313988
0.031798
0.0320917
0.0322808
0.0323649
0.0323429
0.0322135
0.0319759
0.03163
0.0311769
0.0306189
0.0299601
0.0292065
0.0283659
0.0274478
0.0264635
0.0254258
0.0243485
0.0232461
0.022133
0.0210237
0.0199313
0.0188677
0.0178431
0.0168657
0.0159413
0.0150737
0.0142646
0.0135137
0.0128194
0.0121787
0.0115876
0.0110419
0.0105368
0.0100679
0.0096307
0.00922121
0.00883587
0.00847162
0.00812585
0.00779645
0.00748169
0.00718022
0.00689098
0.00661312
0.00634599
0.0060891
0.005842
0.00560435
0.00537584
0.00515617
0.00494508
0.0047423
0.00454758
0.00436065
0.00418126
0.00400917
0.00384412
0.00368587
0.00353417
0.00338879
0.00324951
0.0031161
0.00298834
0.00286603
0.00274896
0.00263692
0.00252974
0.00242723
0.00232919
0.00223544
0.0021458
0.00206006
0.00197799
0.00189931
0.00182375
0.00175195
0.00167106
0.00170227
0.0020484
0.0179068
0.0200413
0.0219304
0.0235659
0.0249874
0.0262229
0.0272909
0.0282094
0.0289957
0.0296632
0.0302213
0.0306765
0.031033
0.0312931
0.0314579
0.0315272
0.0315007
0.0313778
0.031158
0.0308418
0.0304302
0.0299257
0.0293322
0.0286552
0.0279018
0.027081
0.0262029
0.0252793
0.0243226
0.0233458
0.0223618
0.0213833
0.0204217
0.0194871
0.018588
0.0177309
0.0169204
0.016159
0.0154475
0.0147853
0.0141702
0.0135993
0.0130688
0.012575
0.0121137
0.0116809
0.0112731
0.0108868
0.0105194
0.0101682
0.00983134
0.00950714
0.00919433
0.00889187
0.008599
0.00831511
0.00803973
0.0077725
0.00751312
0.00726134
0.00701693
0.00677971
0.00654948
0.00632608
0.00610934
0.00589909
0.00569519
0.00549749
0.00530585
0.00512013
0.0049402
0.00476594
0.00459724
0.00443397
0.00427602
0.0041233
0.0039757
0.0038331
0.00369541
0.00356251
0.00343429
0.00331061
0.00319131
0.00307619
0.00296496
0.00285739
0.00275351
0.00264763
0.00266782
0.00279536
0.017311
0.0190495
0.0206676
0.0221341
0.0234528
0.0246322
0.0256789
0.0266007
0.0274064
0.0281042
0.0287009
0.0292012
0.0296085
0.0299251
0.030152
0.0302896
0.0303377
0.030296
0.0301644
0.0299431
0.0296332
0.0292365
0.0287563
0.0281968
0.0275642
0.0268655
0.0261097
0.0253066
0.0244669
0.0236022
0.0227241
0.0218439
0.0209725
0.0201195
0.0192932
0.0185005
0.0177464
0.0170342
0.0163656
0.0157407
0.0151585
0.0146168
0.0141127
0.0136431
0.0132043
0.0127929
0.0124054
0.0120387
0.01169
0.0113569
0.0110372
0.0107293
0.0104318
0.0101435
0.00986353
0.00959126
0.00932613
0.0090677
0.00881564
0.00856968
0.00832957
0.00809513
0.00786618
0.00764256
0.00742412
0.00721074
0.00700229
0.00679868
0.00659979
0.00640555
0.00621587
0.00603068
0.00584991
0.00567353
0.00550147
0.0053337
0.00517018
0.00501088
0.00485575
0.00470476
0.00455785
0.00441496
0.00427598
0.00414074
0.00400901
0.00388053
0.00375523
0.00363302
0.00362433
0.0035055
0.0168477
0.0183139
0.0197262
0.0210512
0.022275
0.0233932
0.0244041
0.025309
0.0261112
0.0268146
0.0274232
0.0279401
0.0283679
0.0287082
0.0289623
0.0291306
0.0292135
0.0292112
0.029124
0.0289524
0.0286977
0.0283619
0.0279479
0.0274598
0.0269028
0.0262834
0.0256093
0.0248892
0.0241327
0.0233499
0.0225514
0.0217473
0.0209477
0.0201615
0.0193968
0.0186601
0.0179565
0.0172897
0.0166617
0.0160733
0.0155239
0.015012
0.0145355
0.0140914
0.0136768
0.0132885
0.0129234
0.0125785
0.0122513
0.0119393
0.0116406
0.0113533
0.0110761
0.0108078
0.0105476
0.0102945
0.0100481
0.00980777
0.00957321
0.00934406
0.00912004
0.00890089
0.00868641
0.00847638
0.00827064
0.00806903
0.00787139
0.00767759
0.00748752
0.00730107
0.00711815
0.00693869
0.00676262
0.0065899
0.00642047
0.00625432
0.00609142
0.00593175
0.0057753
0.00562205
0.00547199
0.00532506
0.00518119
0.00504022
0.00490191
0.00476598
0.0046324
0.00450327
0.00445977
0.00412707
0.0164297
0.0176813
0.0189088
0.0200856
0.0211948
0.022227
0.0231767
0.0240409
0.024819
0.0255115
0.0261194
0.0266441
0.0270865
0.0274473
0.0277271
0.0279261
0.0280443
0.0280818
0.028039
0.0279164
0.027715
0.0274368
0.0270843
0.0266612
0.0261721
0.0256228
0.0250201
0.0243718
0.0236864
0.0229732
0.0222416
0.021501
0.0207606
0.0200288
0.0193133
0.0186206
0.0179557
0.0173227
0.0167239
0.0161606
0.015633
0.01514
0.0146801
0.0142511
0.0138505
0.0134755
0.0131234
0.0127915
0.0124774
0.0121789
0.011894
0.011621
0.0113585
0.0111052
0.0108603
0.0106229
0.0103924
0.0101681
0.00994963
0.00973662
0.00952869
0.00932556
0.00912695
0.00893262
0.00874234
0.0085559
0.00837313
0.00819383
0.00801786
0.00784508
0.00767536
0.00750858
0.00734466
0.00718351
0.00702506
0.00686926
0.00671607
0.00656545
0.00641738
0.00627182
0.00612874
0.00598809
0.00584976
0.00571359
0.0055793
0.00544652
0.00531514
0.0051866
0.0051119
0.00463252
0.0160426
0.0171275
0.0182041
0.0192525
0.0202574
0.0212077
0.0220955
0.0229153
0.0236636
0.0243384
0.0249385
0.0254634
0.0259128
0.0262864
0.026584
0.0268056
0.0269508
0.0270197
0.0270125
0.0269296
0.0267721
0.0265416
0.0262405
0.025872
0.0254404
0.0249506
0.0244089
0.0238221
0.023198
0.0225448
0.021871
0.0211854
0.0204964
0.0198118
0.019139
0.0184843
0.0178527
0.0172484
0.0166741
0.0161314
0.015621
0.0151424
0.0146947
0.014276
0.0138844
0.0135175
0.013173
0.0128485
0.0125417
0.0122506
0.0119734
0.0117085
0.0114544
0.0112099
0.0109743
0.0107465
0.0105259
0.0103119
0.0101042
0.00990212
0.00970546
0.00951384
0.00932699
0.00914461
0.00896647
0.00879233
0.00862198
0.0084552
0.00829182
0.00813165
0.00797455
0.00782038
0.007669
0.0075203
0.00737418
0.00723055
0.00708935
0.00695051
0.00681397
0.00667966
0.00654754
0.00641751
0.00628945
0.00616314
0.00603827
0.00591433
0.00579094
0.00566741
0.00556984
0.00501931
0.0156716
0.016622
0.0175718
0.0185064
0.0194129
0.0202808
0.0211018
0.0218692
0.0225783
0.0232254
0.023808
0.0243242
0.0247726
0.0251521
0.0254618
0.0257011
0.0258693
0.0259662
0.0259916
0.0259459
0.0258299
0.0256449
0.025393
0.0250769
0.0247004
0.0242678
0.0237846
0.0232569
0.0226916
0.022096
0.0214779
0.0208452
0.0202057
0.0195667
0.0189351
0.0183169
0.0177173
0.0171404
0.0165891
0.0160656
0.0155707
0.0151046
0.0146668
0.014256
0.0138706
0.0135087
0.0131684
0.0128475
0.0125441
0.0122563
0.0119825
0.011721
0.0114707
0.0112303
0.010999
0.0107759
0.0105603
0.0103517
0.0101496
0.00995349
0.0097631
0.00957807
0.00939809
0.0092229
0.00905222
0.00888583
0.00872349
0.00856501
0.00841017
0.0082588
0.00811074
0.00796581
0.00782388
0.00768483
0.00754853
0.00741487
0.00728377
0.00715515
0.00702891
0.00690498
0.00678327
0.00666369
0.00654605
0.00643014
0.00631555
0.00620169
0.00608775
0.00597064
0.00585895
0.00530187
0.0153108
0.0161508
0.0169943
0.0178303
0.0186486
0.0194399
0.0201962
0.020911
0.0215787
0.0221949
0.0227559
0.023259
0.0237019
0.0240828
0.0244
0.0246525
0.0248392
0.0249595
0.0250131
0.0250001
0.0249209
0.0247767
0.0245691
0.0243006
0.0239742
0.023594
0.0231646
0.0226915
0.0221807
0.0216389
0.021073
0.0204903
0.0198977
0.0193022
0.0187102
0.0181275
0.017559
0.0170091
0.0164807
0.0159762
0.015497
0.0150435
0.0146156
0.0142126
0.0138332
0.013476
0.0131393
0.0128213
0.0125203
0.0122347
0.0119627
0.0117032
0.0114547
0.0112164
0.0109871
0.0107663
0.0105531
0.0103471
0.0101477
0.00995457
0.00976732
0.00958561
0.00940915
0.00923768
0.00907094
0.00890871
0.00875076
0.00859689
0.00844691
0.00830065
0.00815793
0.00801861
0.00788254
0.00774959
0.00761965
0.00749261
0.00736837
0.00724683
0.00712793
0.00701157
0.00689765
0.00678605
0.00667661
0.00656907
0.006463
0.00635767
0.0062519
0.00614062
0.00602164
0.00550245
0.0149562
0.0157039
0.016457
0.0172073
0.0179466
0.018667
0.0193615
0.0200238
0.0206482
0.0212301
0.0217653
0.0222505
0.0226829
0.02306
0.0233798
0.0236407
0.0238413
0.0239808
0.0240585
0.0240741
0.024028
0.0239209
0.0237541
0.0235296
0.0232501
0.0229191
0.0225404
0.022119
0.0216603
0.0211699
0.0206543
0.0201199
0.0195731
0.0190203
0.0184675
0.0179203
0.0173833
0.0168609
0.0163561
0.0158716
0.0154089
0.0149689
0.0145519
0.0141574
0.0137848
0.0134327
0.0131
0.012785
0.0124864
0.0122026
0.0119323
0.0116741
0.0114269
0.0111898
0.0109618
0.0107421
0.0105303
0.0103256
0.0101276
0.00993597
0.00975027
0.00957021
0.00939549
0.00922586
0.00906107
0.0089009
0.00874515
0.00859362
0.00844613
0.00830251
0.0081626
0.00802627
0.00789338
0.00776381
0.00763744
0.00751419
0.00739396
0.00727667
0.00716223
0.00705058
0.00694161
0.00683521
0.00673122
0.00662937
0.00652921
0.00642995
0.00633005
0.00622319
0.00610148
0.00564389
0.0146055
0.0152751
0.0159509
0.0166266
0.0172957
0.0179518
0.0185887
0.0192006
0.0197823
0.0203291
0.0208367
0.0213015
0.0217203
0.0220903
0.0224092
0.022675
0.0228859
0.0230409
0.0231389
0.0231795
0.0231626
0.0230887
0.0229588
0.0227746
0.0225381
0.0222524
0.0219209
0.0215477
0.0211376
0.0206958
0.0202277
0.0197394
0.0192365
0.018725
0.0182104
0.017698
0.0171923
0.0166974
0.0162167
0.0157527
0.0153073
0.0148817
0.0144764
0.0140914
0.0137262
0.0133801
0.013052
0.0127407
0.012445
0.0121635
0.011895
0.0116384
0.0113926
0.0111567
0.0109299
0.0107114
0.0105005
0.0102969
0.0101
0.00990934
0.00972466
0.00954563
0.00937197
0.00920341
0.00903972
0.0088807
0.00872613
0.00857584
0.00842965
0.00828741
0.00814897
0.00801419
0.00788296
0.00775515
0.00763069
0.00750946
0.0073914
0.00727643
0.00716449
0.0070555
0.00694938
0.00684604
0.00674531
0.00664693
0.00655046
0.00645505
0.00635891
0.00625518
0.00613369
0.00574513
0.0142577
0.0148602
0.0154692
0.0160798
0.0166866
0.0172846
0.0178682
0.0184326
0.0189729
0.0194846
0.0199635
0.020406
0.0208088
0.0211688
0.0214834
0.0217505
0.0219682
0.0221349
0.0222495
0.0223113
0.0223199
0.0222756
0.022179
0.0220312
0.0218342
0.0215904
0.0213026
0.0209745
0.0206101
0.0202141
0.0197914
0.0193471
0.0188866
0.0184152
0.017938
0.01746
0.0169855
0.0165185
0.0160622
0.0156195
0.0151923
0.014782
0.0143894
0.0140149
0.0136582
0.013319
0.0129964
0.0126896
0.0123974
0.0121188
0.0118527
0.011598
0.011354
0.0111196
0.010894
0.0106767
0.010467
0.0102645
0.0100685
0.00987886
0.00969511
0.00951696
0.00934416
0.00917644
0.00901358
0.00885537
0.00870162
0.00855215
0.0084068
0.00826541
0.00812785
0.00799399
0.00786372
0.00773693
0.00761353
0.00749344
0.0073766
0.00726293
0.00715238
0.0070449
0.00694041
0.00683882
0.00673999
0.00664367
0.00654943
0.00645638
0.00636262
0.00626127
0.00614204
0.00581973
0.0139119
0.0144566
0.0150075
0.0155608
0.0161125
0.016658
0.0171931
0.0177132
0.018214
0.0186915
0.0191418
0.0195612
0.0199464
0.0202944
0.0206025
0.0208682
0.0210897
0.0212651
0.0213931
0.0214727
0.0215034
0.0214852
0.0214182
0.0213035
0.0211425
0.020937
0.0206896
0.0204033
0.0200817
0.0197288
0.0193488
0.0189464
0.0185264
0.0180936
0.0176528
0.0172085
0.0167648
0.0163255
0.015894
0.015473
0.0150645
0.0146703
0.0142913
0.0139281
0.0135808
0.0132493
0.0129331
0.0126314
0.0123434
0.0120683
0.0118051
0.0115529
0.0113109
0.0110783
0.0108544
0.0106386
0.0104302
0.0102289
0.0100341
0.00984551
0.00966276
0.00948557
0.00931366
0.00914679
0.00898474
0.00882731
0.00867431
0.00852557
0.00838093
0.00824025
0.00810339
0.00797023
0.00784067
0.0077146
0.00759195
0.00747264
0.00735661
0.00724379
0.00713415
0.00702763
0.00692418
0.00682371
0.00672609
0.0066311
0.0065383
0.00644683
0.00635475
0.00625559
0.00614018
0.00587635
0.0135681
0.0140621
0.0145622
0.0150652
0.0155677
0.0160662
0.016557
0.0170362
0.0175
0.0179448
0.0183669
0.0187629
0.0191297
0.0194642
0.0197638
0.020026
0.0202486
0.0204299
0.0205682
0.0206626
0.0207121
0.0207166
0.0206759
0.0205908
0.0204623
0.0202919
0.0200816
0.019834
0.0195522
0.0192396
0.0188999
0.0185373
0.018156
0.0177603
0.0173547
0.0169433
0.01653
0.0161185
0.0157119
0.0153129
0.0149238
0.0145463
0.0141817
0.0138307
0.0134937
0.0131708
0.0128616
0.0125659
0.0122828
0.0120118
0.0117521
0.0115028
0.0112634
0.011033
0.0108111
0.010597
0.0103903
0.0101904
0.0099969
0.00980954
0.00962794
0.00945181
0.0092809
0.00911497
0.00895381
0.00879721
0.008645
0.00849702
0.00835311
0.00821313
0.00807695
0.00794446
0.00781556
0.00769015
0.00756816
0.00744952
0.00733417
0.00722206
0.00711315
0.00700739
0.00690475
0.00680514
0.00670845
0.00661448
0.00652281
0.00643259
0.00634197
0.00624516
0.00613476
0.00592012
0.0132259
0.0136756
0.0141309
0.0145893
0.0150482
0.0155045
0.015955
0.0163966
0.016826
0.0172398
0.0176348
0.0180078
0.0183558
0.018676
0.0189657
0.0192225
0.0194442
0.019629
0.0197751
0.0198813
0.0199468
0.0199708
0.0199534
0.0198947
0.0197954
0.0196568
0.0194805
0.0192686
0.0190237
0.0187487
0.0184468
0.0181218
0.0177773
0.0174172
0.0170456
0.0166662
0.0162827
0.0158985
0.0155168
0.0151401
0.0147707
0.0144106
0.014061
0.0137229
0.0133969
0.0130833
0.0127821
0.0124929
0.0122155
0.0119492
0.0116935
0.0114477
0.0112112
0.0109835
0.0107638
0.0105518
0.0103469
0.0101487
0.0099568
0.00977085
0.00959057
0.00941566
0.00924588
0.00908101
0.00892083
0.00876517
0.00861384
0.00846669
0.00832357
0.00818434
0.00804889
0.00791711
0.0077889
0.00766417
0.00754284
0.00742487
0.00731019
0.00719876
0.00709054
0.00698551
0.00688361
0.0067848
0.00668897
0.00659592
0.00650529
0.00641627
0.00632714
0.00623301
0.00612846
0.00595409
0.0128855
0.013296
0.0137117
0.0141307
0.0145505
0.0149688
0.015383
0.0157902
0.0161877
0.0165724
0.0169415
0.0172921
0.0176215
0.0179269
0.0182059
0.0184559
0.018675
0.0188612
0.0190128
0.0191284
0.019207
0.0192478
0.0192506
0.0192152
0.0191422
0.0190323
0.018887
0.0187078
0.0184969
0.0182568
0.0179904
0.0177007
0.017391
0.017065
0.016726
0.0163776
0.0160232
0.015666
0.015309
0.0149547
0.0146054
0.014263
0.013929
0.0136045
0.0132902
0.0129867
0.0126941
0.0124123
0.0121411
0.0118801
0.011629
0.0113872
0.0111542
0.0109294
0.0107124
0.0105028
0.0103
0.0101038
0.00991364
0.00972932
0.00955053
0.009377
0.00920851
0.00904482
0.00888576
0.00873113
0.00858078
0.00843455
0.00829231
0.00815391
0.00801926
0.00788825
0.00776078
0.00763677
0.00751616
0.00739889
0.00728491
0.00717418
0.00706669
0.00696239
0.00686126
0.00676325
0.00666827
0.00657617
0.00648659
0.00639882
0.00631134
0.00622021
0.00612203
0.00598013
0.0125471
0.0129228
0.0133033
0.013687
0.014072
0.0144563
0.0148375
0.0152133
0.0155814
0.015939
0.0162837
0.0166129
0.016924
0.0172145
0.0174821
0.0177245
0.0179396
0.0181256
0.0182806
0.0184034
0.0184927
0.0185478
0.0185679
0.0185531
0.0185034
0.0184194
0.0183021
0.0181528
0.0179732
0.0177655
0.017532
0.0172755
0.0169988
0.016705
0.0163973
0.0160788
0.0157527
0.015422
0.0150893
0.0147574
0.0144283
0.014104
0.0137861
0.0134757
0.0131738
0.012881
0.0125976
0.0123238
0.0120595
0.0118045
0.0115585
0.0113211
0.011092
0.0108707
0.0106567
0.0104498
0.0102495
0.0100554
0.00986729
0.00968481
0.0095077
0.00933573
0.00916866
0.00900631
0.00884849
0.00869502
0.00854576
0.00840055
0.00825926
0.00812179
0.00798801
0.00785783
0.00773117
0.00760795
0.0074881
0.00737159
0.00725836
0.00714838
0.00704164
0.00693812
0.00683779
0.00674062
0.00664654
0.00655542
0.00646695
0.00638053
0.00629489
0.00620702
0.00611544
0.00599951
0.0122107
0.0125554
0.0129046
0.0132569
0.0136107
0.0139642
0.0143156
0.0146629
0.0150039
0.0153364
0.0156582
0.015967
0.0162604
0.0165362
0.0167922
0.0170263
0.0172364
0.0174207
0.0175776
0.0177056
0.0178035
0.0178704
0.0179055
0.0179085
0.0178794
0.0178185
0.0177265
0.0176044
0.0174535
0.0172757
0.0170728
0.0168472
0.0166015
0.0163382
0.0160603
0.0157706
0.0154719
0.015167
0.0148584
0.0145486
0.0142398
0.0139338
0.0136323
0.0133365
0.0130475
0.012766
0.0124925
0.0122273
0.0119705
0.011722
0.0114817
0.0112493
0.0110245
0.010807
0.0105965
0.0103926
0.010195
0.0100035
0.00981758
0.00963715
0.00946193
0.00929169
0.00912623
0.00896536
0.00880891
0.00865673
0.00850866
0.00836458
0.00822435
0.00808788
0.00795506
0.00782579
0.00770001
0.00757764
0.00745862
0.00734292
0.00723049
0.00712132
0.00701539
0.00691269
0.00681321
0.00671692
0.0066238
0.00653371
0.00644643
0.00636147
0.00627782
0.00619343
0.00610842
0.00601319
0.0118765
0.0121936
0.0125148
0.0128389
0.0131646
0.0134905
0.0138149
0.0141362
0.0144524
0.0147618
0.0150623
0.0153518
0.0156283
0.0158897
0.0161341
0.0163594
0.0165637
0.0167454
0.0169027
0.0170343
0.0171389
0.0172154
0.0172632
0.0172817
0.0172708
0.0172304
0.0171611
0.0170635
0.0169388
0.0167884
0.0166138
0.0164171
0.0162004
0.015966
0.0157164
0.0154541
0.0151818
0.014902
0.014617
0.0143291
0.0140405
0.0137529
0.0134681
0.0131873
0.0129116
0.0126419
0.0123789
0.0121228
0.011874
0.0116326
0.0113984
0.0111715
0.0109515
0.0107383
0.0105316
0.0103311
0.0101365
0.00994772
0.00976435
0.00958621
0.00941308
0.00924476
0.00908107
0.00892184
0.00876691
0.00861614
0.0084694
0.00832655
0.00818749
0.00805212
0.00792034
0.00779207
0.00766724
0.00754578
0.00742766
0.00731283
0.00720127
0.00709295
0.00698788
0.00688605
0.00678746
0.00669212
0.0066
0.00651102
0.00642501
0.0063416
0.0062601
0.00617929
0.00610067
0.00602192
0.0115448
0.0118371
0.0121332
0.012432
0.0127325
0.0130334
0.0133334
0.013631
0.0139246
0.0142127
0.0144933
0.0147647
0.0150252
0.0152727
0.0155056
0.0157219
0.0159199
0.0160981
0.0162547
0.0163885
0.0164981
0.0165826
0.016641
0.0166728
0.0166776
0.0166554
0.0166063
0.0165309
0.01643
0.0163046
0.0161561
0.0159861
0.0157965
0.0155892
0.0153664
0.0151304
0.0148834
0.0146278
0.0143658
0.0140995
0.0138308
0.0135617
0.0132937
0.0130281
0.0127661
0.0125087
0.0122565
0.0120102
0.0117699
0.0115361
0.0113086
0.0110876
0.0108728
0.0106643
0.0104617
0.010265
0.0100738
0.00988804
0.00970743
0.00953182
0.009361
0.0091948
0.00903306
0.00887564
0.00872238
0.00857316
0.00842786
0.00828637
0.00814858
0.0080144
0.00788376
0.00775657
0.00763277
0.00751231
0.00739515
0.00728126
0.00717061
0.00706321
0.00695905
0.00685815
0.00676052
0.00666617
0.0065751
0.00648729
0.00640262
0.00632087
0.00624164
0.00616447
0.00609191
0.00602627
0.0112158
0.0114858
0.0117593
0.0120353
0.0123131
0.0125915
0.0128693
0.0131454
0.0134184
0.0136868
0.013949
0.0142036
0.0144489
0.0146831
0.0149047
0.0151121
0.0153035
0.0154775
0.0156325
0.0157673
0.0158805
0.0159712
0.0160384
0.0160815
0.0161001
0.0160938
0.0160627
0.0160072
0.0159277
0.0158252
0.0157006
0.0155553
0.0153909
0.0152089
0.0150114
0.0148003
0.0145775
0.0143453
0.0141056
0.0138603
0.0136114
0.0133606
0.0131094
0.0128592
0.0126113
0.0123665
0.0121256
0.0118894
0.0116582
0.0114324
0.0112121
0.0109974
0.0107883
0.0105849
0.0103868
0.0101942
0.0100067
0.00982426
0.00964669
0.00947384
0.00930555
0.00914168
0.00898208
0.00882663
0.0086752
0.00852767
0.00838395
0.00824393
0.00810753
0.00797465
0.00784524
0.00771921
0.00759653
0.00747714
0.00736101
0.00724813
0.00713847
0.00703204
0.00692885
0.00682893
0.0067323
0.006639
0.00654906
0.00646248
0.00637923
0.00629922
0.00622235
0.0061488
0.00608192
0.00602674
0.0108897
0.0111396
0.0113927
0.0116483
0.0119055
0.0121635
0.0124213
0.0126778
0.0129319
0.0131822
0.0134275
0.0136664
0.0138973
0.014119
0.0143298
0.0145282
0.0147128
0.0148821
0.0150348
0.0151696
0.0152853
0.0153808
0.0154553
0.0155079
0.0155382
0.0155458
0.0155307
0.0154929
0.0154327
0.0153509
0.0152482
0.0151256
0.0149845
0.0148263
0.0146525
0.0144648
0.0142652
0.0140553
0.0138371
0.0136124
0.0133829
0.0131502
0.0129158
0.0126811
0.0124473
0.0122154
0.0119862
0.0117605
0.0115388
0.0113214
0.0111087
0.0109008
0.0106979
0.0104998
0.0103067
0.0101185
0.00993503
0.00975623
0.00958196
0.00941213
0.0092466
0.00908526
0.00892799
0.00877468
0.00862524
0.00847956
0.00833756
0.00819914
0.00806424
0.00793277
0.00780469
0.00767992
0.00755844
0.0074402
0.00732518
0.00721337
0.00710476
0.00699937
0.00689722
0.00679834
0.00670277
0.00661058
0.00652181
0.00643652
0.00635476
0.00627657
0.00620212
0.00613215
0.00607052
0.00602369
0.0105667
0.0107985
0.0110332
0.0112702
0.0115089
0.0117484
0.011988
0.0122267
0.0124635
0.0126973
0.0129269
0.0131512
0.0133688
0.0135785
0.0137789
0.0139686
0.0141463
0.0143107
0.0144605
0.0145946
0.0147116
0.0148107
0.014891
0.0149516
0.0149919
0.0150116
0.0150105
0.0149884
0.0149456
0.0148825
0.0147996
0.0146979
0.0145783
0.0144421
0.0142905
0.014125
0.0139472
0.0137588
0.0135613
0.0133564
0.0131458
0.0129309
0.0127132
0.012494
0.0122745
0.0120557
0.0118385
0.0116236
0.0114117
0.0112032
0.0109985
0.0107978
0.0106013
0.0104091
0.0102213
0.0100378
0.00985868
0.00968379
0.00951311
0.00934654
0.009184
0.0090254
0.00887066
0.00871969
0.0085724
0.00842873
0.00828858
0.0081519
0.00801861
0.00788867
0.00776202
0.00763861
0.00751842
0.00740142
0.00728759
0.00717692
0.00706944
0.00696515
0.00686409
0.0067663
0.00667186
0.00658083
0.0064933
0.00640937
0.00632916
0.00625285
0.00618087
0.00611436
0.00605755
0.00601742
0.010247
0.0104623
0.0106804
0.0109007
0.0111225
0.0113454
0.0115684
0.0117909
0.0120119
0.0122305
0.0124457
0.0126565
0.0128616
0.01306
0.0132504
0.0134317
0.0136026
0.0137619
0.0139084
0.014041
0.0141586
0.0142603
0.0143451
0.0144122
0.0144611
0.0144912
0.0145023
0.0144941
0.0144668
0.0144205
0.0143557
0.014273
0.0141732
0.0140573
0.0139264
0.0137817
0.0136246
0.0134565
0.0132789
0.0130932
0.0129009
0.0127035
0.0125022
0.0122984
0.0120932
0.0118876
0.0116825
0.0114788
0.011277
0.0110777
0.0108813
0.0106882
0.0104986
0.0103126
0.0101304
0.009952
0.00977748
0.00960682
0.00943998
0.00927693
0.00911762
0.00896199
0.00880997
0.00866152
0.00851656
0.00837504
0.0082369
0.00810209
0.00797055
0.00784225
0.00771714
0.0075952
0.00747639
0.00736071
0.00724814
0.00713871
0.00703241
0.00692929
0.00682939
0.00673277
0.00663951
0.0065497
0.00646347
0.00638095
0.00630235
0.00622798
0.00615847
0.00609532
0.00604289
0.00600817
0.00993074
0.0101312
0.0103342
0.0105393
0.0107459
0.0109535
0.0111615
0.0113692
0.0115758
0.0117805
0.0119825
0.0121807
0.0123742
0.012562
0.012743
0.0129161
0.0130803
0.0132343
0.0133772
0.0135079
0.0136254
0.0137287
0.013817
0.0138895
0.0139455
0.0139846
0.0140063
0.0140103
0.0139967
0.0139655
0.013917
0.0138516
0.0137699
0.0136728
0.0135611
0.0134358
0.0132981
0.0131493
0.0129906
0.0128233
0.0126488
0.0124684
0.0122833
0.0120947
0.0119037
0.0117114
0.0115186
0.0113262
0.0111348
0.010945
0.0107573
0.010572
0.0103896
0.0102101
0.0100339
0.00986092
0.00969134
0.00952518
0.00936246
0.00920318
0.00904733
0.00889488
0.0087458
0.00860005
0.0084576
0.0083184
0.00818242
0.00804961
0.00791996
0.00779342
0.00766996
0.00754958
0.00743226
0.00731799
0.00720678
0.00709865
0.00699362
0.00689174
0.00679306
0.00669767
0.00660565
0.00651713
0.00643225
0.00635121
0.00627427
0.00620187
0.00613483
0.00607489
0.00602643
0.00599609
0.00961815
0.00980511
0.00999442
0.0101857
0.0103785
0.0105723
0.0107666
0.0109608
0.0111542
0.0113462
0.0115359
0.0117225
0.0119052
0.0120831
0.0122552
0.0124205
0.0125781
0.0127269
0.012866
0.0129944
0.0131111
0.0132154
0.0133062
0.013383
0.0134449
0.0134915
0.0135224
0.0135371
0.0135357
0.0135179
0.013484
0.0134343
0.0133692
0.0132893
0.0131954
0.0130882
0.0129687
0.0128381
0.0126973
0.0125477
0.0123903
0.0122263
0.012057
0.0118834
0.0117065
0.0115274
0.011347
0.011166
0.0109852
0.0108051
0.0106263
0.0104493
0.0102743
0.0101017
0.00993173
0.00976448
0.00960012
0.00943875
0.00928041
0.00912516
0.008973
0.00882395
0.00867801
0.00853516
0.00839539
0.00825868
0.00812502
0.00799437
0.00786673
0.00774207
0.00762039
0.00750168
0.00738594
0.00727318
0.00716341
0.00705667
0.00695298
0.00685241
0.00675503
0.00666093
0.00657022
0.00648304
0.00639957
0.00632006
0.00624483
0.00617444
0.00610984
0.00605297
0.00600809
0.00598133
0.0093094
0.00948406
0.00966093
0.00983965
0.0100198
0.0102011
0.0103829
0.0105648
0.0107462
0.0109264
0.0111049
0.0112808
0.0114535
0.011622
0.0117857
0.0119436
0.0120948
0.0122384
0.0123736
0.0124994
0.0126149
0.0127194
0.0128121
0.0128921
0.0129589
0.0130119
0.0130506
0.0130747
0.0130839
0.0130781
0.0130573
0.0130218
0.0129717
0.0129076
0.01283
0.0127396
0.0126371
0.0125236
0.0123998
0.012267
0.012126
0.011978
0.0118239
0.011665
0.011502
0.0113361
0.011168
0.0109985
0.0108284
0.0106582
0.0104886
0.01032
0.0101528
0.00998733
0.00982386
0.00966261
0.00950376
0.00934743
0.00919374
0.00904275
0.00889452
0.0087491
0.0086065
0.00846674
0.00832984
0.00819579
0.00806459
0.00793625
0.00781075
0.00768811
0.00756833
0.0074514
0.00733735
0.00722619
0.00711796
0.00701268
0.00691042
0.00681124
0.00671523
0.00662248
0.00653314
0.00644736
0.00636536
0.00628743
0.00621396
0.00614559
0.0060834
0.00602942
0.00598777
0.00596396
0.00900463
0.00916811
0.00933364
0.00950093
0.00966965
0.00983942
0.0100099
0.0101805
0.0103508
0.0105203
0.0106884
0.0108545
0.0110178
0.0111777
0.0113334
0.0114842
0.0116293
0.0117678
0.011899
0.0120219
0.012136
0.0122402
0.012334
0.0124165
0.0124872
0.0125456
0.012591
0.0126231
0.0126416
0.0126464
0.0126373
0.0126144
0.012578
0.0125283
0.0124657
0.0123907
0.0123041
0.0122066
0.0120989
0.0119819
0.0118566
0.0117239
0.0115847
0.01144
0.0112907
0.0111377
0.0109819
0.0108239
0.0106646
0.0105045
0.0103442
0.0101842
0.010025
0.00986691
0.00971024
0.00955525
0.00940216
0.00925114
0.00910233
0.00895585
0.00881178
0.0086702
0.00853115
0.00839468
0.00826082
0.0081296
0.00800103
0.00787514
0.00775194
0.00763145
0.00751368
0.00739865
0.00728639
0.00717694
0.00707033
0.00696661
0.00686586
0.00676814
0.00667357
0.00658225
0.00649434
0.00641002
0.00632955
0.00625324
0.00618156
0.00611522
0.00605539
0.00600416
0.00596541
0.00594405
0.00870403
0.00885729
0.00901248
0.00916934
0.00932758
0.00948689
0.00964692
0.00980726
0.00996749
0.0101271
0.0102857
0.0104426
0.0105972
0.010749
0.0108973
0.0110414
0.0111805
0.0113141
0.0114412
0.0115612
0.0116734
0.011777
0.0118713
0.0119556
0.0120295
0.0120921
0.0121432
0.0121822
0.0122089
0.0122229
0.0122242
0.0122128
0.0121886
0.0121519
0.0121031
0.0120424
0.0119705
0.0118878
0.0117952
0.0116932
0.0115828
0.0114647
0.0113398
0.011209
0.011073
0.0109328
0.010789
0.0106425
0.010494
0.010344
0.0101932
0.010042
0.00989101
0.0097405
0.00959085
0.00944236
0.00929527
0.0091498
0.00900612
0.00886437
0.00872468
0.00858715
0.00845185
0.00831886
0.00818823
0.00806001
0.00793424
0.00781095
0.00769018
0.00757197
0.00745634
0.00734333
0.00723298
0.00712533
0.00702044
0.00691838
0.00681921
0.00672304
0.00662997
0.00654015
0.00645374
0.00637095
0.00629205
0.00621742
0.00614755
0.00608324
0.00602572
0.00597707
0.00594094
0.00592163
0.00840773
0.00855165
0.00869739
0.00884472
0.0089934
0.00914313
0.00929363
0.00944453
0.00959548
0.00974605
0.00989579
0.0100442
0.0101908
0.0103351
0.0104764
0.0106141
0.0107476
0.0108763
0.0109994
0.0111164
0.0112265
0.011329
0.0114234
0.011509
0.0115852
0.0116514
0.0117072
0.0117521
0.0117858
0.011808
0.0118185
0.0118171
0.011804
0.0117792
0.0117428
0.0116952
0.0116368
0.011568
0.0114894
0.0114016
0.0113053
0.0112011
0.0110899
0.0109725
0.0108494
0.0107217
0.0105898
0.0104547
0.0103169
0.0101771
0.0100358
0.00989357
0.00975088
0.00960814
0.00946571
0.00932393
0.00918306
0.00904336
0.00890502
0.00876823
0.00863313
0.00849985
0.00836851
0.00823918
0.00811196
0.00798691
0.0078641
0.00774357
0.00762538
0.00750958
0.00739622
0.00728534
0.00717701
0.00707127
0.00696821
0.00686788
0.0067704
0.00667585
0.00658437
0.00649611
0.00641126
0.00633005
0.00625278
0.00617986
0.00611184
0.00604955
0.00599427
0.00594805
0.00591428
0.0058967
0.0081159
0.00825126
0.00838835
0.00852695
0.00866686
0.00880782
0.00894958
0.00909183
0.00923425
0.00937646
0.00951809
0.0096587
0.00979784
0.00993503
0.0100697
0.0102014
0.0103296
0.0104535
0.0105727
0.0106866
0.0107944
0.0108957
0.0109898
0.011076
0.011154
0.011223
0.0112827
0.0113326
0.0113724
0.0114016
0.0114202
0.0114278
0.0114246
0.0114104
0.0113854
0.0113498
0.0113038
0.0112478
0.0111823
0.0111077
0.0110247
0.0109338
0.0108357
0.010731
0.0106205
0.0105049
0.0103847
0.0102608
0.0101336
0.0100039
0.0098722
0.00973897
0.00960473
0.00946989
0.00933485
0.00919996
0.00906551
0.00893178
0.00879899
0.00866736
0.00853705
0.00840823
0.00828103
0.00815556
0.00803192
0.00791021
0.00779051
0.0076729
0.00755743
0.00744418
0.00733321
0.0072246
0.00711839
0.00701468
0.00691353
0.00681504
0.00671932
0.00662648
0.00653666
0.00645004
0.00636681
0.00628724
0.00621166
0.00614049
0.00607433
0.00601405
0.00596094
0.00591701
0.00588537
0.00586927
0.00782866
0.00795617
0.00808532
0.00821592
0.00834779
0.0084807
0.00861444
0.00874873
0.0088833
0.00901781
0.00915194
0.0092853
0.00941749
0.00954809
0.00967664
0.00980266
0.00992565
0.0100451
0.0101604
0.0102711
0.0103766
0.0104764
0.0105698
0.0106563
0.0107355
0.0108067
0.0108696
0.0109237
0.0109685
0.0110039
0.0110295
0.0110452
0.0110507
0.0110461
0.0110313
0.0110065
0.0109719
0.0109278
0.0108744
0.0108122
0.0107417
0.0106633
0.0105776
0.0104853
0.0103868
0.0102829
0.0101741
0.0100611
0.00994451
0.00982483
0.00970263
0.00957842
0.00945269
0.00932586
0.00919834
0.00907049
0.00894263
0.00881504
0.00868799
0.00856171
0.00843638
0.00831221
0.00818933
0.00806789
0.00794801
0.00782981
0.00771339
0.00759883
0.00748623
0.00737567
0.00726723
0.00716099
0.00705703
0.00695544
0.00685632
0.00675976
0.00666589
0.00657484
0.00648676
0.00640185
0.00632032
0.00624245
0.00616859
0.0060992
0.00603492
0.00597663
0.00592562
0.00588384
0.00585413
0.00583931
0.00754615
0.00766645
0.0077883
0.00791155
0.00803602
0.00816154
0.00828789
0.00841486
0.00854218
0.00866959
0.00879677
0.00892341
0.00904914
0.00917359
0.00929636
0.00941701
0.00953511
0.00965018
0.00976175
0.00986931
0.00997235
0.0100704
0.0101629
0.0102493
0.0103292
0.0104021
0.0104675
0.010525
0.0105743
0.0106149
0.0106467
0.0106693
0.0106826
0.0106865
0.010681
0.0106661
0.0106419
0.0106086
0.0105664
0.0105157
0.0104569
0.0103903
0.0103164
0.0102357
0.0101488
0.0100562
0.00995846
0.00985617
0.00974985
0.00964007
0.00952733
0.00941212
0.00929493
0.00917618
0.00905627
0.00893558
0.00881444
0.00869316
0.00857201
0.00845124
0.00833107
0.00821171
0.00809333
0.0079761
0.00786015
0.00774562
0.00763262
0.00752128
0.00741169
0.00730396
0.00719817
0.00709443
0.00699283
0.00689348
0.00679648
0.00670195
0.00661002
0.00652085
0.00643459
0.00635145
0.00627167
0.00619556
0.00612347
0.0060559
0.00599351
0.00593718
0.00588821
0.00584845
0.00582049
0.00580679
0.00726851
0.00738216
0.00749729
0.00761376
0.00773142
0.00785012
0.00796967
0.00808988
0.00821052
0.00833135
0.0084521
0.00857249
0.0086922
0.0088109
0.00892823
0.00904382
0.00915726
0.00926815
0.00937603
0.00948048
0.00958102
0.00967719
0.00976852
0.00985455
0.00993481
0.0100089
0.0100762
0.0101366
0.0101895
0.0102346
0.0102716
0.0103004
0.0103206
0.0103321
0.0103348
0.0103288
0.0103141
0.0102907
0.0102589
0.0102188
0.0101708
0.0101152
0.0100525
0.00998289
0.009907
0.00982526
0.00973819
0.00964628
0.00955004
0.00944998
0.00934658
0.00924031
0.00913164
0.00902099
0.00890875
0.0087953
0.008681
0.00856615
0.00845104
0.00833594
0.00822109
0.00810671
0.00799299
0.00788012
0.00776825
0.00765755
0.00754814
0.00744015
0.00733371
0.00722894
0.00712593
0.00702482
0.0069257
0.00682869
0.00673392
0.00664151
0.00655162
0.0064644
0.00638003
0.00629874
0.00622079
0.00614648
0.00607621
0.00601049
0.00594998
0.0058956
0.0058486
0.00581073
0.00578438
0.00577166
0.00699586
0.00710337
0.0072123
0.00732251
0.00743389
0.00754629
0.00765956
0.00777351
0.00788796
0.0080027
0.00811748
0.00823205
0.00834615
0.00845946
0.00857169
0.00868249
0.0087915
0.00889836
0.00900267
0.00910404
0.00920204
0.00929626
0.00938626
0.00947161
0.00955188
0.00962666
0.00969554
0.00975811
0.00981403
0.00986293
0.00990453
0.00993855
0.00996477
0.00998301
0.00999315
0.00999513
0.00998892
0.00997459
0.00995222
0.00992199
0.0098841
0.00983882
0.00978646
0.00972737
0.00966195
0.0095906
0.00951377
0.0094319
0.00934546
0.0092549
0.00916068
0.00906325
0.00896304
0.00886046
0.00875592
0.00864977
0.00854238
0.00843405
0.0083251
0.0082158
0.00810641
0.00799715
0.00788824
0.00777988
0.00767226
0.00756552
0.00745984
0.00735536
0.0072522
0.00715052
0.00705043
0.00695205
0.00685553
0.00676097
0.00666853
0.00657835
0.00649058
0.0064054
0.00632301
0.00624364
0.00616756
0.00609512
0.0060267
0.00596285
0.00590424
0.00585177
0.00580668
0.0057706
0.00574572
0.00573386
0.00672832
0.00683015
0.00693333
0.00703776
0.00714333
0.0072499
0.00735734
0.00746551
0.00757422
0.00768329
0.00779251
0.00790167
0.00801051
0.00811878
0.0082262
0.00833246
0.00843726
0.00854025
0.0086411
0.00873944
0.00883489
0.00892707
0.00901558
0.00910004
0.00918004
0.0092552
0.00932512
0.00938943
0.00944779
0.00949986
0.00954532
0.00958391
0.00961539
0.00963955
0.00965625
0.00966538
0.00966687
0.00966074
0.00964701
0.00962579
0.00959723
0.00956152
0.00951891
0.00946969
0.00941417
0.0093527
0.00928567
0.00921346
0.00913649
0.00905518
0.00896994
0.0088812
0.00878935
0.0086948
0.00859793
0.00849911
0.00839867
0.00829695
0.00819425
0.00809085
0.00798703
0.00788302
0.00777906
0.00767535
0.0075721
0.00746948
0.00736766
0.00726681
0.00716708
0.00706862
0.00697156
0.00687605
0.00678222
0.00669023
0.00660023
0.00651236
0.0064268
0.00634375
0.00626341
0.00618603
0.0061119
0.00604136
0.00597484
0.00591288
0.00585616
0.00580558
0.00576233
0.00572795
0.00570442
0.00569334
0.00646601
0.00656257
0.00666042
0.00675949
0.00685965
0.00696082
0.00706286
0.00716564
0.00726901
0.00737281
0.00747686
0.00758095
0.00768487
0.0077884
0.00789128
0.00799325
0.00809403
0.00819332
0.00829081
0.00838617
0.00847907
0.00856915
0.00865606
0.00873943
0.00881891
0.00889413
0.00896472
0.00903033
0.00909063
0.00914529
0.00919401
0.00923651
0.00927254
0.00930189
0.00932438
0.00933987
0.00934827
0.00934953
0.00934365
0.00933068
0.00931071
0.00928386
0.00925034
0.00921035
0.00916415
0.00911205
0.00905435
0.0089914
0.00892356
0.0088512
0.00877471
0.00869446
0.00861085
0.00852423
0.00843498
0.00834346
0.00825
0.00815492
0.00805853
0.00796112
0.00786297
0.00776432
0.00766542
0.00756649
0.00746773
0.00736935
0.00727153
0.00717445
0.00707826
0.00698314
0.00688923
0.0067967
0.0067057
0.00661637
0.0065289
0.00644344
0.00636019
0.00627934
0.00620113
0.00612581
0.00605368
0.0059851
0.00592052
0.00586047
0.00580565
0.00575692
0.00571545
0.00568267
0.0056604
0.00565002
0.00620904
0.00630069
0.00639359
0.00648766
0.0065828
0.00667893
0.00677595
0.00687372
0.00697211
0.00707099
0.0071702
0.00726955
0.00736886
0.00746792
0.00756652
0.00766441
0.00776136
0.00785709
0.00795132
0.00804377
0.00813412
0.00822206
0.00830726
0.00838941
0.00846815
0.00854315
0.00861408
0.0086806
0.00874239
0.00879915
0.00885056
0.00889637
0.00893631
0.00897016
0.00899773
0.00901886
0.00903343
0.00904134
0.00904257
0.0090371
0.00902499
0.00900632
0.00898121
0.00894983
0.00891239
0.00886911
0.00882026
0.00876614
0.00870706
0.00864334
0.00857532
0.00850335
0.00842779
0.00834898
0.00826727
0.008183
0.00809649
0.00800806
0.00791802
0.00782666
0.00773425
0.00764105
0.00754731
0.00745326
0.00735912
0.0072651
0.00717139
0.00707819
0.00698567
0.00689401
0.00680337
0.00671393
0.00662585
0.0065393
0.00645445
0.0063715
0.00629064
0.00621208
0.00613607
0.00606287
0.0059928
0.00592624
0.00586362
0.0058055
0.00575256
0.00570567
0.00566592
0.00563467
0.00561356
0.00560381
0.00595749
0.00604457
0.00613285
0.00622226
0.00631273
0.00640416
0.00649648
0.00658957
0.00668331
0.00677759
0.00687226
0.00696715
0.00706212
0.00715697
0.00725152
0.00734554
0.00743883
0.00753113
0.00762221
0.0077118
0.00779962
0.00788539
0.00796881
0.00804959
0.00812741
0.00820196
0.00827294
0.00834002
0.00840291
0.00846131
0.00851493
0.0085635
0.00860677
0.0086445
0.0086765
0.00870259
0.00872263
0.00873649
0.00874411
0.00874545
0.00874051
0.00872934
0.008712
0.00868862
0.00865934
0.00862435
0.00858387
0.00853813
0.0084874
0.00843197
0.00837213
0.00830819
0.00824048
0.00816932
0.00809502
0.00801792
0.00793831
0.00785652
0.00777284
0.00768755
0.00760093
0.00751324
0.00742474
0.00733566
0.00724623
0.00715667
0.00706719
0.00697798
0.00688923
0.00680114
0.00671388
0.00662764
0.00654258
0.0064589
0.00637679
0.00629643
0.00621805
0.00614186
0.00606812
0.00599711
0.00592916
0.00586464
0.00580402
0.00574785
0.0056968
0.00565171
0.00561364
0.00558383
0.00556381
0.00555465
0.00571147
0.00579427
0.00587823
0.00596328
0.00604937
0.00613642
0.00622434
0.00631304
0.00640243
0.00649239
0.00658279
0.0066735
0.00676436
0.00685523
0.00694593
0.00703627
0.00712605
0.00721506
0.00730308
0.00738987
0.00747518
0.00755876
0.00764034
0.00771964
0.00779639
0.00787029
0.00794105
0.0080084
0.00807203
0.00813167
0.00818704
0.00823788
0.00828395
0.008325
0.00836083
0.00839125
0.00841611
0.00843526
0.00844861
0.00845609
0.00845767
0.00845334
0.00844314
0.00842715
0.00840546
0.00837823
0.0083456
0.00830778
0.008265
0.00821748
0.00816549
0.00810931
0.00804921
0.0079855
0.00791847
0.00784842
0.00777564
0.00770043
0.00762308
0.00754387
0.00746307
0.00738093
0.00729773
0.00721369
0.00712906
0.00704405
0.00695888
0.00687376
0.00678889
0.00670447
0.00662069
0.00653774
0.00645582
0.00637511
0.00629581
0.00621814
0.00614231
0.00606856
0.00599717
0.00592841
0.00586263
0.00580021
0.00574162
0.0056874
0.00563823
0.00559492
0.00555847
0.00553005
0.00551105
0.00550243
0.00547107
0.00554985
0.00562975
0.00571072
0.0057927
0.00587563
0.00595942
0.00604401
0.0061293
0.00621519
0.00630157
0.00638832
0.00647531
0.00656241
0.00664944
0.00673626
0.00682268
0.00690852
0.00699357
0.00707762
0.00716045
0.00724183
0.00732151
0.00739924
0.00747478
0.00754785
0.00761818
0.00768551
0.00774957
0.00781009
0.00786682
0.00791949
0.00796787
0.00801172
0.00805083
0.00808501
0.00811409
0.00813792
0.00815637
0.00816935
0.00817681
0.0081787
0.00817504
0.00816584
0.00815119
0.00813116
0.00810589
0.00807553
0.00804025
0.00800026
0.00795578
0.00790704
0.0078543
0.00779782
0.00773787
0.00767473
0.00760866
0.00753996
0.0074689
0.00739574
0.00732075
0.00724419
0.00716632
0.00708737
0.00700759
0.00692721
0.00684644
0.0067655
0.00668459
0.00660394
0.00652373
0.00644417
0.00636546
0.00628781
0.00621142
0.00613651
0.00606332
0.00599209
0.0059231
0.00585666
0.00579309
0.00573281
0.00567627
0.00562403
0.00557673
0.00553518
0.0055003
0.00547322
0.00545519
0.00544706
0.00523634
0.00531134
0.00538743
0.00546456
0.00554268
0.00562172
0.00570163
0.00578234
0.00586376
0.00594581
0.00602839
0.0061114
0.00619472
0.00627822
0.00636177
0.00644522
0.00652842
0.00661118
0.00669335
0.00677471
0.00685509
0.00693426
0.007012
0.00708809
0.0071623
0.00723438
0.00730409
0.00737117
0.00743538
0.00749646
0.00755418
0.00760828
0.00765853
0.00770471
0.0077466
0.00778401
0.00781675
0.00784468
0.00786764
0.00788554
0.00789827
0.0079058
0.00790807
0.0079051
0.00789692
0.00788357
0.00786515
0.00784177
0.00781356
0.0077807
0.00774335
0.00770174
0.00765607
0.00760657
0.00755349
0.00749708
0.00743759
0.00737529
0.00731043
0.00724327
0.00717407
0.00710309
0.00703056
0.00695674
0.00688186
0.00680615
0.00672984
0.00665315
0.00657629
0.00649948
0.00642293
0.00634684
0.00627144
0.00619692
0.00612352
0.00605146
0.00598098
0.00591234
0.00584582
0.00578174
0.00572044
0.00566233
0.00560787
0.00555761
0.00551218
0.00547235
0.00543902
0.00541321
0.0053961
0.00538845
0.00500736
0.0050788
0.00515129
0.00522479
0.00529926
0.00537464
0.00545088
0.00552792
0.00560569
0.00568411
0.00576309
0.00584254
0.00592236
0.00600244
0.00608266
0.00616288
0.00624296
0.00632276
0.00640212
0.00648085
0.0065588
0.00663575
0.00671153
0.00678591
0.00685869
0.00692964
0.00699855
0.00706517
0.00712928
0.00719064
0.00724902
0.00730419
0.00735592
0.00740399
0.0074482
0.00748834
0.00752424
0.00755573
0.00758266
0.00760491
0.00762236
0.00763494
0.00764259
0.00764529
0.00764303
0.00763584
0.00762377
0.00760689
0.00758531
0.00755916
0.00752858
0.00749374
0.00745483
0.00741204
0.0073656
0.00731572
0.00726264
0.0072066
0.00714785
0.00708661
0.00702315
0.00695771
0.00689052
0.00682183
0.00675187
0.00668088
0.00660908
0.00653669
0.00646394
0.00639105
0.00631822
0.00624569
0.00617366
0.00610236
0.00603202
0.00596288
0.00589517
0.00582919
0.0057652
0.00570354
0.00564455
0.00558865
0.00553629
0.00548802
0.00544445
0.00540633
0.0053745
0.00534993
0.00533369
0.00532647
0.00478417
0.00485224
0.00492133
0.0049914
0.00506241
0.00513433
0.00520709
0.00528065
0.00535495
0.00542992
0.00550548
0.00558154
0.00565803
0.00573484
0.00581185
0.00588897
0.00596606
0.00604298
0.00611959
0.00619575
0.00627129
0.00634603
0.00641981
0.00649243
0.00656369
0.0066334
0.00670135
0.00676733
0.00683112
0.0068925
0.00695125
0.00700716
0.00706
0.00710958
0.00715568
0.00719812
0.0072367
0.00727126
0.00730164
0.0073277
0.00734933
0.00736643
0.00737892
0.00738676
0.0073899
0.00738835
0.00738213
0.00737128
0.00735588
0.00733602
0.00731181
0.00728339
0.00725091
0.00721455
0.00717448
0.00713091
0.00708405
0.00703412
0.00698133
0.00692592
0.00686812
0.00680816
0.00674628
0.00668271
0.00661768
0.00655142
0.00648416
0.00641612
0.00634752
0.0062786
0.00620957
0.00614064
0.00607206
0.00600405
0.00593684
0.00587067
0.00580581
0.00574254
0.00568114
0.00562194
0.0055653
0.00551164
0.0054614
0.00541512
0.00537341
0.00533697
0.00530661
0.00528323
0.00526784
0.00526104
0.00456682
0.00463168
0.00469754
0.00476436
0.00483209
0.00490071
0.00497018
0.00504043
0.00511143
0.00518311
0.0052554
0.00532824
0.00540153
0.0054752
0.00554915
0.00562327
0.00569745
0.00577158
0.00584553
0.00591915
0.00599231
0.00606484
0.0061366
0.0062074
0.00627708
0.00634544
0.0064123
0.00647746
0.00654073
0.0066019
0.00666076
0.00671711
0.00677075
0.00682147
0.00686908
0.00691339
0.00695422
0.00699139
0.00702474
0.00705413
0.00707944
0.00710054
0.00711736
0.00712981
0.00713784
0.00714144
0.00714058
0.0071353
0.00712563
0.00711163
0.0070934
0.00707102
0.00704464
0.00701439
0.00698042
0.00694292
0.00690206
0.00685804
0.00681107
0.00676136
0.00670912
0.00665457
0.00659794
0.00653945
0.00647933
0.0064178
0.00635509
0.00629142
0.00622702
0.00616211
0.00609691
0.00603165
0.00596657
0.0059019
0.00583788
0.00577475
0.00571279
0.00565228
0.00559351
0.00553682
0.00548257
0.00543117
0.00538307
0.00533879
0.00529892
0.00526415
0.00523524
0.00521302
0.00519842
0.00519202
0.00435532
0.00441715
0.00447993
0.00454364
0.00460826
0.00467374
0.00474006
0.00480716
0.00487501
0.00494355
0.00501272
0.00508246
0.00515269
0.00522334
0.00529433
0.00536556
0.00543693
0.00550834
0.00557967
0.0056508
0.0057216
0.00579193
0.00586165
0.00593059
0.00599861
0.00606553
0.00613119
0.00619539
0.00625796
0.0063187
0.00637744
0.00643397
0.0064881
0.00653965
0.00658841
0.00663422
0.00667688
0.00671624
0.00675212
0.00678438
0.00681289
0.00683751
0.00685816
0.00687473
0.00688717
0.00689543
0.00689946
0.00689928
0.0068949
0.00688634
0.00687368
0.00685697
0.00683633
0.00681187
0.00678371
0.006752
0.00671691
0.00667861
0.00663728
0.00659311
0.0065463
0.00649706
0.0064456
0.00639214
0.00633689
0.00628007
0.0062219
0.00616261
0.00610241
0.00604154
0.00598022
0.00591867
0.00585713
0.00579585
0.00573506
0.00567503
0.00561602
0.00555831
0.00550222
0.00544808
0.00539624
0.00534713
0.00530117
0.0052589
0.00522087
0.00518775
0.00516024
0.00513915
0.00512534
0.00511931
0.0041497
0.00420862
0.00426847
0.00432922
0.00439086
0.00445335
0.00451666
0.00458075
0.00464558
0.00471111
0.00477729
0.00484405
0.00491134
0.00497908
0.00504721
0.00511563
0.00518427
0.00525303
0.0053218
0.00539048
0.00545894
0.00552707
0.00559473
0.00566179
0.00572809
0.00579349
0.00585782
0.00592093
0.00598264
0.00604279
0.00610118
0.00615765
0.006212
0.00626407
0.00631367
0.00636063
0.00640476
0.0064459
0.0064839
0.0065186
0.00654986
0.00657756
0.00660157
0.0066218
0.00663817
0.00665062
0.00665909
0.00666356
0.00666402
0.00666048
0.00665298
0.00664156
0.00662631
0.00660729
0.00658463
0.00655844
0.00652887
0.00649605
0.00646015
0.00642135
0.00637983
0.00633578
0.00628939
0.00624087
0.00619043
0.00613828
0.00608463
0.0060297
0.00597371
0.00591689
0.00585946
0.00580164
0.00574369
0.00568583
0.00562832
0.00557141
0.00551539
0.00546053
0.00540715
0.00535559
0.00530619
0.00525938
0.00521559
0.00517531
0.00513912
0.00510762
0.0050815
0.00506152
0.00504845
0.00504279
0.00394994
0.00400608
0.00406313
0.00412105
0.00417984
0.00423946
0.00429988
0.00436108
0.00442302
0.00448566
0.00454896
0.00461286
0.0046773
0.00474224
0.0048076
0.0048733
0.00493928
0.00500545
0.00507171
0.00513796
0.00520411
0.00527004
0.00533564
0.00540077
0.0054653
0.0055291
0.00559203
0.00565392
0.00571463
0.005774
0.00583186
0.00588805
0.00594239
0.00599471
0.00604485
0.00609263
0.00613789
0.00618046
0.00622019
0.00625693
0.00629053
0.00632086
0.0063478
0.00637125
0.0063911
0.00640729
0.00641974
0.00642842
0.00643329
0.00643436
0.00643162
0.0064251
0.00641486
0.00640096
0.00638347
0.00636251
0.00633817
0.00631059
0.00627991
0.00624629
0.00620989
0.00617087
0.00612944
0.00608576
0.00604005
0.0059925
0.00594333
0.00589273
0.00584093
0.00578815
0.00573461
0.00568055
0.00562619
0.00557178
0.00551757
0.00546383
0.00541082
0.00535884
0.0053082
0.00525924
0.0052123
0.00516781
0.00512618
0.00508791
0.00505353
0.00502365
0.00499889
0.00497998
0.00496765
0.00496234
0.00375603
0.00380951
0.00386386
0.00391907
0.00397512
0.00403199
0.00408964
0.00414807
0.00420723
0.00426708
0.0043276
0.00438873
0.00445043
0.00451265
0.00457532
0.00463838
0.00470176
0.00476539
0.00482918
0.00489305
0.0049569
0.00502064
0.00508415
0.00514733
0.00521005
0.00527219
0.00533362
0.00539419
0.00545378
0.00551222
0.00556937
0.00562507
0.00567917
0.0057315
0.00578191
0.00583023
0.0058763
0.00591996
0.00596107
0.00599947
0.00603502
0.00606758
0.00609704
0.00612328
0.00614619
0.00616568
0.00618169
0.00619415
0.00620302
0.00620827
0.00620989
0.00620789
0.0062023
0.00619315
0.00618051
0.00616446
0.00614508
0.00612248
0.00609678
0.00606812
0.00603665
0.00600251
0.00596588
0.00592693
0.00588584
0.00584282
0.00579804
0.00575173
0.00570409
0.00565533
0.00560567
0.00555535
0.00550459
0.00545364
0.00540276
0.00535219
0.00530222
0.00525314
0.00520526
0.00515891
0.00511446
0.00507229
0.00503283
0.00499656
0.00496399
0.00493569
0.00491228
0.00489442
0.0048828
0.00487783
0.00356794
0.00361886
0.00367062
0.00372322
0.00377664
0.00383085
0.00388585
0.00394159
0.00399807
0.00405524
0.00411307
0.00417153
0.00423057
0.00429014
0.00435019
0.00441067
0.00447152
0.00453266
0.00459403
0.00465554
0.00471711
0.00477866
0.00484008
0.00490128
0.00496215
0.00502256
0.00508242
0.00514158
0.00519991
0.0052573
0.00531358
0.00536862
0.00542228
0.00547439
0.00552482
0.00557341
0.00562
0.00566445
0.0057066
0.00574632
0.00578345
0.00581787
0.00584946
0.00587808
0.00590364
0.00592603
0.00594518
0.005961
0.00597345
0.00598249
0.00598807
0.00599021
0.00598889
0.00598415
0.00597602
0.00596456
0.00594984
0.00593195
0.00591098
0.00588706
0.0058603
0.00583085
0.00579886
0.00576449
0.00572791
0.0056893
0.00564885
0.00560675
0.00556321
0.00551843
0.00547263
0.00542603
0.00537887
0.00533138
0.00528381
0.00523643
0.00518951
0.00514335
0.00509824
0.00505452
0.00501254
0.0049727
0.00493541
0.00490112
0.00487035
0.00484362
0.00482154
0.0048047
0.00479377
0.00478913
0.0033856
0.00343406
0.00348334
0.00353342
0.0035843
0.00363596
0.00368838
0.00374154
0.00379542
0.00385
0.00390523
0.00396109
0.00401755
0.00407455
0.00413206
0.00419002
0.00424838
0.00430708
0.00436605
0.00442523
0.00448454
0.0045439
0.00460323
0.00466243
0.0047214
0.00478004
0.00483825
0.00489591
0.0049529
0.00500909
0.00506436
0.00511858
0.00517161
0.0052233
0.00527353
0.00532214
0.00536898
0.00541393
0.00545682
0.00549753
0.00553591
0.00557184
0.00560518
0.00563581
0.00566363
0.00568853
0.00571042
0.00572921
0.00574485
0.00575727
0.00576644
0.00577232
0.00577491
0.00577422
0.00577026
0.00576308
0.00575271
0.00573923
0.00572273
0.00570329
0.00568103
0.00565607
0.00562854
0.00559859
0.00556638
0.00553206
0.00549583
0.00545786
0.00541834
0.00537748
0.00533549
0.00529258
0.00524899
0.00520494
0.00516069
0.00511649
0.00507262
0.00502936
0.00498703
0.00494594
0.00490644
0.00486892
0.00483379
0.00480149
0.00477249
0.00474732
0.00472653
0.0047107
0.00470045
0.00469613
0.00320897
0.00325505
0.00330193
0.00334958
0.00339801
0.0034472
0.00349714
0.0035478
0.00359917
0.00365122
0.00370393
0.00375727
0.00381121
0.00386571
0.00392073
0.00397623
0.00403215
0.00408845
0.00414507
0.00420194
0.004259
0.00431618
0.0043734
0.00443058
0.00448762
0.00454445
0.00460095
0.00465702
0.00471257
0.00476746
0.00482159
0.00487484
0.00492707
0.00497816
0.00502797
0.00507637
0.00512323
0.00516841
0.00521176
0.00525316
0.00529248
0.00532958
0.00536433
0.00539662
0.00542633
0.00545336
0.00547761
0.00549899
0.00551743
0.00553285
0.00554522
0.00555448
0.00556061
0.00556362
0.00556348
0.00556024
0.00555392
0.00554456
0.00553225
0.00551704
0.00549904
0.00547834
0.00545508
0.00542937
0.00540136
0.0053712
0.00533906
0.00530511
0.00526953
0.00523251
0.00519427
0.005155
0.00511493
0.0050743
0.00503333
0.0049923
0.00495147
0.00491111
0.00487154
0.00483307
0.00479605
0.00476085
0.00472786
0.00469752
0.00467028
0.00464665
0.00462714
0.0046123
0.00460271
0.00459869
0.00303795
0.00308174
0.00312629
0.0031716
0.00321766
0.00326446
0.00331199
0.00336023
0.00340916
0.00345877
0.00350903
0.00355991
0.0036114
0.00366346
0.00371604
0.00376912
0.00382265
0.00387659
0.00393088
0.00398547
0.00404029
0.00409529
0.0041504
0.00420554
0.00426063
0.00431559
0.00437033
0.00442475
0.00447877
0.00453226
0.00458513
0.00463727
0.00468855
0.00473886
0.00478807
0.00483606
0.0048827
0.00492787
0.00497142
0.00501324
0.00505319
0.00509115
0.005127
0.00516061
0.00519187
0.00522067
0.00524692
0.00527052
0.00529138
0.00530944
0.00532463
0.00533691
0.00534623
0.00535257
0.00535592
0.00535629
0.00535369
0.00534816
0.00533974
0.0053285
0.0053145
0.00529784
0.00527862
0.00525696
0.00523298
0.00520682
0.00517863
0.00514857
0.00511682
0.00508356
0.00504898
0.00501329
0.00497669
0.00493942
0.00490171
0.00486381
0.00482598
0.00478851
0.00475169
0.00471582
0.00468126
0.00464836
0.0046175
0.0045891
0.00456361
0.00454148
0.00452323
0.00450936
0.00450041
0.0044967
0.00287245
0.00291402
0.00295632
0.00299936
0.00304313
0.00308761
0.0031328
0.00317869
0.00322525
0.00327248
0.00332035
0.00336885
0.00341794
0.00346761
0.00351781
0.00356852
0.0036197
0.00367131
0.0037233
0.00377562
0.00382823
0.00388105
0.00393404
0.00398713
0.00404023
0.00409329
0.00414622
0.00419893
0.00425133
0.00430333
0.00435484
0.00440574
0.00445593
0.0045053
0.00455374
0.00460113
0.00464735
0.00469228
0.00473579
0.00477777
0.00481808
0.00485662
0.00489325
0.00492787
0.00496035
0.00499059
0.00501849
0.00504396
0.0050669
0.00508723
0.00510489
0.00511982
0.00513197
0.0051413
0.0051478
0.00515145
0.00515226
0.00515024
0.00514543
0.00513786
0.00512761
0.00511474
0.00509935
0.00508152
0.00506137
0.00503903
0.00501464
0.00498834
0.00496029
0.00493067
0.00489966
0.00486746
0.00483426
0.00480029
0.00476578
0.00473097
0.00469612
0.00466149
0.00462739
0.0045941
0.00456198
0.00453135
0.0045026
0.00447612
0.00445234
0.0044317
0.00441467
0.00440175
0.00439343
0.00439001
0.00271235
0.00275177
0.0027919
0.00283274
0.00287428
0.00291651
0.00295943
0.00300303
0.00304729
0.0030922
0.00313774
0.0031839
0.00323066
0.00327799
0.00332586
0.00337424
0.0034231
0.00347241
0.00352213
0.00357221
0.0036226
0.00367326
0.00372413
0.00377514
0.00382624
0.00387736
0.00392843
0.00397937
0.00403009
0.00408052
0.00413055
0.00418011
0.00422909
0.00427738
0.00432489
0.0043715
0.00441711
0.00446159
0.00450484
0.00454673
0.00458716
0.004626
0.00466314
0.00469846
0.00473186
0.00476322
0.00479245
0.00481944
0.00484412
0.00486638
0.00488616
0.0049034
0.00491803
0.00493002
0.00493932
0.00494592
0.00494981
0.00495099
0.00494949
0.00494532
0.00493855
0.00492921
0.0049174
0.00490318
0.00488666
0.00486796
0.00484718
0.00482448
0.0048
0.00477389
0.00474634
0.00471752
0.00468764
0.0046569
0.00462552
0.00459374
0.00456181
0.00452999
0.00449856
0.00446782
0.00443809
0.00440971
0.00438304
0.00435845
0.00433635
0.00431717
0.00430136
0.00428936
0.00428165
0.00427852
0.00255754
0.00259487
0.00263289
0.00267159
0.00271096
0.00275101
0.00279172
0.00283309
0.0028751
0.00291775
0.00296103
0.00300491
0.00304937
0.00309441
0.00313998
0.00318608
0.00323267
0.00327971
0.00332718
0.00337503
0.00342322
0.00347171
0.00352045
0.00356939
0.00361846
0.00366762
0.00371678
0.00376589
0.00381487
0.00386365
0.00391213
0.00396024
0.00400788
0.00405497
0.0041014
0.00414707
0.00419189
0.00423574
0.00427851
0.0043201
0.0043604
0.0043993
0.00443668
0.00447243
0.00450645
0.00453864
0.00456888
0.00459709
0.00462317
0.00464703
0.0046686
0.00468781
0.00470458
0.00471888
0.00473066
0.00473989
0.00474654
0.00475062
0.00475212
0.00475106
0.00474748
0.00474142
0.00473293
0.00472209
0.00470898
0.0046937
0.00467636
0.00465708
0.004636
0.00461327
0.00458904
0.0045635
0.00453683
0.00450922
0.0044809
0.00445207
0.004423
0.00439393
0.00436513
0.00433689
0.00430952
0.00428335
0.00425871
0.00423598
0.00421554
0.00419779
0.00418315
0.00417206
0.00416495
0.00416209
0.00240786
0.00244317
0.00247913
0.00251575
0.00255302
0.00259094
0.0026295
0.0026687
0.00270852
0.00274897
0.00279002
0.00283166
0.00287389
0.00291667
0.00296
0.00300384
0.00304818
0.00309299
0.00313823
0.00318387
0.00322987
0.00327621
0.00332282
0.00336966
0.00341669
0.00346385
0.00351108
0.00355832
0.0036055
0.00365255
0.0036994
0.00374597
0.00379217
0.00383793
0.00388315
0.00392773
0.0039716
0.00401463
0.00405675
0.00409783
0.00413778
0.0041765
0.00421387
0.0042498
0.00428418
0.0043169
0.00434786
0.00437698
0.00440415
0.0044293
0.00445233
0.00447318
0.00449178
0.00450807
0.00452199
0.00453352
0.00454262
0.00454928
0.00455348
0.00455524
0.00455457
0.0045515
0.00454609
0.00453838
0.00452845
0.00451638
0.00450227
0.00448623
0.00446838
0.00444886
0.00442782
0.00440542
0.00438184
0.00435726
0.00433189
0.00430595
0.00427966
0.00425326
0.00422703
0.00420124
0.00417618
0.00415216
0.00412952
0.0041086
0.00408978
0.00407342
0.00405994
0.00404973
0.0040432
0.0040406
0.00226316
0.0022965
0.00233047
0.00236506
0.00240028
0.00243613
0.00247259
0.00250967
0.00254736
0.00258565
0.00262452
0.00266398
0.00270401
0.00274459
0.0027857
0.00282733
0.00286945
0.00291204
0.00295507
0.00299852
0.00304235
0.00308653
0.00313101
0.00317576
0.00322073
0.00326587
0.00331113
0.00335645
0.00340177
0.00344704
0.00349218
0.00353712
0.00358179
0.00362611
0.00366999
0.00371336
0.00375612
0.00379818
0.00383946
0.00387984
0.00391925
0.00395757
0.00399471
0.00403056
0.00406503
0.00409802
0.00412944
0.00415918
0.00418715
0.00421327
0.00423746
0.00425964
0.00427974
0.0042977
0.00431345
0.00432697
0.0043382
0.00434712
0.00435373
0.004358
0.00435996
0.00435962
0.00435701
0.00435218
0.00434518
0.0043361
0.00432501
0.00431201
0.0042972
0.00428073
0.00426271
0.00424331
0.00422269
0.00420102
0.0041785
0.00415533
0.00413173
0.00410794
0.0040842
0.00406078
0.00403797
0.00401605
0.00399536
0.00397621
0.00395896
0.00394397
0.0039316
0.00392225
0.00391628
0.00391394
0.00212328
0.0021547
0.00218672
0.00221934
0.00225257
0.00228639
0.00232081
0.00235582
0.00239141
0.00242759
0.00246434
0.00250165
0.00253952
0.00257793
0.00261687
0.00265631
0.00269624
0.00273665
0.0027775
0.00281877
0.00286043
0.00290246
0.00294481
0.00298745
0.00303034
0.00307344
0.0031167
0.00316007
0.0032035
0.00324692
0.00329028
0.00333352
0.00337656
0.00341934
0.00346178
0.0035038
0.00354533
0.00358627
0.00362654
0.00366605
0.00370472
0.00374244
0.00377913
0.00381468
0.00384901
0.00388202
0.00391362
0.00394371
0.0039722
0.00399902
0.00402407
0.00404728
0.00406857
0.00408789
0.00410516
0.00412035
0.0041334
0.00414429
0.00415299
0.00415949
0.00416379
0.00416589
0.00416582
0.0041636
0.0041593
0.00415296
0.00414466
0.00413449
0.00412254
0.00410892
0.00409376
0.0040772
0.00405939
0.0040405
0.0040207
0.00400019
0.00397918
0.0039579
0.00393657
0.00391545
0.00389482
0.00387494
0.00385614
0.00383871
0.00382299
0.00380931
0.00379803
0.0037895
0.00378408
0.00378199
0.00198801
0.00201757
0.0020477
0.0020784
0.00210967
0.00214152
0.00217394
0.00220693
0.00224048
0.00227459
0.00230925
0.00234446
0.00238021
0.00241649
0.00245328
0.00249056
0.00252834
0.00256658
0.00260526
0.00264437
0.00268388
0.00272376
0.00276399
0.00280452
0.00284532
0.00288636
0.00292759
0.00296897
0.00301045
0.00305199
0.00309351
0.00313497
0.00317631
0.00321746
0.00325835
0.00329891
0.00333907
0.00337875
0.00341787
0.00345635
0.0034941
0.00353104
0.00356707
0.00360211
0.00363608
0.00366887
0.0037004
0.00373059
0.00375934
0.00378657
0.00381219
0.00383614
0.00385834
0.00387871
0.00389721
0.00391377
0.00392835
0.0039409
0.0039514
0.00395983
0.00396617
0.00397043
0.00397262
0.00397276
0.00397089
0.00396706
0.00396132
0.00395375
0.00394444
0.00393349
0.003921
0.00390711
0.00389195
0.00387569
0.00385848
0.00384052
0.00382198
0.0038031
0.00378409
0.00376518
0.00374665
0.00372874
0.00371176
0.00369599
0.00368175
0.00366934
0.00365911
0.00365138
0.00364649
0.00364462
0.00185718
0.00188492
0.0019132
0.00194202
0.00197139
0.00200131
0.00203178
0.00206278
0.00209433
0.00212642
0.00215903
0.00219218
0.00222584
0.00226002
0.0022947
0.00232986
0.0023655
0.0024016
0.00243814
0.0024751
0.00251246
0.00255021
0.0025883
0.00262671
0.00266542
0.00270438
0.00274356
0.00278293
0.00282243
0.00286202
0.00290165
0.00294127
0.00298083
0.00302026
0.00305951
0.00309851
0.00313719
0.00317548
0.00321331
0.0032506
0.00328727
0.00332325
0.00335844
0.00339278
0.00342616
0.00345852
0.00348976
0.00351979
0.00354854
0.00357592
0.00360186
0.00362627
0.00364909
0.00367024
0.00368966
0.0037073
0.0037231
0.00373702
0.00374903
0.0037591
0.0037672
0.00377334
0.00377752
0.00377975
0.00378005
0.00377847
0.00377505
0.00376986
0.00376297
0.00375447
0.00374447
0.00373306
0.00372039
0.0037066
0.00369184
0.00367627
0.0036601
0.0036435
0.00362669
0.00360991
0.00359338
0.00357737
0.00356214
0.00354796
0.00353514
0.00352396
0.00351474
0.00350778
0.00350338
0.00350174
0.00173057
0.00175653
0.001783
0.00181
0.00183751
0.00186554
0.00189409
0.00192316
0.00195274
0.00198284
0.00201345
0.00204457
0.00207618
0.00210829
0.00214088
0.00217395
0.00220747
0.00224145
0.00227586
0.0023107
0.00234593
0.00238154
0.0024175
0.00245379
0.00249039
0.00252726
0.00256437
0.00260169
0.00263917
0.00267678
0.00271447
0.00275219
0.0027899
0.00282754
0.00286506
0.0029024
0.00293949
0.00297627
0.00301268
0.00304864
0.00308409
0.00311894
0.00315313
0.00318657
0.00321918
0.00325089
0.00328161
0.00331127
0.00333979
0.00336707
0.00339306
0.00341767
0.00344084
0.00346249
0.00348256
0.00350099
0.00351773
0.00353273
0.00354596
0.00355737
0.00356696
0.0035747
0.00358058
0.00358463
0.00358685
0.00358726
0.00358592
0.00358287
0.00357818
0.00357193
0.00356419
0.00355508
0.00354472
0.00353323
0.00352075
0.00350745
0.00349349
0.00347905
0.00346434
0.00344957
0.00343496
0.00342075
0.00340719
0.00339454
0.00338307
0.00337307
0.00336481
0.00335858
0.00335467
0.00335324
0.00160795
0.00163218
0.00165689
0.00168209
0.00170778
0.00173397
0.00176064
0.00178781
0.00181547
0.00184362
0.00187225
0.00190137
0.00193097
0.00196103
0.00199157
0.00202256
0.002054
0.00208588
0.00211818
0.0021509
0.002184
0.00221748
0.00225132
0.0022855
0.00231998
0.00235474
0.00238976
0.00242501
0.00246044
0.00249603
0.00253172
0.0025675
0.0026033
0.00263907
0.00267478
0.00271037
0.00274577
0.00278094
0.00281581
0.00285032
0.00288439
0.00291797
0.00295098
0.00298335
0.00301501
0.00304588
0.00307588
0.00310495
0.003133
0.00315996
0.00318576
0.00321032
0.00323357
0.00325546
0.0032759
0.00329485
0.00331225
0.00332806
0.00334222
0.0033547
0.00336549
0.00337454
0.00338187
0.00338746
0.00339133
0.00339349
0.00339397
0.00339283
0.0033901
0.00338587
0.0033802
0.00337319
0.00336494
0.00335557
0.00334521
0.00333401
0.00332212
0.00330971
0.00329697
0.0032841
0.0032713
0.0032588
0.00324682
0.00323562
0.00322545
0.00321656
0.00320922
0.00320369
0.00320023
0.003199
0.0014891
0.00151163
0.00153462
0.00155807
0.00158197
0.00160635
0.00163118
0.00165649
0.00168225
0.00170848
0.00173517
0.00176233
0.00178993
0.00181799
0.0018465
0.00187544
0.00190482
0.00193461
0.00196482
0.00199543
0.00202642
0.00205778
0.00208949
0.00212154
0.0021539
0.00218655
0.00221946
0.00225261
0.00228596
0.00231949
0.00235316
0.00238693
0.00242076
0.00245461
0.00248843
0.00252218
0.00255581
0.00258926
0.00262248
0.00265541
0.00268799
0.00272015
0.00275184
0.00278298
0.00281351
0.00284335
0.00287245
0.00290072
0.00292809
0.0029545
0.00297988
0.00300415
0.00302725
0.00304911
0.00306967
0.00308888
0.00310667
0.003123
0.00313782
0.0031511
0.00316281
0.00317292
0.00318141
0.00318828
0.00319353
0.00319718
0.00319924
0.00319975
0.00319876
0.00319631
0.00319249
0.00318737
0.00318104
0.00317361
0.0031652
0.00315593
0.00314596
0.00313544
0.00312454
0.00311344
0.00310234
0.00309144
0.00308097
0.00307114
0.00306218
0.00305435
0.00304788
0.00304301
0.00303997
0.00303892
0.00137376
0.00139463
0.00141593
0.00143766
0.00145982
0.00148242
0.00150545
0.00152892
0.00155282
0.00157717
0.00160195
0.00162716
0.00165281
0.00167888
0.00170538
0.00173229
0.00175962
0.00178735
0.00181548
0.00184399
0.00187288
0.00190212
0.00193171
0.00196163
0.00199186
0.00202238
0.00205317
0.0020842
0.00211545
0.00214689
0.00217848
0.0022102
0.00224201
0.00227388
0.00230575
0.00233759
0.00236936
0.002401
0.00243246
0.0024637
0.00249466
0.00252528
0.00255549
0.00258525
0.00261449
0.00264315
0.00267115
0.00269843
0.00272493
0.00275059
0.00277532
0.00279907
0.00282178
0.00284338
0.00286381
0.00288302
0.00290094
0.00291754
0.00293276
0.00294656
0.00295892
0.00296981
0.0029792
0.00298708
0.00299346
0.00299833
0.00300172
0.00300365
0.00300415
0.00300327
0.00300107
0.00299763
0.00299301
0.00298733
0.00298068
0.00297318
0.00296496
0.00295618
0.00294698
0.00293753
0.00292801
0.00291861
0.00290953
0.00290098
0.00289318
0.00288633
0.00288068
0.00287642
0.00287379
0.00287291
0.00126169
0.00128093
0.00130057
0.00132061
0.00134105
0.0013619
0.00138316
0.00140482
0.0014269
0.00144938
0.00147228
0.00149558
0.00151929
0.0015434
0.00156791
0.00159282
0.00161812
0.0016438
0.00166986
0.00169629
0.00172308
0.00175021
0.00177768
0.00180547
0.00183356
0.00186194
0.00189059
0.00191948
0.0019486
0.00197791
0.0020074
0.00203703
0.00206677
0.00209659
0.00212645
0.00215631
0.00218613
0.00221588
0.00224549
0.00227494
0.00230416
0.00233311
0.00236173
0.00238997
0.00241776
0.00244506
0.0024718
0.00249792
0.00252336
0.00254805
0.00257194
0.00259497
0.00261706
0.00263817
0.00265823
0.00267719
0.002695
0.00271161
0.00272697
0.00274104
0.00275379
0.00276519
0.00277522
0.00278386
0.0027911
0.00279695
0.00280141
0.0028045
0.00280626
0.00280671
0.00280592
0.00280393
0.00280083
0.00279669
0.00279162
0.00278571
0.00277909
0.00277188
0.00276423
0.0027563
0.00274824
0.00274022
0.00273244
0.00272508
0.00271834
0.00271242
0.00270753
0.00270385
0.00270159
0.00270087
0.00115259
0.00117023
0.00118824
0.00120663
0.00122538
0.00124451
0.00126402
0.00128391
0.00130418
0.00132483
0.00134586
0.00136728
0.00138907
0.00141124
0.00143379
0.0014567
0.00147999
0.00150364
0.00152764
0.00155199
0.00157669
0.00160171
0.00162706
0.00165271
0.00167866
0.00170489
0.00173138
0.00175812
0.00178508
0.00181225
0.00183959
0.00186709
0.00189471
0.00192243
0.00195021
0.00197803
0.00200584
0.0020336
0.00206128
0.00208883
0.00211622
0.00214338
0.00217028
0.00219686
0.00222308
0.00224887
0.00227419
0.00229897
0.00232317
0.00234672
0.00236957
0.00239166
0.00241292
0.00243332
0.00245279
0.00247127
0.00248873
0.0025051
0.00252035
0.00253444
0.00254734
0.002559
0.00256941
0.00257855
0.0025864
0.00259297
0.00259826
0.00260228
0.00260505
0.00260661
0.00260699
0.00260625
0.00260445
0.00260166
0.00259797
0.00259347
0.00258826
0.00258248
0.00257623
0.00256967
0.00256294
0.0025562
0.00254961
0.00254334
0.00253759
0.00253252
0.00252833
0.00252518
0.00252326
0.00252269
0.00104619
0.00106226
0.00107867
0.00109542
0.00111251
0.00112995
0.00114773
0.00116587
0.00118436
0.0012032
0.00122239
0.00124193
0.00126183
0.00128207
0.00130267
0.00132361
0.00134489
0.00136652
0.00138847
0.00141076
0.00143336
0.00145628
0.0014795
0.00150302
0.00152682
0.00155089
0.00157521
0.00159977
0.00162455
0.00164954
0.0016747
0.00170003
0.00172549
0.00175106
0.00177671
0.00180242
0.00182814
0.00185385
0.00187951
0.00190508
0.00193052
0.00195579
0.00198086
0.00200566
0.00203016
0.00205431
0.00207805
0.00210134
0.00212413
0.00214636
0.00216798
0.00218894
0.00220918
0.00222866
0.00224732
0.00226511
0.00228198
0.00229789
0.0023128
0.00232666
0.00233945
0.00235113
0.00236168
0.00237107
0.00237929
0.00238633
0.00239221
0.00239691
0.00240046
0.00240289
0.00240423
0.00240451
0.0024038
0.00240216
0.00239966
0.00239639
0.00239244
0.0023879
0.00238291
0.00237758
0.00237205
0.00236645
0.00236095
0.00235569
0.00235083
0.00234655
0.00234299
0.00234034
0.00233873
0.00233828
0.000942182
0.000956701
0.000971527
0.000986664
0.00100211
0.00101788
0.00103396
0.00105037
0.00106709
0.00108414
0.0011015
0.0011192
0.00113721
0.00115555
0.0011742
0.00119318
0.00121248
0.00123208
0.001252
0.00127222
0.00129274
0.00131355
0.00133464
0.00135601
0.00137765
0.00139954
0.00142168
0.00144404
0.00146662
0.0014894
0.00151236
0.00153547
0.00155873
0.00158211
0.00160557
0.00162911
0.00165268
0.00167626
0.00169981
0.00172332
0.00174673
0.00177001
0.00179312
0.00181603
0.00183869
0.00186106
0.00188309
0.00190474
0.00192596
0.0019467
0.00196692
0.00198657
0.0020056
0.00202396
0.0020416
0.00205848
0.00207456
0.00208979
0.00210412
0.00211753
0.00212998
0.00214144
0.00215188
0.00216128
0.00216963
0.00217691
0.00218313
0.00218829
0.00219239
0.00219547
0.00219754
0.00219863
0.00219881
0.00219812
0.00219662
0.00219439
0.0021915
0.00218806
0.00218417
0.00217993
0.00217546
0.00217089
0.00216636
0.002162
0.00215796
0.00215438
0.00215141
0.0021492
0.00214787
0.00214753
0.00084024
0.000853226
0.00086649
0.000880033
0.000893859
0.000907969
0.000922366
0.000937052
0.000952027
0.000967295
0.000982854
0.000998707
0.00101485
0.00103129
0.00104802
0.00106504
0.00108235
0.00109995
0.00111782
0.00113598
0.00115441
0.00117311
0.00119208
0.00121129
0.00123076
0.00125046
0.00127039
0.00129054
0.00131089
0.00133143
0.00135215
0.00137302
0.00139403
0.00141516
0.00143639
0.00145769
0.00147905
0.00150043
0.00152181
0.00154316
0.00156445
0.00158564
0.00160671
0.00162761
0.00164831
0.00166877
0.00168896
0.00170882
0.00172833
0.00174743
0.00176609
0.00178425
0.00180189
0.00181894
0.00183538
0.00185116
0.00186623
0.00188056
0.00189411
0.00190685
0.00191873
0.00192974
0.00193985
0.00194904
0.00195728
0.00196457
0.00197091
0.00197629
0.00198073
0.00198422
0.00198681
0.00198851
0.00198937
0.00198943
0.00198874
0.00198737
0.00198539
0.00198288
0.00197993
0.00197663
0.0019731
0.00196944
0.00196577
0.00196221
0.0019589
0.00195595
0.00195351
0.00195169
0.00195062
0.00195037
0.000740019
0.000751487
0.000763202
0.000775166
0.00078738
0.000799848
0.000812572
0.000825552
0.000838791
0.00085229
0.000866051
0.000880073
0.000894357
0.000908903
0.000923711
0.000938779
0.000954107
0.000969692
0.000985532
0.00100162
0.00101796
0.00103455
0.00105137
0.00106842
0.0010857
0.0011032
0.00112091
0.00113882
0.00115691
0.00117519
0.00119363
0.00121221
0.00123094
0.00124978
0.00126872
0.00128774
0.00130682
0.00132593
0.00134506
0.00136418
0.00138326
0.00140227
0.00142119
0.00143998
0.00145861
0.00147705
0.00149526
0.00151321
0.00153086
0.00154817
0.00156511
0.00158163
0.0015977
0.00161328
0.00162833
0.00164281
0.00165669
0.00166992
0.00168248
0.00169433
0.00170545
0.0017158
0.00172535
0.0017341
0.00174202
0.0017491
0.00175534
0.00176073
0.00176527
0.00176898
0.00177188
0.00177398
0.00177532
0.00177593
0.00177587
0.00177519
0.00177394
0.0017722
0.00177004
0.00176755
0.00176482
0.00176194
0.00175903
0.00175618
0.00175351
0.00175112
0.00174914
0.00174768
0.00174682
0.00174666
0.00064115
0.000651111
0.000661286
0.000671679
0.000682292
0.000693126
0.000704183
0.000715466
0.000726975
0.000738712
0.000750678
0.000762874
0.0007753
0.000787956
0.000800843
0.000813959
0.000827304
0.000840876
0.000854673
0.000868693
0.000882933
0.00089739
0.000912059
0.000926936
0.000942014
0.000957288
0.00097275
0.000988393
0.00100421
0.00102018
0.00103631
0.00105257
0.00106896
0.00108547
0.00110207
0.00111875
0.00113549
0.00115227
0.00116908
0.00118589
0.00120268
0.00121943
0.00123611
0.00125268
0.00126914
0.00128544
0.00130156
0.00131747
0.00133313
0.00134851
0.00136359
0.00137831
0.00139266
0.0014066
0.00142009
0.0014331
0.0014456
0.00145755
0.00146893
0.0014797
0.00148984
0.00149932
0.00150813
0.00151623
0.00152362
0.00153028
0.00153621
0.0015414
0.00154585
0.00154957
0.00155258
0.00155488
0.00155652
0.00155751
0.0015579
0.00155773
0.00155705
0.00155592
0.00155441
0.00155259
0.00155054
0.00154833
0.00154607
0.00154383
0.00154172
0.00153983
0.00153826
0.0015371
0.00153644
0.00153634
0.000543233
0.00055169
0.000560331
0.000569158
0.000578172
0.000587375
0.000596769
0.000606356
0.000616136
0.000626112
0.000636283
0.000646652
0.000657218
0.000667981
0.000678942
0.000690101
0.000701456
0.000713007
0.000724753
0.00073669
0.000748818
0.000761133
0.000773633
0.000786312
0.000799167
0.000812193
0.000825384
0.000838733
0.000852233
0.000865876
0.000879653
0.000893555
0.00090757
0.000921687
0.000935894
0.000950176
0.000964519
0.000978909
0.000993326
0.00100775
0.00102218
0.00103657
0.00105091
0.00106518
0.00107936
0.00109342
0.00110733
0.00112108
0.00113463
0.00114795
0.00116102
0.00117381
0.00118629
0.00119843
0.0012102
0.00122157
0.00123252
0.00124302
0.00125303
0.00126254
0.00127152
0.00127995
0.0012878
0.00129507
0.00130173
0.00130778
0.0013132
0.001318
0.00132216
0.0013257
0.00132863
0.00133096
0.00133271
0.0013339
0.00133457
0.00133475
0.00133449
0.00133383
0.00133284
0.00133155
0.00133006
0.00132841
0.00132669
0.00132498
0.00132335
0.00132189
0.00132067
0.00131977
0.00131926
0.00131921
0.000445832
0.000452786
0.000459891
0.00046715
0.000474563
0.000482133
0.000489861
0.000497748
0.000505795
0.000514004
0.000522375
0.00053091
0.000539608
0.00054847
0.000557496
0.000566686
0.00057604
0.000585556
0.000595235
0.000605073
0.000615071
0.000625225
0.000635533
0.000645992
0.000656599
0.000667349
0.000678239
0.000689262
0.000700413
0.000711686
0.000723073
0.000734567
0.00074616
0.000757841
0.000769601
0.000781429
0.000793313
0.000805241
0.000817198
0.000829171
0.000841144
0.000853101
0.000865025
0.000876898
0.0008887
0.000900412
0.000912014
0.000923485
0.000934801
0.000945941
0.000956882
0.000967599
0.00097807
0.00098827
0.000998174
0.00100776
0.001017
0.00102588
0.00103437
0.00104245
0.0010501
0.00105729
0.00106403
0.00107028
0.00107604
0.00108129
0.00108603
0.00109025
0.00109396
0.00109715
0.00109983
0.00110201
0.00110371
0.00110495
0.00110575
0.00110614
0.00110615
0.00110583
0.00110521
0.00110436
0.00110331
0.00110212
0.00110086
0.00109959
0.00109837
0.00109727
0.00109635
0.00109568
0.00109532
0.0010953
0.000348467
0.00035391
0.000359473
0.000365156
0.00037096
0.000376888
0.000382939
0.000389116
0.000395419
0.000401849
0.000408407
0.000415094
0.000421909
0.000428854
0.000435928
0.000443132
0.000450465
0.000457927
0.000465517
0.000473233
0.000481076
0.000489042
0.000497132
0.000505341
0.000513667
0.000522108
0.00053066
0.00053932
0.000548081
0.000556941
0.000565894
0.000574932
0.000584051
0.000593243
0.000602499
0.000611813
0.000621174
0.000630573
0.000639999
0.000649442
0.000658889
0.000668329
0.000677746
0.000687129
0.000696462
0.000705729
0.000714915
0.000724003
0.000732976
0.000741816
0.000750505
0.000759026
0.000767358
0.000775483
0.000783383
0.000791037
0.000798428
0.000805538
0.000812347
0.000818839
0.000824999
0.000830809
0.000836258
0.000841332
0.00084602
0.000850314
0.000854207
0.000857696
0.000860778
0.000863455
0.000865732
0.000867616
0.000869119
0.000870255
0.000871042
0.000871504
0.000871665
0.000871556
0.000871211
0.000870666
0.000869963
0.000869145
0.000868258
0.000867352
0.000866477
0.000865682
0.000865019
0.000864537
0.000864279
0.00086429
0.000250605
0.000254525
0.00025853
0.000262622
0.000266803
0.000271071
0.00027543
0.000279879
0.00028442
0.000289052
0.000293777
0.000298595
0.000303506
0.000308511
0.000313609
0.000318802
0.000324088
0.000329467
0.00033494
0.000340504
0.00034616
0.000351907
0.000357742
0.000363665
0.000369674
0.000375766
0.00038194
0.000388192
0.000394519
0.000400919
0.000407386
0.000413918
0.000420508
0.000427153
0.000433847
0.000440584
0.000447357
0.00045416
0.000460985
0.000467824
0.000474668
0.00048151
0.000488339
0.000495145
0.000501918
0.000508646
0.000515319
0.000521925
0.000528451
0.000534884
0.000541212
0.000547421
0.000553498
0.000559429
0.0005652
0.000570798
0.000576209
0.00058142
0.000586417
0.000591188
0.000595722
0.000600006
0.000604032
0.000607789
0.000611269
0.000614466
0.000617376
0.000619993
0.000622318
0.000624351
0.000626094
0.000627553
0.000628736
0.000629651
0.000630314
0.000630738
0.000630943
0.000630949
0.000630781
0.000630465
0.00063003
0.000629507
0.000628929
0.000628331
0.000627749
0.000627219
0.000626778
0.000626459
0.000626295
0.000626317
0.000151647
0.00015402
0.000156446
0.000158924
0.000161456
0.000164041
0.000166681
0.000169376
0.000172127
0.000174933
0.000177795
0.000180714
0.00018369
0.000186722
0.000189812
0.000192958
0.000196162
0.000199422
0.000202739
0.000206113
0.000209542
0.000213026
0.000216564
0.000220156
0.0002238
0.000227495
0.00023124
0.000235033
0.000238872
0.000242756
0.000246681
0.000250645
0.000254647
0.000258682
0.000262747
0.000266839
0.000270954
0.000275088
0.000279236
0.000283393
0.000287555
0.000291716
0.000295871
0.000300013
0.000304136
0.000308233
0.000312298
0.000316323
0.000320301
0.000324224
0.000328085
0.000331875
0.000335586
0.00033921
0.000342738
0.000346163
0.000349475
0.000352668
0.000355732
0.00035866
0.000361445
0.000364079
0.000366558
0.000368875
0.000371024
0.000373002
0.000374806
0.000376434
0.000377883
0.000379156
0.000380252
0.000381176
0.000381932
0.000382525
0.000382963
0.000383256
0.000383414
0.00038345
0.000383379
0.000383216
0.000382979
0.000382687
0.000382359
0.000382016
0.00038168
0.000381374
0.000381118
0.000380934
0.000380845
0.000380846
5.09119e-05
5.17089e-05
5.25236e-05
5.33559e-05
5.42062e-05
5.50745e-05
5.59612e-05
5.68664e-05
5.77902e-05
5.87328e-05
5.96943e-05
6.06749e-05
6.16745e-05
6.26933e-05
6.37313e-05
6.47885e-05
6.5865e-05
6.69606e-05
6.80752e-05
6.92089e-05
7.03613e-05
7.15323e-05
7.27216e-05
7.3929e-05
7.5154e-05
7.63964e-05
7.76555e-05
7.89309e-05
8.02219e-05
8.15279e-05
8.28481e-05
8.41817e-05
8.55278e-05
8.68853e-05
8.82532e-05
8.96302e-05
9.10152e-05
9.24066e-05
9.38031e-05
9.52029e-05
9.66046e-05
9.80061e-05
9.94057e-05
0.000100801
0.000102191
0.000103572
0.000104942
0.0001063
0.000107642
0.000108966
0.000110269
0.000111549
0.000112802
0.000114027
0.000115219
0.000116377
0.000117498
0.000118579
0.000119617
0.000120609
0.000121554
0.000122449
0.000123291
0.000124079
0.000124811
0.000125486
0.000126102
0.000126659
0.000127156
0.000127594
0.000127973
0.000128294
0.000128558
0.000128767
0.000128925
0.000129033
0.000129096
0.000129118
0.000129103
0.000129058
0.000128987
0.000128897
0.000128795
0.000128687
0.000128582
0.000128486
0.000128407
0.000128351
0.000128331
0.00012833
)
;

boundaryField
{
    inlet
    {
        type            calculated;
        value           uniform 0;
    }
    outlet
    {
        type            calculated;
        value           nonuniform List<scalar> 
80
(
0.000180412
0.000694152
0.00132553
0.0020484
0.00279536
0.0035055
0.00412707
0.00463252
0.00501931
0.00530187
0.00550245
0.00564389
0.00574513
0.00581973
0.00587635
0.00592012
0.00595409
0.00598013
0.00599951
0.00601319
0.00602192
0.00602627
0.00602674
0.00602369
0.00601742
0.00600817
0.00599609
0.00598133
0.00596396
0.00594405
0.00592163
0.0058967
0.00586927
0.00583931
0.00580679
0.00577166
0.00573386
0.00569334
0.00565002
0.00560381
0.00555465
0.00550243
0.00544706
0.00538845
0.00532647
0.00526104
0.00519202
0.00511931
0.00504279
0.00496234
0.00487783
0.00478913
0.00469613
0.00459869
0.0044967
0.00439001
0.00427852
0.00416209
0.0040406
0.00391394
0.00378199
0.00364462
0.00350174
0.00335324
0.003199
0.00303892
0.00287291
0.00270087
0.00252269
0.00233828
0.00214753
0.00195037
0.00174666
0.00153634
0.00131921
0.0010953
0.00086429
0.000626317
0.000380846
0.00012833
)
;
    }
    topWall
    {
        type            calculated;
        value           uniform 0;
    }
    symmetry
    {
        type            calculated;
        value           uniform 0;
    }
    bottomWall
    {
        type            calculated;
        value           uniform 0;
    }
    frontAndBack
    {
        type            empty;
    }
}


// ************************************************************************* //
