/*--------------------------------*- C++ -*----------------------------------*\
| =========                 |                                                 |
| \\      /  F ield         | OpenFOAM: The Open Source CFD Toolbox           |
|  \\    /   O peration     | Version:  2312                                  |
|   \\  /    A nd           | Website:  www.openfoam.com                      |
|    \\/     M anipulation  |                                                 |
\*---------------------------------------------------------------------------*/
FoamFile
{
    version     2.0;
    format      ascii;
    arch        "LSB;label=32;scalar=64";
    class       volScalarField;
    location    "2000";
    object      p;
}
// * * * * * * * * * * * * * * * * * * * * * * * * * * * * * * * * * * * * * //

dimensions      [0 2 -2 0 0 0 0];

internalField   nonuniform List<scalar> 
400
(
3.68464e-08
7.07267e-08
6.93807e-08
6.42476e-08
5.70984e-08
4.71255e-08
3.49468e-08
2.13349e-08
6.83745e-09
-8.12146e-09
-2.31592e-08
-3.78989e-08
-5.19395e-08
-6.48134e-08
-7.58945e-08
-8.42749e-08
-8.91991e-08
-9.162e-08
-8.9717e-08
-4.65999e-08
4.35901e-08
8.50826e-08
7.50514e-08
6.46308e-08
5.56341e-08
4.52411e-08
3.33272e-08
2.04245e-08
6.91521e-09
-6.90613e-09
-2.0756e-08
-3.43491e-08
-4.73937e-08
-5.95736e-08
-7.04614e-08
-7.94404e-08
-8.66078e-08
-9.52143e-08
-1.03667e-07
-5.37198e-08
5.02468e-08
1.01305e-07
8.46684e-08
6.96172e-08
5.85154e-08
4.70166e-08
3.45055e-08
2.13792e-08
7.89605e-09
-5.76435e-09
-1.94179e-08
-3.28749e-08
-4.59493e-08
-5.84558e-08
-7.01126e-08
-8.04657e-08
-9.016e-08
-1.04163e-07
-1.20507e-07
-6.10616e-08
5.68727e-08
1.19063e-07
9.78787e-08
7.87103e-08
6.52029e-08
5.19928e-08
3.81354e-08
2.39594e-08
9.64035e-09
-4.73991e-09
-1.90936e-08
-3.33262e-08
-4.73506e-08
-6.10882e-08
-7.43517e-08
-8.67661e-08
-9.93362e-08
-1.18163e-07
-1.39971e-07
-6.85492e-08
6.27224e-08
1.35279e-07
1.10677e-07
8.81007e-08
7.2458e-08
5.75832e-08
4.22831e-08
2.68576e-08
1.14374e-08
-3.9665e-09
-1.93403e-08
-3.46568e-08
-4.99002e-08
-6.50637e-08
-8.00129e-08
-9.44038e-08
-1.09511e-07
-1.32334e-07
-1.58241e-07
-7.51899e-08
6.77811e-08
1.49329e-07
1.22096e-07
9.67635e-08
7.93253e-08
6.29636e-08
4.62966e-08
2.96199e-08
1.30402e-08
-3.47769e-09
-1.99692e-08
-3.64532e-08
-5.29612e-08
-6.95318e-08
-8.60556e-08
-1.02192e-07
-1.19423e-07
-1.45481e-07
-1.74525e-07
-8.09475e-08
7.19301e-08
1.60693e-07
1.31441e-07
1.03957e-07
8.50891e-08
6.75018e-08
4.96713e-08
3.1902e-08
1.42824e-08
-3.25648e-09
-2.0775e-08
-3.83218e-08
-5.59593e-08
-7.37539e-08
-9.16074e-08
-1.09173e-07
-1.28093e-07
-1.56694e-07
-1.88127e-07
-8.56676e-08
7.50666e-08
1.69046e-07
1.38336e-07
1.09293e-07
8.93779e-08
7.08773e-08
5.2166e-08
3.35452e-08
1.50958e-08
-3.26091e-09
-2.16031e-08
-3.99983e-08
-5.85275e-08
-7.72742e-08
-9.61439e-08
-1.14782e-07
-1.34951e-07
-1.65422e-07
-1.98573e-07
-8.92166e-08
7.71071e-08
1.74188e-07
1.42576e-07
1.12582e-07
9.20233e-08
7.29433e-08
5.36552e-08
3.447e-08
1.54705e-08
-3.43109e-09
-2.23234e-08
-4.12845e-08
-6.04056e-08
-7.97791e-08
-9.93118e-08
-1.18643e-07
-1.39614e-07
-1.71285e-07
-2.05504e-07
-9.14771e-08
7.80017e-08
1.76026e-07
1.4406e-07
1.13713e-07
9.29067e-08
7.3597e-08
5.40761e-08
3.4659e-08
1.54292e-08
-3.70435e-09
-2.28339e-08
-4.2041e-08
-6.14206e-08
-8.10682e-08
-1.00891e-07
-1.20525e-07
-1.41846e-07
-1.74041e-07
-2.08683e-07
-9.23684e-08
7.77406e-08
1.74576e-07
1.42804e-07
1.12703e-07
9.20563e-08
7.28747e-08
5.34712e-08
3.41622e-08
1.5032e-08
-4.00803e-09
-2.30485e-08
-4.2169e-08
-6.14628e-08
-8.10237e-08
-1.00757e-07
-1.20302e-07
-1.41526e-07
-1.73571e-07
-2.07997e-07
-9.18551e-08
7.63578e-08
1.69972e-07
1.38929e-07
1.0966e-07
8.95703e-08
7.08681e-08
5.1926e-08
3.30586e-08
1.43521e-08
-4.2755e-09
-2.29077e-08
-4.16175e-08
-6.04916e-08
-7.96171e-08
-9.88972e-08
-1.17972e-07
-1.3866e-07
-1.69889e-07
-2.03471e-07
-8.99583e-08
7.39269e-08
1.62443e-07
1.32648e-07
1.04773e-07
8.56207e-08
6.77328e-08
4.95765e-08
3.14626e-08
1.34804e-08
-4.4402e-09
-2.23698e-08
-4.03692e-08
-5.85114e-08
-7.68656e-08
-9.53309e-08
-1.13565e-07
-1.33296e-07
-1.6308e-07
-1.95228e-07
-8.67441e-08
7.05544e-08
1.52311e-07
1.24263e-07
9.83108e-08
8.04565e-08
6.36913e-08
4.66116e-08
2.95235e-08
1.25224e-08
-4.4432e-09
-2.14233e-08
-3.84579e-08
-5.55937e-08
-7.28839e-08
-9.02307e-08
-1.07299e-07
-1.25681e-07
-1.53413e-07
-1.83557e-07
-8.23357e-08
6.63693e-08
1.39983e-07
1.14174e-07
9.06503e-08
7.44282e-08
5.9057e-08
4.3293e-08
2.74402e-08
1.16061e-08
-4.23197e-09
-2.00925e-08
-3.59833e-08
-5.19199e-08
-6.7929e-08
-8.39015e-08
-9.95084e-08
-1.16172e-07
-1.4127e-07
-1.68848e-07
-7.68873e-08
6.15032e-08
1.25934e-07
1.029e-07
8.23029e-08
6.80226e-08
5.4265e-08
3.99799e-08
2.54774e-08
1.08896e-08
-3.76258e-09
-1.84508e-08
-3.31337e-08
-4.77844e-08
-6.23881e-08
-7.68074e-08
-9.0711e-08
-1.05309e-07
-1.27196e-07
-1.51608e-07
-7.05712e-08
5.60924e-08
1.10799e-07
9.12417e-08
7.41031e-08
6.20411e-08
5.00279e-08
3.72533e-08
2.4057e-08
1.06185e-08
-2.97465e-09
-1.66263e-08
-3.02298e-08
-4.3691e-08
-5.69255e-08
-6.9746e-08
-8.17946e-08
-9.40111e-08
-1.12071e-07
-1.32549e-07
-6.3574e-08
5.01461e-08
9.5243e-08
8.01866e-08
6.7083e-08
5.7442e-08
4.71718e-08
3.57681e-08
2.36383e-08
1.10444e-08
-1.83048e-09
-1.47983e-08
-2.76646e-08
-4.02424e-08
-5.23455e-08
-6.36998e-08
-7.38774e-08
-8.34696e-08
-9.70317e-08
-1.12453e-07
-5.59559e-08
4.44917e-08
8.24847e-08
7.38426e-08
6.51334e-08
5.75354e-08
4.83489e-08
3.75195e-08
2.55898e-08
1.29453e-08
-1.16577e-10
-1.33115e-08
-2.63563e-08
-3.89641e-08
-5.08267e-08
-6.15376e-08
-7.05239e-08
-7.78634e-08
-8.64851e-08
-9.47655e-08
-4.85831e-08
3.90133e-08
7.24797e-08
7.23137e-08
6.86159e-08
6.27813e-08
5.39741e-08
4.28351e-08
3.01474e-08
1.64644e-08
2.21489e-09
-1.22175e-08
-2.64608e-08
-4.01243e-08
-5.27594e-08
-6.37792e-08
-7.23498e-08
-7.7769e-08
-8.0834e-08
-7.98144e-08
-4.13706e-08
)
;

boundaryField
{
    inlet
    {
        type            fixedValue;
        value           uniform 0;
    }
    outlet
    {
        type            fixedValue;
        value           uniform 0;
    }
    walls
    {
        type            zeroGradient;
    }
    movingWall
    {
        type            zeroGradient;
    }
    frontAndBack
    {
        type            empty;
    }
}


// ************************************************************************* //
