/*--------------------------------*- C++ -*----------------------------------*\
| =========                 |                                                 |
| \\      /  F ield         | OpenFOAM: The Open Source CFD Toolbox           |
|  \\    /   O peration     | Version:  2312                                  |
|   \\  /    A nd           | Website:  www.openfoam.com                      |
|    \\/     M anipulation  |                                                 |
\*---------------------------------------------------------------------------*/
FoamFile
{
    version     2.0;
    format      ascii;
    arch        "LSB;label=32;scalar=64";
    class       surfaceScalarField;
    location    "2000";
    object      phi;
}
// * * * * * * * * * * * * * * * * * * * * * * * * * * * * * * * * * * * * * //

dimensions      [0 3 -1 0 0 0 0];

oriented        oriented;

internalField   nonuniform List<scalar> 
760
(
0.00124998
-3.9723e-11
0.00124998
-3.80768e-11
0.00124998
-3.22181e-11
0.00124998
-2.61764e-11
0.00124998
-2.05766e-11
0.00124998
-1.5497e-11
0.00124998
-1.09125e-11
0.00124998
-6.737e-12
0.00124998
-2.84506e-12
0.00124998
9.04016e-13
0.00124998
4.65587e-12
0.00124998
8.5593e-12
0.00124998
1.27661e-11
0.00124998
1.74282e-11
0.00124998
2.26854e-11
0.00124998
2.86365e-11
0.00124998
3.53092e-11
0.00124998
4.26177e-11
0.00124998
4.99088e-11
5.27071e-11
0.00374994
-7.77551e-11
0.00374994
-7.70563e-11
0.00374994
-6.94025e-11
0.00374994
-5.90769e-11
0.00374994
-4.8063e-11
0.00374994
-3.70497e-11
0.00374994
-2.62914e-11
0.00374994
-1.58478e-11
0.00374994
-5.65076e-12
0.00374994
4.44399e-12
0.00374994
1.46186e-11
0.00374994
2.50669e-11
0.00374994
3.59717e-11
0.00374994
4.74761e-11
0.00374994
5.96391e-11
0.00374994
7.2372e-11
0.00374994
8.5356e-11
0.00374994
9.77693e-11
0.00374994
1.0732e-10
1.08995e-10
0.00624991
-1.00659e-10
0.00624991
-1.00451e-10
0.00624991
-9.26998e-11
0.00624991
-8.08383e-11
0.00624991
-6.69579e-11
0.00624991
-5.20472e-11
0.00624991
-3.66384e-11
0.00624991
-2.10176e-11
0.00624991
-5.29082e-12
0.00624991
1.05554e-11
0.00624991
2.65985e-11
0.00624991
4.29319e-11
0.00624991
5.96206e-11
0.00624991
7.66509e-11
0.00624991
9.38666e-11
0.00624991
1.10895e-10
0.00624991
1.27063e-10
0.00624991
1.41159e-10
0.00624991
1.50692e-10
1.51526e-10
0.00874987
-1.07111e-10
0.00874987
-1.06959e-10
0.00874987
-9.95714e-11
0.00874987
-8.75801e-11
0.00874987
-7.27858e-11
0.00874987
-5.6177e-11
0.00874987
-3.83896e-11
0.00874987
-1.98489e-11
0.00874987
-8.10659e-13
0.00874987
1.85914e-11
0.00874987
3.82896e-11
0.00874987
5.82287e-11
0.00874987
7.8317e-11
0.00874987
9.83718e-11
0.00874987
1.18058e-10
0.00874987
1.36825e-10
0.00874987
1.53861e-10
0.00874987
1.67919e-10
0.00874987
1.768e-10
1.77243e-10
0.0112498
-9.83384e-11
0.0112498
-9.80627e-11
0.0112498
-9.13119e-11
0.0112498
-8.00953e-11
0.0112498
-6.58595e-11
0.0112498
-4.94591e-11
0.0112498
-3.15057e-11
0.0112498
-1.24616e-11
0.0112498
7.3424e-12
0.0112498
2.76727e-11
0.0112498
4.83486e-11
0.0112498
6.91968e-11
0.0112498
9.00077e-11
0.0112498
1.10489e-10
0.0112498
1.30215e-10
0.0112498
1.4859e-10
0.0112498
1.64816e-10
0.0112498
1.77788e-10
0.0112498
1.85691e-10
1.8596e-10
0.0137498
-7.68651e-11
0.0137498
-7.64445e-11
0.0137498
-7.06216e-11
0.0137498
-6.08992e-11
0.0137498
-4.83834e-11
0.0137498
-3.37524e-11
0.0137498
-1.75251e-11
0.0137498
-1.26161e-13
0.0137498
1.81112e-11
0.0137498
3.69208e-11
0.0137498
5.60698e-11
0.0137498
7.53296e-11
0.0137498
9.44405e-11
0.0137498
1.13077e-10
0.0137498
1.30813e-10
0.0137498
1.47095e-10
0.0137498
1.61235e-10
0.0137498
1.72327e-10
0.0137498
1.78944e-10
1.79101e-10
0.0162498
-4.57439e-11
0.0162498
-4.52334e-11
0.0162498
-4.06379e-11
0.0162498
-3.30104e-11
0.0162498
-2.31355e-11
0.0162498
-1.15036e-11
0.0162498
1.49351e-12
0.0162498
1.55205e-11
0.0162498
3.0295e-11
0.0162498
4.55743e-11
0.0162498
6.11383e-11
0.0162498
7.67666e-11
0.0162498
9.22153e-11
0.0162498
1.07193e-10
0.0162498
1.2134e-10
0.0162498
1.34208e-10
0.0162498
1.45264e-10
0.0162498
1.53829e-10
0.0162498
1.5885e-10
1.58881e-10
0.0187498
-8.21893e-12
0.0187498
-7.6991e-12
0.0187498
-4.59121e-12
0.0187498
4.75322e-13
0.0187498
7.02648e-12
0.0187498
1.47634e-11
0.0187498
2.34386e-11
0.0187498
3.28303e-11
0.0187498
4.27452e-11
0.0187498
5.30125e-11
0.0187498
6.34729e-11
0.0187498
7.39648e-11
0.0187498
8.4311e-11
0.0187498
9.43045e-11
0.0187498
1.03695e-10
0.0187498
1.12182e-10
0.0187498
1.19411e-10
0.0187498
1.24944e-10
0.0187498
1.28104e-10
1.27967e-10
0.0212498
3.24592e-11
0.0212498
3.29159e-11
0.0212498
3.43589e-11
0.0212498
3.65671e-11
0.0212498
3.93655e-11
0.0212498
4.26426e-11
0.0212498
4.63029e-11
0.0212498
5.02581e-11
0.0212498
5.44297e-11
0.0212498
5.87467e-11
0.0212498
6.31415e-11
0.0212498
6.75441e-11
0.0212498
7.18765e-11
0.0212498
7.60467e-11
0.0212498
7.99432e-11
0.0212498
8.34323e-11
0.0212498
8.63577e-11
0.0212498
8.85247e-11
0.0212498
8.96359e-11
8.92978e-11
0.0237498
7.31296e-11
0.0237498
7.34716e-11
0.0237498
7.31696e-11
0.0237498
7.23947e-11
0.0237498
7.12622e-11
0.0237498
6.98452e-11
0.0237498
6.82018e-11
0.0237498
6.63837e-11
0.0237498
6.44367e-11
0.0237498
6.24023e-11
0.0237498
6.03189e-11
0.0237498
5.82233e-11
0.0237498
5.61514e-11
0.0237498
5.41401e-11
0.0237498
5.22285e-11
0.0237498
5.04592e-11
0.0237498
4.88786e-11
0.0237498
4.75396e-11
0.0237498
4.65253e-11
4.5975e-11
0.0262498
1.10787e-10
0.0262498
1.10988e-10
0.0262498
1.08965e-10
0.0262498
1.05263e-10
0.0262498
1.00277e-10
0.0262498
9.42586e-11
0.0262498
8.74154e-11
0.0262498
7.99352e-11
0.0262498
7.19861e-11
0.0262498
6.37196e-11
0.0262498
5.52787e-11
0.0262498
4.68049e-11
0.0262498
3.84464e-11
0.0262498
3.03665e-11
0.0262498
2.27523e-11
0.0262498
1.58201e-11
0.0262498
9.81591e-12
0.0262498
5.03734e-12
0.0262498
1.94442e-12
1.20482e-12
0.0287498
1.42634e-10
0.0287498
1.42696e-10
0.0287498
1.39076e-10
0.0287498
1.32676e-10
0.0287498
1.24158e-10
0.0287498
1.13944e-10
0.0287498
1.02382e-10
0.0287498
8.97838e-11
0.0287498
7.64247e-11
0.0287498
6.25508e-11
0.0287498
4.83919e-11
0.0287498
3.41758e-11
0.0287498
2.01444e-11
0.0287498
6.56891e-12
0.0287498
-6.23187e-12
0.0287498
-1.788e-11
0.0287498
-2.79411e-11
0.0287498
-3.58829e-11
0.0287498
-4.08791e-11
-4.17474e-11
0.0312498
1.66127e-10
0.0312498
1.66069e-10
0.0312498
1.61061e-10
0.0312498
1.52346e-10
0.0312498
1.40842e-10
0.0312498
1.27134e-10
0.0312498
1.11695e-10
0.0312498
9.49416e-11
0.0312498
7.72288e-11
0.0312498
5.88671e-11
0.0312498
4.01399e-11
0.0312498
2.13272e-11
0.0312498
2.72861e-12
0.0312498
-1.5308e-11
0.0312498
-3.23628e-11
0.0312498
-4.79294e-11
0.0312498
-6.14094e-11
0.0312498
-7.20504e-11
0.0312498
-7.86708e-11
-7.95873e-11
0.0337498
1.79025e-10
0.0337498
1.7887e-10
0.0337498
1.72737e-10
0.0337498
1.62211e-10
0.0337498
1.48467e-10
0.0337498
1.32242e-10
0.0337498
1.14116e-10
0.0337498
9.45732e-11
0.0337498
7.40136e-11
0.0337498
5.27656e-11
0.0337498
3.11182e-11
0.0337498
9.35283e-12
0.0337498
-1.22224e-11
0.0337498
-3.32368e-11
0.0337498
-5.32228e-11
0.0337498
-7.15881e-11
0.0337498
-8.76026e-11
0.0337498
-1.00314e-10
0.0337498
-1.08197e-10
-1.09072e-10
0.0362498
1.79468e-10
0.0362498
1.79213e-10
0.0362498
1.72233e-10
0.0362498
1.60492e-10
0.0362498
1.45429e-10
0.0362498
1.27925e-10
0.0362498
1.08627e-10
0.0362498
8.80477e-11
0.0362498
6.65712e-11
0.0362498
4.44873e-11
0.0362498
2.20299e-11
0.0362498
-5.80966e-13
0.0362498
-2.30942e-11
0.0362498
-4.51839e-11
0.0362498
-6.64022e-11
0.0362498
-8.61342e-11
0.0362498
-1.03571e-10
0.0362498
-1.17593e-10
0.0362498
-1.26337e-10
-1.27105e-10
0.0387498
1.66122e-10
0.0387498
1.65694e-10
0.0387498
1.58116e-10
0.0387498
1.45829e-10
0.0387498
1.30552e-10
0.0387498
1.13265e-10
0.0387498
9.46254e-11
0.0387498
7.50971e-11
0.0387498
5.49818e-11
0.0387498
3.44644e-11
0.0387498
1.36624e-11
0.0387498
-7.32564e-12
0.0387498
-2.83729e-11
0.0387498
-4.92727e-11
0.0387498
-6.96783e-11
0.0387498
-8.90422e-11
0.0387498
-1.06565e-10
0.0387498
-1.21025e-10
0.0387498
-1.30243e-10
-1.30913e-10
0.0412499
1.38436e-10
0.0412499
1.37631e-10
0.0412499
1.29681e-10
0.0412499
1.17675e-10
0.0412499
1.03553e-10
0.0412499
8.82746e-11
0.0412499
7.23861e-11
0.0412499
5.62043e-11
0.0412499
3.98751e-11
0.0412499
2.34289e-11
0.0412499
6.83216e-12
0.0412499
-9.96907e-12
0.0412499
-2.70079e-11
0.0412499
-4.42496e-11
0.0412499
-6.15297e-11
0.0412499
-7.84831e-11
0.0412499
-9.44657e-11
0.0412499
-1.08319e-10
0.0412499
-1.17639e-10
-1.1838e-10
0.0437499
9.73197e-11
0.0437499
9.5734e-11
0.0437499
8.78543e-11
0.0437499
7.74519e-11
0.0437499
6.63238e-11
0.0437499
5.51287e-11
0.0437499
4.41321e-11
0.0437499
3.34163e-11
0.0437499
2.29419e-11
0.0437499
1.25963e-11
0.0437499
2.22941e-12
0.0437499
-8.32146e-12
0.0437499
-1.92115e-11
0.0437499
-3.05615e-11
0.0437499
-4.24155e-11
0.0437499
-5.46813e-11
0.0437499
-6.70547e-11
0.0437499
-7.87591e-11
0.0437499
-8.76163e-11
-8.8848e-11
0.0462499
4.60948e-11
0.0462499
4.35184e-11
0.0462499
3.75123e-11
0.0462499
3.1425e-11
0.0462499
2.57706e-11
0.0462499
2.06174e-11
0.0462499
1.59466e-11
0.0462499
1.16811e-11
0.0462499
7.70718e-12
0.0462499
3.8974e-12
0.0462499
1.20245e-13
0.0462499
-3.75798e-12
0.0462499
-7.87338e-12
0.0462499
-1.23616e-11
0.0462499
-1.73461e-11
0.0462499
-2.29115e-11
0.0462499
-2.9077e-11
0.0462499
-3.57472e-11
0.0462499
-4.22611e-11
-4.43681e-11
0.04875
0.04875
0.04875
0.04875
0.04875
0.04875
0.04875
0.04875
0.04875
0.04875
0.04875
0.04875
0.04875
0.04875
0.04875
0.04875
0.04875
0.04875
0.04875
)
;

boundaryField
{
    inlet
    {
        type            calculated;
        value           nonuniform List<scalar> 
20
(
-0.00124998
-0.00374994
-0.00624991
-0.00874987
-0.0112498
-0.0137498
-0.0162498
-0.0187498
-0.0212498
-0.0237498
-0.0262498
-0.0287498
-0.0312498
-0.0337498
-0.0362498
-0.0387498
-0.0412499
-0.0437499
-0.0462499
-0.04875
)
;
    }
    outlet
    {
        type            calculated;
        value           nonuniform List<scalar> 
20
(
0.00124998
0.00374994
0.00624991
0.00874987
0.0112498
0.0137498
0.0162498
0.0187498
0.0212498
0.0237498
0.0262498
0.0287498
0.0312498
0.0337498
0.0362498
0.0387498
0.0412499
0.0437499
0.0462499
0.04875
)
;
    }
    walls
    {
        type            calculated;
        value           uniform 0;
    }
    movingWall
    {
        type            calculated;
        value           uniform 0;
    }
    frontAndBack
    {
        type            empty;
        value           nonuniform List<scalar> 0();
    }
}


// ************************************************************************* //
