/*--------------------------------*- C++ -*----------------------------------*\
| =========                 |                                                 |
| \\      /  F ield         | OpenFOAM: The Open Source CFD Toolbox           |
|  \\    /   O peration     | Version:  2312                                  |
|   \\  /    A nd           | Website:  www.openfoam.com                      |
|    \\/     M anipulation  |                                                 |
\*---------------------------------------------------------------------------*/
FoamFile
{
    version     2.0;
    format      ascii;
    arch        "LSB;label=32;scalar=64";
    class       volVectorField;
    location    "2000";
    object      U;
}
// * * * * * * * * * * * * * * * * * * * * * * * * * * * * * * * * * * * * * //

dimensions      [0 1 -1 0 0 0 0];

internalField   nonuniform List<vector> 
400
(
(0.0249996 -6.53037e-10 0)
(0.0249996 -5.56511e-10 0)
(0.0249996 -4.17664e-10 0)
(0.0249996 -3.18951e-10 0)
(0.0249996 -2.38584e-10 0)
(0.0249996 -1.72329e-10 0)
(0.0249996 -1.18662e-10 0)
(0.0249996 -7.4608e-11 0)
(0.0249996 -3.68458e-11 0)
(0.0249996 -2.35286e-12 0)
(0.0249996 3.16669e-11 0)
(0.0249996 6.79957e-11 0)
(0.0249996 1.09603e-10 0)
(0.0249996 1.59858e-10 0)
(0.0249996 2.22611e-10 0)
(0.0249996 3.01447e-10 0)
(0.0249996 3.98272e-10 0)
(0.0249996 5.18337e-10 0)
(0.0249996 6.90012e-10 0)
(0.0249996 8.29624e-10 0)
(0.0749989 -2.49148e-09 0)
(0.0749989 -2.45163e-09 0)
(0.0749989 -2.15599e-09 0)
(0.0749989 -1.79006e-09 0)
(0.0749989 -1.42727e-09 0)
(0.0749989 -1.08607e-09 0)
(0.0749989 -7.6914e-10 0)
(0.0749989 -4.73694e-10 0)
(0.0749989 -1.93674e-10 0)
(0.0749989 7.87006e-11 0)
(0.0749989 3.51979e-10 0)
(0.0749989 6.35012e-10 0)
(0.0749989 9.3662e-10 0)
(0.0749989 1.26505e-09 0)
(0.0749989 1.62684e-09 0)
(0.0749989 2.02494e-09 0)
(0.0749989 2.45597e-09 0)
(0.0749989 2.89865e-09 0)
(0.0749989 3.26953e-09 0)
(0.0749989 3.35357e-09 0)
(0.124998 -3.73016e-09 0)
(0.124998 -3.71304e-09 0)
(0.124998 -3.39576e-09 0)
(0.124998 -2.93475e-09 0)
(0.124998 -2.4161e-09 0)
(0.124998 -1.87644e-09 0)
(0.124998 -1.33305e-09 0)
(0.124998 -7.93367e-10 0)
(0.124998 -2.57977e-10 0)
(0.124998 2.76877e-10 0)
(0.124998 8.17214e-10 0)
(0.124998 1.36969e-09 0)
(0.124998 1.94009e-09 0)
(0.124998 2.53163e-09 0)
(0.124998 3.14251e-09 0)
(0.124998 3.76284e-09 0)
(0.124998 4.37097e-09 0)
(0.124998 4.92256e-09 0)
(0.124998 5.31649e-09 0)
(0.124998 5.36656e-09 0)
(0.174997 -4.31916e-09 0)
(0.174997 -4.31375e-09 0)
(0.174997 -4.00733e-09 0)
(0.174997 -3.51976e-09 0)
(0.174997 -2.92977e-09 0)
(0.174997 -2.27872e-09 0)
(0.174997 -1.59157e-09 0)
(0.174997 -8.83688e-10 0)
(0.174997 -1.62951e-10 0)
(0.174997 5.67938e-10 0)
(0.174997 1.30909e-09 0)
(0.174997 2.06124e-09 0)
(0.174997 2.82374e-09 0)
(0.174997 3.59225e-09 0)
(0.174997 4.35611e-09 0)
(0.174997 5.0955e-09 0)
(0.174997 5.7787e-09 0)
(0.174997 6.35427e-09 0)
(0.174997 6.72716e-09 0)
(0.174997 6.75076e-09 0)
(0.224997 -4.25048e-09 0)
(0.224997 -4.24215e-09 0)
(0.224997 -3.95606e-09 0)
(0.224997 -3.48385e-09 0)
(0.224997 -2.89036e-09 0)
(0.224997 -2.21303e-09 0)
(0.224997 -1.47766e-09 0)
(0.224997 -7.02883e-10 0)
(0.224997 9.88115e-11 0)
(0.224997 9.19429e-10 0)
(0.224997 1.75344e-09 0)
(0.224997 2.59571e-09 0)
(0.224997 3.43961e-09 0)
(0.224997 4.27485e-09 0)
(0.224997 5.08533e-09 0)
(0.224997 5.84701e-09 0)
(0.224997 6.5266e-09 0)
(0.224997 7.07623e-09 0)
(0.224997 7.4156e-09 0)
(0.224997 7.42938e-09 0)
(0.274996 -3.61661e-09 0)
(0.274996 -3.60222e-09 0)
(0.274996 -3.34743e-09 0)
(0.274996 -2.92191e-09 0)
(0.274996 -2.37647e-09 0)
(0.274996 -1.74195e-09 0)
(0.274996 -1.04137e-09 0)
(0.274996 -2.93072e-10 0)
(0.274996 4.89027e-10 0)
(0.274996 1.29429e-09 0)
(0.274996 2.11379e-09 0)
(0.274996 2.93881e-09 0)
(0.274996 3.75926e-09 0)
(0.274996 4.56203e-09 0)
(0.274996 5.32936e-09 0)
(0.274996 6.03749e-09 0)
(0.274996 6.65611e-09 0)
(0.274996 7.14473e-09 0)
(0.274996 7.4386e-09 0)
(0.274996 7.44729e-09 0)
(0.324996 -2.53258e-09 0)
(0.324996 -2.51316e-09 0)
(0.324996 -2.30176e-09 0)
(0.324996 -1.94927e-09 0)
(0.324996 -1.49339e-09 0)
(0.324996 -9.57509e-10 0)
(0.324996 -3.60083e-10 0)
(0.324996 2.83342e-10 0)
(0.324996 9.60005e-10 0)
(0.324996 1.65921e-09 0)
(0.324996 2.37133e-09 0)
(0.324996 3.0868e-09 0)
(0.324996 3.79496e-09 0)
(0.324996 4.48289e-09 0)
(0.324996 5.13431e-09 0)
(0.324996 5.72874e-09 0)
(0.324996 6.24139e-09 0)
(0.324996 6.64047e-09 0)
(0.324996 6.87638e-09 0)
(0.324996 6.88063e-09 0)
(0.374995 -1.12689e-09 0)
(0.374995 -1.10551e-09 0)
(0.374995 -9.49137e-10 0)
(0.374995 -6.91345e-10 0)
(0.374995 -3.57223e-10 0)
(0.374995 3.7455e-11 0)
(0.374995 4.79791e-10 0)
(0.374995 9.58433e-10 0)
(0.374995 1.46356e-09 0)
(0.374995 1.98653e-09 0)
(0.374995 2.51935e-09 0)
(0.374995 3.05398e-09 0)
(0.374995 3.58158e-09 0)
(0.374995 4.09179e-09 0)
(0.374995 4.57203e-09 0)
(0.374995 5.00707e-09 0)
(0.374995 5.37894e-09 0)
(0.374995 5.66521e-09 0)
(0.374995 5.83125e-09 0)
(0.374995 5.82963e-09 0)
(0.424995 4.69369e-10 0)
(0.424995 4.89475e-10 0)
(0.424995 5.81831e-10 0)
(0.424995 7.29483e-10 0)
(0.424995 9.1953e-10 0)
(0.424995 1.1438e-09 0)
(0.424995 1.39539e-09 0)
(0.424995 1.66797e-09 0)
(0.424995 1.95594e-09 0)
(0.424995 2.25427e-09 0)
(0.424995 2.55818e-09 0)
(0.424995 2.86283e-09 0)
(0.424995 3.16286e-09 0)
(0.424995 3.45209e-09 0)
(0.424995 3.72308e-09 0)
(0.424995 3.967e-09 0)
(0.424995 4.17355e-09 0)
(0.424995 4.33e-09 0)
(0.424995 4.41681e-09 0)
(0.424995 4.40761e-09 0)
(0.474995 2.12728e-09 0)
(0.474995 2.14357e-09 0)
(0.474995 2.16669e-09 0)
(0.474995 2.19572e-09 0)
(0.474995 2.22953e-09 0)
(0.474995 2.26742e-09 0)
(0.474995 2.30865e-09 0)
(0.474995 2.35248e-09 0)
(0.474995 2.39822e-09 0)
(0.474995 2.44524e-09 0)
(0.474995 2.49288e-09 0)
(0.474995 2.54043e-09 0)
(0.474995 2.58697e-09 0)
(0.474995 2.63135e-09 0)
(0.474995 2.67208e-09 0)
(0.474995 2.70731e-09 0)
(0.474995 2.73483e-09 0)
(0.474995 2.7518e-09 0)
(0.474995 2.75393e-09 0)
(0.474995 2.73614e-09 0)
(0.524995 3.72291e-09 0)
(0.524995 3.73381e-09 0)
(0.524995 3.68655e-09 0)
(0.524995 3.59557e-09 0)
(0.524995 3.47116e-09 0)
(0.524995 3.31993e-09 0)
(0.524995 3.14724e-09 0)
(0.524995 2.95798e-09 0)
(0.524995 2.75649e-09 0)
(0.524995 2.54674e-09 0)
(0.524995 2.33245e-09 0)
(0.524995 2.11727e-09 0)
(0.524995 1.90501e-09 0)
(0.524995 1.69976e-09 0)
(0.524995 1.50614e-09 0)
(0.524995 1.3294e-09 0)
(0.524995 1.17546e-09 0)
(0.524995 1.05139e-09 0)
(0.524995 9.68135e-10 0)
(0.524995 9.41922e-10 0)
(0.574995 5.13977e-09 0)
(0.574995 5.14481e-09 0)
(0.574995 5.03024e-09 0)
(0.574995 4.82509e-09 0)
(0.574995 4.55061e-09 0)
(0.574995 4.22038e-09 0)
(0.574995 3.84564e-09 0)
(0.574995 3.43653e-09 0)
(0.574995 3.00213e-09 0)
(0.574995 2.55062e-09 0)
(0.574995 2.0897e-09 0)
(0.574995 1.62702e-09 0)
(0.574995 1.17064e-09 0)
(0.574995 7.29509e-10 0)
(0.574995 3.13969e-10 0)
(0.574995 -6.38755e-11 0)
(0.574995 -3.90241e-10 0)
(0.574995 -6.48403e-10 0)
(0.574995 -8.12506e-10 0)
(0.574995 -8.45401e-10 0)
(0.624995 6.27064e-09 0)
(0.624995 6.27034e-09 0)
(0.624995 6.09532e-09 0)
(0.624995 5.78847e-09 0)
(0.624995 5.3815e-09 0)
(0.624995 4.89463e-09 0)
(0.624995 4.34446e-09 0)
(0.624995 3.74578e-09 0)
(0.624995 3.11155e-09 0)
(0.624995 2.45326e-09 0)
(0.624995 1.78157e-09 0)
(0.624995 1.10707e-09 0)
(0.624995 4.41002e-10 0)
(0.624995 -2.03819e-10 0)
(0.624995 -8.12209e-10 0)
(0.624995 -1.36612e-09 0)
(0.624995 -1.84462e-09 0)
(0.624995 -2.22184e-09 0)
(0.624995 -2.45748e-09 0)
(0.624995 -2.49411e-09 0)
(0.674996 7.01922e-09 0)
(0.674996 7.0146e-09 0)
(0.674996 6.78888e-09 0)
(0.674996 6.39841e-09 0)
(0.674996 5.88504e-09 0)
(0.674996 5.27532e-09 0)
(0.674996 4.59051e-09 0)
(0.674996 3.84901e-09 0)
(0.674996 3.06639e-09 0)
(0.674996 2.25593e-09 0)
(0.674996 1.42963e-09 0)
(0.674996 5.99299e-10 0)
(0.674996 -2.22321e-10 0)
(0.674996 -1.02026e-09 0)
(0.674996 -1.77617e-09 0)
(0.674996 -2.46758e-09 0)
(0.674996 -3.06752e-09 0)
(0.674996 -3.54166e-09 0)
(0.674996 -3.83577e-09 0)
(0.674996 -3.87257e-09 0)
(0.724996 7.30257e-09 0)
(0.724996 7.29432e-09 0)
(0.724996 7.02913e-09 0)
(0.724996 6.57735e-09 0)
(0.724996 5.99112e-09 0)
(0.724996 5.30293e-09 0)
(0.724996 4.53776e-09 0)
(0.724996 3.7161e-09 0)
(0.724996 2.85423e-09 0)
(0.724996 1.96515e-09 0)
(0.724996 1.05997e-09 0)
(0.724996 1.49377e-10 0)
(0.724996 -7.5475e-10 0)
(0.724996 -1.63775e-09 0)
(0.724996 -2.48057e-09 0)
(0.724996 -3.25831e-09 0)
(0.724996 -3.93959e-09 0)
(0.724996 -4.48255e-09 0)
(0.724996 -4.81942e-09 0)
(0.724996 -4.85292e-09 0)
(0.774997 7.05476e-09 0)
(0.774997 7.04166e-09 0)
(0.774997 6.7477e-09 0)
(0.774997 6.25981e-09 0)
(0.774997 5.64099e-09 0)
(0.774997 4.92897e-09 0)
(0.774997 4.15068e-09 0)
(0.774997 3.32642e-09 0)
(0.774997 2.47069e-09 0)
(0.774997 1.59359e-09 0)
(0.774997 7.0273e-10 0)
(0.774997 -1.9498e-10 0)
(0.774997 -1.09138e-09 0)
(0.774997 -1.97512e-09 0)
(0.774997 -2.82944e-09 0)
(0.774997 -3.63008e-09 0)
(0.774997 -4.34381e-09 0)
(0.774997 -4.92298e-09 0)
(0.774997 -5.28651e-09 0)
(0.774997 -5.31524e-09 0)
(0.824997 6.23561e-09 0)
(0.824997 6.21281e-09 0)
(0.824997 5.89912e-09 0)
(0.824997 5.40367e-09 0)
(0.824997 4.80038e-09 0)
(0.824997 4.12973e-09 0)
(0.824997 3.41733e-09 0)
(0.824997 2.67988e-09 0)
(0.824997 1.92701e-09 0)
(0.824997 1.16337e-09 0)
(0.824997 3.90731e-10 0)
(0.824997 -3.89954e-10 0)
(0.824997 -1.17671e-09 0)
(0.824997 -1.96437e-09 0)
(0.824997 -2.74202e-09 0)
(0.824997 -3.49017e-09 0)
(0.824997 -4.17818e-09 0)
(0.824997 -4.75637e-09 0)
(0.824997 -5.13175e-09 0)
(0.824997 -5.15839e-09 0)
(0.874998 4.8355e-09 0)
(0.874998 4.78789e-09 0)
(0.874998 4.46214e-09 0)
(0.874998 3.9975e-09 0)
(0.874998 3.47283e-09 0)
(0.874998 2.92335e-09 0)
(0.874998 2.36683e-09 0)
(0.874998 1.8118e-09 0)
(0.874998 1.26029e-09 0)
(0.874998 7.10123e-10 0)
(0.874998 1.56878e-10 0)
(0.874998 -4.04624e-10 0)
(0.874998 -9.78962e-10 0)
(0.874998 -1.56848e-09 0)
(0.874998 -2.17099e-09 0)
(0.874998 -2.77686e-09 0)
(0.874998 -3.36556e-09 0)
(0.874998 -3.89519e-09 0)
(0.874998 -4.26914e-09 0)
(0.874998 -4.30812e-09 0)
(0.924999 2.95145e-09 0)
(0.924999 2.87202e-09 0)
(0.924999 2.56638e-09 0)
(0.924999 2.19758e-09 0)
(0.924999 1.8315e-09 0)
(0.924999 1.48544e-09 0)
(0.924999 1.16248e-09 0)
(0.924999 8.60548e-10 0)
(0.924999 5.74428e-10 0)
(0.924999 2.97279e-10 0)
(0.924999 2.15293e-11 0)
(0.924999 -2.60667e-10 0)
(0.924999 -5.57146e-10 0)
(0.924999 -8.75234e-10 0)
(0.924999 -1.22065e-09 0)
(0.924999 -1.59582e-09 0)
(0.924999 -1.9973e-09 0)
(0.924999 -2.40503e-09 0)
(0.924999 -2.74048e-09 0)
(0.924999 -2.80119e-09 0)
(0.975 7.11811e-10 0)
(0.975 5.88407e-10 0)
(0.975 4.46492e-10 0)
(0.975 3.45699e-10 0)
(0.975 2.63843e-10 0)
(0.975 1.96396e-10 0)
(0.975 1.41702e-10 0)
(0.975 9.67905e-11 0)
(0.975 5.8436e-11 0)
(0.975 2.37434e-11 0)
(0.975 -9.92364e-12 0)
(0.975 -4.51459e-11 0)
(0.975 -8.46413e-11 0)
(0.975 -1.31449e-10 0)
(0.975 -1.89001e-10 0)
(0.975 -2.60471e-10 0)
(0.975 -3.47513e-10 0)
(0.975 -4.54339e-10 0)
(0.975 -6.04228e-10 0)
(0.975 -7.14979e-10 0)
)
;

boundaryField
{
    inlet
    {
        type            zeroGradient;
    }
    outlet
    {
        type            zeroGradient;
    }
    walls
    {
        type            noSlip;
    }
    movingWall
    {
        type            movingWallVelocity;
        value           uniform (1 0 0);
    }
    frontAndBack
    {
        type            empty;
    }
}


// ************************************************************************* //
