/*--------------------------------*- C++ -*----------------------------------*\
| =========                 |                                                 |
| \\      /  F ield         | OpenFOAM: The Open Source CFD Toolbox           |
|  \\    /   O peration     | Version:  2312                                  |
|   \\  /    A nd           | Website:  www.openfoam.com                      |
|    \\/     M anipulation  |                                                 |
\*---------------------------------------------------------------------------*/
FoamFile
{
    version     2.0;
    format      ascii;
    arch        "LSB;label=32;scalar=64";
    class       volVectorField;
    location    "2000";
    object      Uerr;
}
// * * * * * * * * * * * * * * * * * * * * * * * * * * * * * * * * * * * * * //

dimensions      [0 1 -1 0 0 0 0];

internalField   nonuniform List<vector> 
400
(
(-0.225 -6.53037e-10 0)
(-0.225 -5.56511e-10 0)
(-0.225 -4.17664e-10 0)
(-0.225 -3.18951e-10 0)
(-0.225 -2.38584e-10 0)
(-0.225 -1.72329e-10 0)
(-0.225 -1.18662e-10 0)
(-0.225 -7.4608e-11 0)
(-0.225 -3.68458e-11 0)
(-0.225 -2.35286e-12 0)
(-0.225 3.16669e-11 0)
(-0.225 6.79957e-11 0)
(-0.225 1.09603e-10 0)
(-0.225 1.59858e-10 0)
(-0.225 2.22611e-10 0)
(-0.225 3.01447e-10 0)
(-0.225 3.98272e-10 0)
(-0.225 5.18337e-10 0)
(-0.225 6.90012e-10 0)
(-0.225 8.29624e-10 0)
(-0.675001 -2.49148e-09 0)
(-0.675001 -2.45163e-09 0)
(-0.675001 -2.15599e-09 0)
(-0.675001 -1.79006e-09 0)
(-0.675001 -1.42727e-09 0)
(-0.675001 -1.08607e-09 0)
(-0.675001 -7.6914e-10 0)
(-0.675001 -4.73694e-10 0)
(-0.675001 -1.93674e-10 0)
(-0.675001 7.87006e-11 0)
(-0.675001 3.51979e-10 0)
(-0.675001 6.35012e-10 0)
(-0.675001 9.3662e-10 0)
(-0.675001 1.26505e-09 0)
(-0.675001 1.62684e-09 0)
(-0.675001 2.02494e-09 0)
(-0.675001 2.45597e-09 0)
(-0.675001 2.89865e-09 0)
(-0.675001 3.26953e-09 0)
(-0.675001 3.35357e-09 0)
(-1.125 -3.73016e-09 0)
(-1.125 -3.71304e-09 0)
(-1.125 -3.39576e-09 0)
(-1.125 -2.93475e-09 0)
(-1.125 -2.4161e-09 0)
(-1.125 -1.87644e-09 0)
(-1.125 -1.33305e-09 0)
(-1.125 -7.93367e-10 0)
(-1.125 -2.57977e-10 0)
(-1.125 2.76877e-10 0)
(-1.125 8.17214e-10 0)
(-1.125 1.36969e-09 0)
(-1.125 1.94009e-09 0)
(-1.125 2.53163e-09 0)
(-1.125 3.14251e-09 0)
(-1.125 3.76284e-09 0)
(-1.125 4.37097e-09 0)
(-1.125 4.92256e-09 0)
(-1.125 5.31649e-09 0)
(-1.125 5.36656e-09 0)
(-1.575 -4.31916e-09 0)
(-1.575 -4.31375e-09 0)
(-1.575 -4.00733e-09 0)
(-1.575 -3.51976e-09 0)
(-1.575 -2.92977e-09 0)
(-1.575 -2.27872e-09 0)
(-1.575 -1.59157e-09 0)
(-1.575 -8.83688e-10 0)
(-1.575 -1.62951e-10 0)
(-1.575 5.67938e-10 0)
(-1.575 1.30909e-09 0)
(-1.575 2.06124e-09 0)
(-1.575 2.82374e-09 0)
(-1.575 3.59225e-09 0)
(-1.575 4.35611e-09 0)
(-1.575 5.0955e-09 0)
(-1.575 5.7787e-09 0)
(-1.575 6.35427e-09 0)
(-1.575 6.72716e-09 0)
(-1.575 6.75076e-09 0)
(-2.025 -4.25048e-09 0)
(-2.025 -4.24215e-09 0)
(-2.025 -3.95606e-09 0)
(-2.025 -3.48385e-09 0)
(-2.025 -2.89036e-09 0)
(-2.025 -2.21303e-09 0)
(-2.025 -1.47766e-09 0)
(-2.025 -7.02883e-10 0)
(-2.025 9.88115e-11 0)
(-2.025 9.19429e-10 0)
(-2.025 1.75344e-09 0)
(-2.025 2.59571e-09 0)
(-2.025 3.43961e-09 0)
(-2.025 4.27485e-09 0)
(-2.025 5.08533e-09 0)
(-2.025 5.84701e-09 0)
(-2.025 6.5266e-09 0)
(-2.025 7.07623e-09 0)
(-2.025 7.4156e-09 0)
(-2.025 7.42938e-09 0)
(-2.475 -3.61661e-09 0)
(-2.475 -3.60222e-09 0)
(-2.475 -3.34743e-09 0)
(-2.475 -2.92191e-09 0)
(-2.475 -2.37647e-09 0)
(-2.475 -1.74195e-09 0)
(-2.475 -1.04137e-09 0)
(-2.475 -2.93072e-10 0)
(-2.475 4.89027e-10 0)
(-2.475 1.29429e-09 0)
(-2.475 2.11379e-09 0)
(-2.475 2.93881e-09 0)
(-2.475 3.75926e-09 0)
(-2.475 4.56203e-09 0)
(-2.475 5.32936e-09 0)
(-2.475 6.03749e-09 0)
(-2.475 6.65611e-09 0)
(-2.475 7.14473e-09 0)
(-2.475 7.4386e-09 0)
(-2.475 7.44729e-09 0)
(-2.925 -2.53258e-09 0)
(-2.925 -2.51316e-09 0)
(-2.925 -2.30176e-09 0)
(-2.925 -1.94927e-09 0)
(-2.925 -1.49339e-09 0)
(-2.925 -9.57509e-10 0)
(-2.925 -3.60083e-10 0)
(-2.925 2.83342e-10 0)
(-2.925 9.60005e-10 0)
(-2.925 1.65921e-09 0)
(-2.925 2.37133e-09 0)
(-2.925 3.0868e-09 0)
(-2.925 3.79496e-09 0)
(-2.925 4.48289e-09 0)
(-2.925 5.13431e-09 0)
(-2.925 5.72874e-09 0)
(-2.925 6.24139e-09 0)
(-2.925 6.64047e-09 0)
(-2.925 6.87638e-09 0)
(-2.925 6.88063e-09 0)
(-3.375 -1.12689e-09 0)
(-3.375 -1.10551e-09 0)
(-3.375 -9.49137e-10 0)
(-3.375 -6.91345e-10 0)
(-3.375 -3.57223e-10 0)
(-3.375 3.7455e-11 0)
(-3.375 4.79791e-10 0)
(-3.375 9.58433e-10 0)
(-3.375 1.46356e-09 0)
(-3.375 1.98653e-09 0)
(-3.375 2.51935e-09 0)
(-3.375 3.05398e-09 0)
(-3.375 3.58158e-09 0)
(-3.375 4.09179e-09 0)
(-3.375 4.57203e-09 0)
(-3.375 5.00707e-09 0)
(-3.375 5.37894e-09 0)
(-3.375 5.66521e-09 0)
(-3.375 5.83125e-09 0)
(-3.375 5.82963e-09 0)
(-3.825 4.69369e-10 0)
(-3.825 4.89475e-10 0)
(-3.825 5.81831e-10 0)
(-3.825 7.29483e-10 0)
(-3.825 9.1953e-10 0)
(-3.825 1.1438e-09 0)
(-3.825 1.39539e-09 0)
(-3.825 1.66797e-09 0)
(-3.825 1.95594e-09 0)
(-3.825 2.25427e-09 0)
(-3.825 2.55818e-09 0)
(-3.825 2.86283e-09 0)
(-3.825 3.16286e-09 0)
(-3.825 3.45209e-09 0)
(-3.825 3.72308e-09 0)
(-3.825 3.967e-09 0)
(-3.825 4.17355e-09 0)
(-3.825 4.33e-09 0)
(-3.825 4.41681e-09 0)
(-3.825 4.40761e-09 0)
(-4.275 2.12728e-09 0)
(-4.275 2.14357e-09 0)
(-4.275 2.16669e-09 0)
(-4.275 2.19572e-09 0)
(-4.275 2.22953e-09 0)
(-4.275 2.26742e-09 0)
(-4.275 2.30865e-09 0)
(-4.275 2.35248e-09 0)
(-4.275 2.39822e-09 0)
(-4.275 2.44524e-09 0)
(-4.275 2.49288e-09 0)
(-4.275 2.54043e-09 0)
(-4.275 2.58697e-09 0)
(-4.275 2.63135e-09 0)
(-4.275 2.67208e-09 0)
(-4.275 2.70731e-09 0)
(-4.275 2.73483e-09 0)
(-4.275 2.7518e-09 0)
(-4.275 2.75393e-09 0)
(-4.275 2.73614e-09 0)
(-4.725 3.72291e-09 0)
(-4.725 3.73381e-09 0)
(-4.725 3.68655e-09 0)
(-4.725 3.59557e-09 0)
(-4.725 3.47116e-09 0)
(-4.725 3.31993e-09 0)
(-4.725 3.14724e-09 0)
(-4.725 2.95798e-09 0)
(-4.725 2.75649e-09 0)
(-4.725 2.54674e-09 0)
(-4.725 2.33245e-09 0)
(-4.725 2.11727e-09 0)
(-4.725 1.90501e-09 0)
(-4.725 1.69976e-09 0)
(-4.725 1.50614e-09 0)
(-4.725 1.3294e-09 0)
(-4.725 1.17546e-09 0)
(-4.725 1.05139e-09 0)
(-4.725 9.68135e-10 0)
(-4.725 9.41922e-10 0)
(-5.175 5.13977e-09 0)
(-5.175 5.14481e-09 0)
(-5.175 5.03024e-09 0)
(-5.175 4.82509e-09 0)
(-5.175 4.55061e-09 0)
(-5.175 4.22038e-09 0)
(-5.175 3.84564e-09 0)
(-5.175 3.43653e-09 0)
(-5.175 3.00213e-09 0)
(-5.175 2.55062e-09 0)
(-5.175 2.0897e-09 0)
(-5.175 1.62702e-09 0)
(-5.175 1.17064e-09 0)
(-5.175 7.29509e-10 0)
(-5.175 3.13969e-10 0)
(-5.175 -6.38755e-11 0)
(-5.175 -3.90241e-10 0)
(-5.175 -6.48403e-10 0)
(-5.175 -8.12506e-10 0)
(-5.175 -8.45401e-10 0)
(-5.625 6.27064e-09 0)
(-5.625 6.27034e-09 0)
(-5.625 6.09532e-09 0)
(-5.625 5.78847e-09 0)
(-5.625 5.3815e-09 0)
(-5.625 4.89463e-09 0)
(-5.625 4.34446e-09 0)
(-5.625 3.74578e-09 0)
(-5.625 3.11155e-09 0)
(-5.625 2.45326e-09 0)
(-5.625 1.78157e-09 0)
(-5.625 1.10707e-09 0)
(-5.625 4.41002e-10 0)
(-5.625 -2.03819e-10 0)
(-5.625 -8.12209e-10 0)
(-5.625 -1.36612e-09 0)
(-5.625 -1.84462e-09 0)
(-5.625 -2.22184e-09 0)
(-5.625 -2.45748e-09 0)
(-5.625 -2.49411e-09 0)
(-6.075 7.01922e-09 0)
(-6.075 7.0146e-09 0)
(-6.075 6.78888e-09 0)
(-6.075 6.39841e-09 0)
(-6.075 5.88504e-09 0)
(-6.075 5.27532e-09 0)
(-6.075 4.59051e-09 0)
(-6.075 3.84901e-09 0)
(-6.075 3.06639e-09 0)
(-6.075 2.25593e-09 0)
(-6.075 1.42963e-09 0)
(-6.075 5.99299e-10 0)
(-6.075 -2.22321e-10 0)
(-6.075 -1.02026e-09 0)
(-6.075 -1.77617e-09 0)
(-6.075 -2.46758e-09 0)
(-6.075 -3.06752e-09 0)
(-6.075 -3.54166e-09 0)
(-6.075 -3.83577e-09 0)
(-6.075 -3.87257e-09 0)
(-6.525 7.30257e-09 0)
(-6.525 7.29432e-09 0)
(-6.525 7.02913e-09 0)
(-6.525 6.57735e-09 0)
(-6.525 5.99112e-09 0)
(-6.525 5.30293e-09 0)
(-6.525 4.53776e-09 0)
(-6.525 3.7161e-09 0)
(-6.525 2.85423e-09 0)
(-6.525 1.96515e-09 0)
(-6.525 1.05997e-09 0)
(-6.525 1.49377e-10 0)
(-6.525 -7.5475e-10 0)
(-6.525 -1.63775e-09 0)
(-6.525 -2.48057e-09 0)
(-6.525 -3.25831e-09 0)
(-6.525 -3.93959e-09 0)
(-6.525 -4.48255e-09 0)
(-6.525 -4.81942e-09 0)
(-6.525 -4.85292e-09 0)
(-6.975 7.05476e-09 0)
(-6.975 7.04166e-09 0)
(-6.975 6.7477e-09 0)
(-6.975 6.25981e-09 0)
(-6.975 5.64099e-09 0)
(-6.975 4.92897e-09 0)
(-6.975 4.15068e-09 0)
(-6.975 3.32642e-09 0)
(-6.975 2.47069e-09 0)
(-6.975 1.59359e-09 0)
(-6.975 7.0273e-10 0)
(-6.975 -1.9498e-10 0)
(-6.975 -1.09138e-09 0)
(-6.975 -1.97512e-09 0)
(-6.975 -2.82944e-09 0)
(-6.975 -3.63008e-09 0)
(-6.975 -4.34381e-09 0)
(-6.975 -4.92298e-09 0)
(-6.975 -5.28651e-09 0)
(-6.975 -5.31524e-09 0)
(-7.425 6.23561e-09 0)
(-7.425 6.21281e-09 0)
(-7.425 5.89912e-09 0)
(-7.425 5.40367e-09 0)
(-7.425 4.80038e-09 0)
(-7.425 4.12973e-09 0)
(-7.425 3.41733e-09 0)
(-7.425 2.67988e-09 0)
(-7.425 1.92701e-09 0)
(-7.425 1.16337e-09 0)
(-7.425 3.90731e-10 0)
(-7.425 -3.89954e-10 0)
(-7.425 -1.17671e-09 0)
(-7.425 -1.96437e-09 0)
(-7.425 -2.74202e-09 0)
(-7.425 -3.49017e-09 0)
(-7.425 -4.17818e-09 0)
(-7.425 -4.75637e-09 0)
(-7.425 -5.13175e-09 0)
(-7.425 -5.15839e-09 0)
(-7.875 4.8355e-09 0)
(-7.875 4.78789e-09 0)
(-7.875 4.46214e-09 0)
(-7.875 3.9975e-09 0)
(-7.875 3.47283e-09 0)
(-7.875 2.92335e-09 0)
(-7.875 2.36683e-09 0)
(-7.875 1.8118e-09 0)
(-7.875 1.26029e-09 0)
(-7.875 7.10123e-10 0)
(-7.875 1.56878e-10 0)
(-7.875 -4.04624e-10 0)
(-7.875 -9.78962e-10 0)
(-7.875 -1.56848e-09 0)
(-7.875 -2.17099e-09 0)
(-7.875 -2.77686e-09 0)
(-7.875 -3.36556e-09 0)
(-7.875 -3.89519e-09 0)
(-7.875 -4.26914e-09 0)
(-7.875 -4.30812e-09 0)
(-8.325 2.95145e-09 0)
(-8.325 2.87202e-09 0)
(-8.325 2.56638e-09 0)
(-8.325 2.19758e-09 0)
(-8.325 1.8315e-09 0)
(-8.325 1.48544e-09 0)
(-8.325 1.16248e-09 0)
(-8.325 8.60548e-10 0)
(-8.325 5.74428e-10 0)
(-8.325 2.97279e-10 0)
(-8.325 2.15293e-11 0)
(-8.325 -2.60667e-10 0)
(-8.325 -5.57146e-10 0)
(-8.325 -8.75234e-10 0)
(-8.325 -1.22065e-09 0)
(-8.325 -1.59582e-09 0)
(-8.325 -1.9973e-09 0)
(-8.325 -2.40503e-09 0)
(-8.325 -2.74048e-09 0)
(-8.325 -2.80119e-09 0)
(-8.775 7.11811e-10 0)
(-8.775 5.88407e-10 0)
(-8.775 4.46492e-10 0)
(-8.775 3.45699e-10 0)
(-8.775 2.63843e-10 0)
(-8.775 1.96396e-10 0)
(-8.775 1.41702e-10 0)
(-8.775 9.67905e-11 0)
(-8.775 5.8436e-11 0)
(-8.775 2.37434e-11 0)
(-8.775 -9.92364e-12 0)
(-8.775 -4.51459e-11 0)
(-8.775 -8.46413e-11 0)
(-8.775 -1.31449e-10 0)
(-8.775 -1.89001e-10 0)
(-8.775 -2.60471e-10 0)
(-8.775 -3.47513e-10 0)
(-8.775 -4.54339e-10 0)
(-8.775 -6.04228e-10 0)
(-8.775 -7.14979e-10 0)
)
;

boundaryField
{
    inlet
    {
        type            calculated;
        value           nonuniform List<vector> 
20
(
(-0.225 -6.53037e-10 0)
(-0.675001 -2.49148e-09 0)
(-1.125 -3.73016e-09 0)
(-1.575 -4.31916e-09 0)
(-2.025 -4.25048e-09 0)
(-2.475 -3.61661e-09 0)
(-2.925 -2.53258e-09 0)
(-3.375 -1.12689e-09 0)
(-3.825 4.69369e-10 0)
(-4.275 2.12728e-09 0)
(-4.725 3.72291e-09 0)
(-5.175 5.13977e-09 0)
(-5.625 6.27064e-09 0)
(-6.075 7.01922e-09 0)
(-6.525 7.30257e-09 0)
(-6.975 7.05476e-09 0)
(-7.425 6.23561e-09 0)
(-7.875 4.8355e-09 0)
(-8.325 2.95145e-09 0)
(-8.775 7.11811e-10 0)
)
;
    }
    outlet
    {
        type            calculated;
        value           nonuniform List<vector> 
20
(
(-0.225 8.29624e-10 0)
(-0.675001 3.35357e-09 0)
(-1.125 5.36656e-09 0)
(-1.575 6.75076e-09 0)
(-2.025 7.42938e-09 0)
(-2.475 7.44729e-09 0)
(-2.925 6.88063e-09 0)
(-3.375 5.82963e-09 0)
(-3.825 4.40761e-09 0)
(-4.275 2.73614e-09 0)
(-4.725 9.41922e-10 0)
(-5.175 -8.45401e-10 0)
(-5.625 -2.49411e-09 0)
(-6.075 -3.87257e-09 0)
(-6.525 -4.85292e-09 0)
(-6.975 -5.31524e-09 0)
(-7.425 -5.15839e-09 0)
(-7.875 -4.30812e-09 0)
(-8.325 -2.80119e-09 0)
(-8.775 -7.14979e-10 0)
)
;
    }
    walls
    {
        type            calculated;
        value           uniform (0 0 0);
    }
    movingWall
    {
        type            calculated;
        value           uniform (-9 0 0);
    }
    frontAndBack
    {
        type            empty;
    }
}


// ************************************************************************* //
