/*--------------------------------*- C++ -*----------------------------------*\
| =========                 |                                                 |
| \\      /  F ield         | OpenFOAM: The Open Source CFD Toolbox           |
|  \\    /   O peration     | Version:  2312                                  |
|   \\  /    A nd           | Website:  www.openfoam.com                      |
|    \\/     M anipulation  |                                                 |
\*---------------------------------------------------------------------------*/
FoamFile
{
    version     2.0;
    format      ascii;
    arch        "LSB;label=32;scalar=64";
    class       volScalarField;
    location    "170";
    object      p;
}
// * * * * * * * * * * * * * * * * * * * * * * * * * * * * * * * * * * * * * //

dimensions      [0 2 -2 0 0 0 0];

internalField   nonuniform List<scalar> 
8400
(
0.0251914
0.0255489
0.0263318
0.0273989
0.0286816
0.0301665
0.031857
0.0337655
0.0359179
0.038361
0.041174
0.044489
0.0485316
0.0535855
0.0608865
0.0251846
0.0255414
0.0263217
0.0273847
0.0286609
0.0301354
0.0318093
0.0336905
0.0357959
0.0381542
0.0408042
0.0437882
0.04713
0.0507559
0.054754
0.025171
0.025526
0.0263009
0.0273555
0.0286183
0.0300717
0.0317119
0.0335383
0.0355524
0.0377539
0.040128
0.0426221
0.0451067
0.0473177
0.0488713
0.0251498
0.0255017
0.0262685
0.0273099
0.028552
0.0299731
0.0315627
0.0333088
0.0351946
0.0371898
0.0392373
0.041236
0.0430298
0.0444175
0.0452083
0.0251204
0.025468
0.0262237
0.027247
0.0284611
0.029839
0.0313622
0.0330065
0.0347369
0.0364999
0.0382148
0.0397702
0.0410353
0.0418906
0.0422703
0.0250821
0.0254242
0.0261657
0.027166
0.0283448
0.0296693
0.0311122
0.0326377
0.0341963
0.0357205
0.0371238
0.038309
0.0391883
0.0397107
0.0398807
0.0250344
0.0253696
0.0260939
0.0270663
0.0282028
0.0294643
0.0308155
0.0322106
0.0335905
0.034883
0.0360089
0.0368951
0.0374941
0.0377989
0.0378441
0.0249768
0.0253037
0.0260076
0.0269472
0.0280348
0.0292252
0.030476
0.031734
0.032936
0.0340128
0.0348993
0.0355484
0.0359437
0.0361034
0.0360723
0.0249085
0.0252259
0.0259063
0.0268085
0.0278412
0.0289539
0.0300981
0.031217
0.0322476
0.0331291
0.0338134
0.0342762
0.0345222
0.0345823
0.0345016
0.0248292
0.0251356
0.0257895
0.0266499
0.0276226
0.0286523
0.0296868
0.0306682
0.0315379
0.0322463
0.0327621
0.0330788
0.0332145
0.0332047
0.033091
0.0247381
0.0250323
0.0256569
0.0264717
0.02738
0.0283231
0.029247
0.0300955
0.0308171
0.0313745
0.0317509
0.0319532
0.0320066
0.031947
0.0318108
0.0246349
0.0249156
0.0255083
0.0262739
0.0271144
0.027969
0.0287835
0.029506
0.0300936
0.0305205
0.0307826
0.030895
0.0308865
0.030791
0.0306395
0.0245191
0.0247851
0.0253435
0.0260571
0.0268274
0.0275928
0.0283012
0.028906
0.0293736
0.0296891
0.0298574
0.0298993
0.0298441
0.0297225
0.0295607
0.0243902
0.0246406
0.0251625
0.0258218
0.0265206
0.0271976
0.0278042
0.0283005
0.028662
0.0288828
0.0289747
0.0289612
0.0288706
0.0287301
0.0285617
0.024248
0.0244817
0.0249655
0.0255689
0.0261955
0.0267862
0.0272966
0.0276941
0.0279625
0.0281034
0.0281331
0.028076
0.0279586
0.0278046
0.0276322
0.0240921
0.0243084
0.0247527
0.025299
0.025854
0.0263612
0.0267818
0.0270901
0.0272775
0.0273514
0.0273306
0.0272394
0.0271018
0.0269383
0.026764
0.0239224
0.0241206
0.0245245
0.0250134
0.0254978
0.0259255
0.0262629
0.0264916
0.026609
0.0266268
0.0265652
0.0264473
0.0262947
0.026125
0.0259504
0.0237386
0.0239184
0.0242812
0.0247129
0.0251288
0.0254813
0.0257426
0.0259006
0.025958
0.0259292
0.0258348
0.0256963
0.0255328
0.0253592
0.0251855
0.0235408
0.0237018
0.0240235
0.0243988
0.0247488
0.0250308
0.0252231
0.0253189
0.0253251
0.0252578
0.0251372
0.024983
0.0248119
0.0246364
0.0244645
0.023329
0.0234712
0.023752
0.0240722
0.0243594
0.0245762
0.0247062
0.0247478
0.0247106
0.0246118
0.0244705
0.0243046
0.0241284
0.0239524
0.0237832
0.0231032
0.0232267
0.0234673
0.0237343
0.0239622
0.0241191
0.0241936
0.0241881
0.0241145
0.02399
0.0238326
0.0236582
0.023479
0.0233039
0.0231378
0.0228638
0.0229688
0.0231702
0.0233863
0.0235587
0.023661
0.0236865
0.0236406
0.0235366
0.0233915
0.0232218
0.0230415
0.022861
0.0226877
0.0225253
0.022611
0.0226981
0.0228616
0.0230293
0.0231503
0.0232034
0.0231858
0.0231055
0.0229764
0.022815
0.0226362
0.0224521
0.0222718
0.022101
0.0219426
0.0223452
0.0224149
0.0225423
0.0226645
0.0227383
0.0227475
0.0226924
0.0225829
0.0224335
0.0222594
0.0220741
0.0218882
0.0217091
0.0215414
0.0213873
0.0220669
0.02212
0.0222131
0.0222931
0.0223239
0.022294
0.0222067
0.022073
0.0219072
0.0217236
0.0215341
0.0213477
0.0211707
0.0210067
0.0208571
0.0217766
0.0218139
0.021875
0.0219159
0.0219081
0.021844
0.0217292
0.0215756
0.021397
0.0212064
0.0210146
0.020829
0.0206548
0.0204949
0.0203499
0.021475
0.0214976
0.0215288
0.0215342
0.0214919
0.0213981
0.0212601
0.0210904
0.020902
0.0207069
0.0205142
0.0203305
0.0201597
0.0200041
0.0198638
0.0211627
0.0211716
0.0211755
0.0211487
0.021076
0.0209567
0.0207996
0.0206171
0.0204216
0.0202238
0.0200317
0.0198506
0.0196838
0.0195326
0.0193972
0.0208406
0.0208369
0.020816
0.0207605
0.0206612
0.0205204
0.0203478
0.0201555
0.0199552
0.0197563
0.0195658
0.019388
0.0192255
0.0190791
0.0189484
0.0205093
0.0204942
0.0204511
0.0203702
0.0202481
0.0200895
0.0199045
0.0197051
0.0195019
0.0193034
0.0191154
0.0189415
0.0187836
0.018642
0.0185161
0.0201698
0.0201446
0.0200816
0.0199788
0.0198374
0.0196642
0.0194698
0.0192655
0.0190612
0.0188642
0.0186795
0.01851
0.0183568
0.0182201
0.018099
0.0198229
0.0197887
0.0197086
0.0195868
0.0194294
0.0192447
0.0190435
0.0188364
0.0186324
0.0184379
0.0182571
0.0180922
0.017944
0.0178122
0.0176959
0.0194696
0.0194276
0.0193327
0.0191951
0.0190247
0.0188313
0.0186254
0.0184172
0.0182147
0.0180236
0.0178473
0.0176873
0.0175441
0.0174173
0.0173056
0.0191107
0.0190621
0.0189547
0.0188041
0.0186236
0.0184239
0.0182154
0.0180076
0.0178077
0.0176207
0.0174491
0.0172943
0.0171563
0.0170345
0.0169274
0.0187473
0.0186931
0.0185755
0.0184145
0.0182264
0.0180226
0.0178132
0.0176071
0.0174108
0.0172283
0.017062
0.0169125
0.0167796
0.0166627
0.0165601
0.0183801
0.0183214
0.0181957
0.0180269
0.0178334
0.0176274
0.0174188
0.0172155
0.0170234
0.016846
0.016685
0.016541
0.0164133
0.0163012
0.0162031
0.0180102
0.017948
0.0178161
0.0176415
0.0174449
0.0172385
0.0170318
0.0168323
0.016645
0.0164731
0.0163177
0.0161791
0.0160567
0.0159494
0.0158556
0.0176385
0.0175737
0.0174373
0.0172591
0.017061
0.0168557
0.0166522
0.0164571
0.0162752
0.016109
0.0159594
0.0158263
0.015709
0.0156064
0.0155169
0.0172657
0.0171991
0.01706
0.0168799
0.016682
0.0164791
0.0162796
0.0160898
0.0159136
0.0157533
0.0156095
0.0154819
0.0153697
0.0152718
0.0151864
0.0168929
0.0168253
0.0166847
0.0165044
0.0163081
0.0161087
0.0159141
0.0157299
0.0155598
0.0154056
0.0152676
0.0151456
0.0150384
0.0149449
0.0148636
0.0165207
0.0164527
0.0163121
0.0161329
0.0159395
0.0157445
0.0155553
0.0153773
0.0152135
0.0150654
0.0149333
0.0148167
0.0147144
0.0146254
0.014548
0.0161501
0.0160823
0.0159426
0.0157658
0.0155763
0.0153864
0.0152033
0.0150316
0.0148743
0.0147325
0.0146062
0.0144949
0.0143975
0.0143128
0.0142392
0.0157816
0.0157146
0.0155768
0.0154034
0.0152186
0.0150345
0.0148578
0.0146928
0.0145421
0.0144065
0.014286
0.01418
0.0140873
0.0140067
0.0139368
0.0154161
0.0153502
0.0152152
0.015046
0.0148667
0.0146889
0.0145189
0.0143607
0.0142165
0.0140871
0.0139724
0.0138715
0.0137834
0.0137069
0.0136406
0.0150541
0.0149897
0.0148582
0.0146939
0.0145206
0.0143494
0.0141864
0.0140351
0.0138975
0.0137742
0.0136651
0.0135692
0.0134856
0.0134131
0.0133502
0.0146963
0.0146338
0.0145062
0.0143474
0.0141805
0.0140163
0.0138603
0.0137159
0.0135849
0.0134676
0.013364
0.013273
0.0131937
0.013125
0.0130654
0.0143432
0.0142827
0.0141596
0.0140067
0.0138465
0.0136895
0.0135406
0.0134031
0.0132785
0.0131672
0.0130688
0.0129826
0.0129076
0.0128425
0.0127862
0.0139954
0.0139372
0.0138188
0.0136721
0.0135189
0.013369
0.0132273
0.0130966
0.0129783
0.0128728
0.0127796
0.012698
0.012627
0.0125655
0.0125122
0.0136533
0.0135975
0.0134841
0.0133438
0.0131976
0.0130549
0.0129203
0.0127963
0.0126842
0.0125843
0.0124962
0.012419
0.0123519
0.0122938
0.0122435
0.0133174
0.013264
0.0131558
0.013022
0.0128829
0.0127474
0.0126197
0.0125023
0.0123962
0.0123017
0.0122185
0.0121456
0.0120822
0.0120274
0.0119799
0.012988
0.0129372
0.0128341
0.012707
0.0125749
0.0124465
0.0123256
0.0122145
0.0121143
0.0120251
0.0119465
0.0118777
0.011818
0.0117663
0.0117215
0.0126656
0.0126173
0.0125194
0.0123988
0.0122737
0.0121522
0.012038
0.0119331
0.0118385
0.0117543
0.0116802
0.0116154
0.0115591
0.0115104
0.0114682
0.0123504
0.0123046
0.0122119
0.0120978
0.0119795
0.0118647
0.0117569
0.011658
0.0115688
0.0114895
0.0114197
0.0113587
0.0113056
0.0112598
0.0112201
0.0120427
0.0119994
0.0119118
0.011804
0.0116923
0.0115841
0.0114825
0.0113893
0.0113053
0.0112307
0.011165
0.0111075
0.0110576
0.0110145
0.0109772
0.0117428
0.0117019
0.0116193
0.0115176
0.0114124
0.0113104
0.0112148
0.0111271
0.0110481
0.0109779
0.0109161
0.0108621
0.0108152
0.0107746
0.0107395
0.0114509
0.0114124
0.0113345
0.0112388
0.0111398
0.0110439
0.0109539
0.0108715
0.0107972
0.0107312
0.0106732
0.0106224
0.0105783
0.0105402
0.0105072
0.0111673
0.011131
0.0110578
0.0109678
0.0108747
0.0107846
0.0107
0.0106226
0.0105528
0.0104908
0.0104363
0.0103886
0.0103472
0.0103113
0.0102804
0.0108921
0.010858
0.0107892
0.0107046
0.0106172
0.0105326
0.0104532
0.0103805
0.010315
0.0102568
0.0102055
0.0101608
0.0101219
0.0100882
0.0100591
0.0106255
0.0105935
0.0105289
0.0104495
0.0103675
0.010288
0.0102135
0.0101453
0.0100838
0.0100292
0.0099811
0.00993908
0.00990257
0.00987098
0.00984367
0.0103677
0.0103377
0.0102771
0.0102026
0.0101257
0.0100511
0.00998125
0.0099172
0.00985952
0.00980826
0.00976313
0.00972369
0.00968941
0.00965976
0.00963412
0.0101188
0.0100907
0.0100339
0.00996407
0.00989189
0.00982199
0.00975644
0.00969636
0.00964224
0.00959413
0.00955178
0.00951476
0.00948258
0.00945474
0.00943067
0.00987911
0.00985276
0.00979949
0.00973402
0.00966633
0.00960078
0.0095393
0.00948293
0.00943214
0.009387
0.00934724
0.00931248
0.00928227
0.00925613
0.00923352
0.00964868
0.00962397
0.00957404
0.00951265
0.00944917
0.00938768
0.00932999
0.00927709
0.00922942
0.00918704
0.00914971
0.00911707
0.00908869
0.00906413
0.00904288
0.0094277
0.00940453
0.00935771
0.00930013
0.00924057
0.00918287
0.00912872
0.00907905
0.00903429
0.00899447
0.0089594
0.00892873
0.00890206
0.00887897
0.008859
0.00921636
0.00919463
0.00915069
0.00909665
0.00904075
0.00898656
0.0089357
0.00888903
0.00884696
0.00880953
0.00877656
0.00874771
0.00872263
0.00870091
0.00868212
0.00901486
0.00899445
0.00895319
0.00890244
0.0088499
0.00879897
0.00875116
0.00870727
0.00866769
0.00863247
0.00860144
0.00857429
0.00855067
0.00853022
0.00851252
0.00882341
0.00880423
0.00876543
0.0087177
0.00866829
0.00862036
0.00857535
0.00853402
0.00849675
0.00846357
0.00843432
0.00840873
0.00838647
0.00836718
0.0083505
0.00864225
0.00862419
0.00858767
0.00854272
0.00849616
0.008451
0.00840856
0.00836959
0.00833443
0.00830312
0.00827552
0.00825137
0.00823034
0.00821214
0.00819638
0.00847166
0.00845462
0.00842017
0.00837777
0.00833383
0.00829119
0.00825111
0.00821429
0.00818106
0.00815147
0.00812537
0.00810253
0.00808265
0.00806542
0.00805051
0.00831193
0.00829583
0.00826327
0.00822317
0.00818162
0.00814127
0.00810334
0.00806848
0.00803701
0.00800898
0.00798425
0.0079626
0.00794376
0.00792743
0.00791329
0.00816342
0.00814817
0.00811731
0.00807931
0.0080399
0.00800163
0.00796564
0.00793255
0.00790268
0.00787606
0.00785257
0.007832
0.00781409
0.00779858
0.00778514
0.00802654
0.00801204
0.00798272
0.00794658
0.00790911
0.0078727
0.00783845
0.00780696
0.00777851
0.00775316
0.00773078
0.00771119
0.00769412
0.00767933
0.00766652
0.00790174
0.00788791
0.00785995
0.00782548
0.00778972
0.00775497
0.00772227
0.00769219
0.00766501
0.00764078
0.0076194
0.00760067
0.00758435
0.00757021
0.00755796
0.00778955
0.00777632
0.00774954
0.00771654
0.00768229
0.00764899
0.00761764
0.00758881
0.00756275
0.00753951
0.007519
0.00750102
0.00748536
0.00747179
0.00746004
0.00769059
0.00767787
0.00765212
0.00762038
0.00758743
0.00755538
0.00752521
0.00749744
0.00747235
0.00744997
0.0074302
0.00741289
0.0073978
0.00738472
0.00737339
0.00760556
0.00759327
0.00756839
0.00753771
0.00750585
0.00747487
0.00744568
0.00741882
0.00739454
0.00737288
0.00735375
0.00733698
0.00732238
0.00730971
0.00729874
0.00753529
0.00752335
0.00749918
0.00746936
0.00743839
0.00740826
0.00737988
0.00735376
0.00733013
0.00730906
0.00729045
0.00727413
0.00725991
0.00724759
0.0072369
0.00748073
0.00746905
0.00744542
0.00741626
0.00738598
0.00735651
0.00732875
0.00730318
0.00728007
0.00725944
0.00724122
0.00722525
0.00721134
0.00719927
0.00718881
0.00744298
0.0074315
0.00740823
0.00737952
0.00734971
0.00732069
0.00729334
0.00726817
0.0072454
0.00722508
0.00720713
0.0071914
0.00717768
0.00716579
0.00715549
0.00742334
0.00741196
0.00738889
0.00736041
0.00733084
0.00730205
0.00727493
0.00724995
0.00722736
0.0072072
0.0071894
0.00717378
0.00716018
0.00714838
0.00713815
0.0623244
0.0558251
0.0499321
0.0462536
0.0435464
0.0411031
0.0388241
0.0367079
0.0347149
0.0328008
0.030938
0.0291113
0.0273114
0.0255325
0.0237722
0.0220309
0.0203114
0.0186186
0.0169592
0.0153415
0.013775
0.0122702
0.0108377
0.00948846
0.0082327
0.00707958
0.00603667
0.00510944
0.00430088
0.00361127
0.0030381
0.0025761
0.00221755
0.00195265
0.00177006
0.0016575
0.00160236
0.00159226
0.00161557
0.0016618
0.00172185
0.00178818
0.00185479
0.00191721
0.00197231
0.00201812
0.00205364
0.0020786
0.00209329
0.00209832
0.00209456
0.00208295
0.00206444
0.00203991
0.00201018
0.00197592
0.00193774
0.00189608
0.00185134
0.0018038
0.00175369
0.00170119
0.00164644
0.00158955
0.00153061
0.0014697
0.00140689
0.00134226
0.00127587
0.0012078
0.00113813
0.00106694
0.000994301
0.000920319
0.000845093
0.00076873
0.000691353
0.000613096
0.000534106
0.000454546
0.000374598
0.000294456
0.000214329
0.000134434
5.49797e-05
-2.38731e-05
-0.000101604
-0.000184949
-0.000204321
-0.00065884
0.0554596
0.0517541
0.0478671
0.0450257
0.0427016
0.0405011
0.0383777
0.0363529
0.0344139
0.0325352
0.0306991
0.028895
0.0271164
0.0253591
0.0236212
0.0219032
0.0202078
0.0185397
0.0169052
0.0153121
0.0137696
0.0122876
0.0108765
0.00954697
0.00830885
0.00717114
0.00614125
0.00522455
0.00442401
0.00373996
0.00316998
0.00270895
0.00234935
0.00208164
0.00189476
0.00177671
0.00171519
0.0016981
0.00171409
0.00175289
0.00180561
0.00186487
0.00192479
0.00198097
0.00203032
0.00207091
0.00210172
0.00212246
0.00213338
0.00213506
0.00212833
0.00211407
0.00209319
0.00206656
0.00203494
0.00199898
0.00195926
0.00191622
0.00187021
0.00182151
0.00177034
0.00171686
0.00166121
0.00160348
0.00154377
0.00148214
0.00141866
0.0013534
0.00128644
0.00121782
0.00114764
0.00107597
0.00100288
0.000928478
0.000852853
0.000776116
0.000698386
0.000619796
0.000540491
0.000460635
0.000380407
0.0003
0.000219624
0.000139492
5.98133e-05
-1.92427e-05
-9.72385e-05
-0.000180532
-0.00019951
-0.000663221
0.0490191
0.0474595
0.0452553
0.0431531
0.0412043
0.0393027
0.0374299
0.0356046
0.0338288
0.0320914
0.0303815
0.0286918
0.0270176
0.0253558
0.0237054
0.0220673
0.0204443
0.0188408
0.0172632
0.0157189
0.0142169
0.0127668
0.0113791
0.010064
0.00883181
0.00769163
0.00665142
0.00571727
0.00489307
0.00418024
0.00357757
0.00308125
0.00268503
0.00238058
0.00215794
0.00200603
0.00191323
0.00186793
0.00185903
0.00187633
0.00191083
0.00195491
0.00200239
0.00204851
0.0020898
0.00212396
0.00214965
0.00216628
0.00217385
0.00217276
0.00216367
0.00214735
0.00212462
0.00209629
0.00206308
0.00202564
0.0019845
0.0019401
0.0018928
0.00184288
0.00179054
0.00173596
0.00167927
0.00162055
0.00155991
0.0014974
0.0014331
0.00136707
0.00129938
0.00123009
0.00115926
0.00108699
0.00101334
0.000938403
0.000862278
0.000785071
0.000706898
0.00062789
0.000548192
0.000467965
0.000387387
0.00030665
0.000225962
0.000145538
6.55844e-05
-1.37202e-05
-9.20635e-05
-0.000174914
-0.00019498
-0.000680366
0.0452733
0.0444687
0.0430572
0.0414473
0.0398162
0.038175
0.036521
0.0348692
0.0332302
0.031605
0.0299911
0.0283863
0.0267895
0.0252002
0.0236191
0.0220479
0.0204899
0.0189495
0.0174324
0.0159458
0.0144976
0.0130966
0.0117522
0.0104741
0.00927162
0.00815341
0.00712713
0.00619883
0.00537267
0.0046506
0.0040322
0.00351463
0.00309279
0.00275955
0.00250615
0.00232265
0.00219843
0.00212273
0.00208513
0.00207589
0.0020863
0.00210886
0.0021374
0.00216704
0.00219413
0.00221614
0.00223147
0.00223931
0.00223939
0.00223192
0.00221735
0.0021963
0.00216946
0.00213752
0.00210112
0.00206083
0.00201713
0.00197042
0.00192102
0.00186919
0.00181511
0.00175892
0.00170075
0.00164069
0.00157879
0.00151513
0.00144977
0.00138275
0.00131414
0.00124399
0.00117237
0.00109936
0.00102501
0.00094943
0.0008727
0.000794924
0.000716218
0.000636709
0.000556542
0.000475873
0.00039488
0.000313755
0.000232705
0.000151943
7.16783e-05
-7.91092e-06
-8.66121e-05
-0.000168645
-0.000194732
-0.000707064
0.0422011
0.0416431
0.0406759
0.0394778
0.0381721
0.0368005
0.0353782
0.0339227
0.0324494
0.0309668
0.0294787
0.0279872
0.0264941
0.0250012
0.0235105
0.0220248
0.0205479
0.0190843
0.0176396
0.0162205
0.0148345
0.0134898
0.012195
0.010959
0.00979064
0.00869799
0.00768841
0.00676789
0.00594077
0.00520948
0.00457437
0.00403359
0.00358322
0.00321744
0.00292884
0.00270876
0.00254783
0.00243633
0.00236466
0.00232373
0.00230526
0.00230196
0.00230769
0.00231746
0.00232744
0.00233482
0.00233771
0.00233496
0.00232605
0.00231087
0.00228965
0.0022628
0.00223085
0.00219435
0.00215384
0.00210981
0.00206269
0.00201283
0.00196052
0.00190599
0.00184941
0.0017909
0.00173058
0.00166851
0.00160476
0.00153939
0.00147243
0.00140394
0.00133396
0.00126254
0.00118975
0.00111564
0.00104029
0.000963759
0.000886149
0.000807555
0.000728085
0.000647864
0.000567031
0.000485741
0.000404168
0.000322502
0.000240951
0.000159728
7.90461e-05
-9.26138e-07
-8.00073e-05
-0.000161567
-0.000198427
-0.000729818
0.0397616
0.0393446
0.038647
0.0377361
0.0366823
0.0355288
0.0343001
0.0330157
0.0316919
0.0303405
0.0289689
0.0275825
0.0261854
0.0247814
0.0233741
0.0219672
0.0205651
0.0191727
0.0177957
0.0164404
0.015114
0.0138241
0.0125786
0.0113859
0.0102539
0.00919032
0.00820202
0.00729477
0.00647292
0.00573917
0.00509435
0.0045374
0.00406533
0.00367342
0.0033554
0.00310382
0.00291042
0.00276649
0.0026633
0.00259244
0.00254613
0.00251738
0.00250022
0.00248966
0.00248178
0.00247359
0.00246298
0.00244857
0.00242955
0.00240561
0.00237673
0.00234316
0.00230525
0.00226341
0.00221809
0.00216968
0.00211854
0.00206499
0.00200926
0.00195155
0.00189201
0.00183076
0.00176788
0.00170342
0.00163745
0.00156999
0.0015011
0.0014308
0.00135913
0.00128614
0.00121187
0.00113639
0.00105974
0.000982007
0.000903267
0.000823614
0.000743152
0.000662001
0.000580295
0.000498187
0.000415849
0.000333471
0.000251258
0.000169429
8.81997e-05
7.73236e-06
-7.18025e-05
-0.0001536
-0.000203483
-0.000734387
0.0376933
0.037343
0.0367913
0.0360625
0.0351943
0.0342187
0.0331584
0.0320308
0.0308508
0.0296304
0.0283786
0.0271023
0.0258074
0.0244986
0.0231808
0.0218584
0.0205364
0.0192198
0.0179144
0.0166265
0.0153627
0.0141302
0.0129366
0.0117894
0.0106962
0.0096642
0.00869986
0.00780875
0.00699522
0.00626218
0.00561092
0.00504101
0.00455032
0.0041351
0.00379018
0.00350921
0.00328501
0.00310987
0.00297595
0.00287556
0.00280145
0.00274704
0.00270656
0.00267512
0.00264873
0.00262431
0.00259955
0.00257284
0.00254315
0.00250992
0.00247294
0.00243224
0.00238801
0.00234052
0.00229009
0.00223703
0.00218163
0.00212413
0.00206475
0.00200364
0.00194093
0.0018767
0.00181104
0.00174398
0.00167557
0.00160583
0.00153479
0.00146247
0.00138891
0.00131415
0.00123822
0.00116116
0.00108304
0.00100392
0.000923872
0.000842987
0.000761363
0.000679115
0.000596375
0.000513293
0.000430039
0.000346801
0.00026379
0.000181226
9.93339e-05
1.82739e-05
-6.18156e-05
-0.000144404
-0.000206517
-0.000712313
0.0359045
0.035596
0.035138
0.0345368
0.0338112
0.0329811
0.0320637
0.0310734
0.030023
0.0289235
0.0277842
0.0266128
0.0254157
0.0241988
0.0229675
0.0217269
0.0204822
0.0192389
0.0180027
0.0167798
0.0155766
0.0144
0.0132569
0.0121546
0.0111001
0.0101001
0.00916073
0.00828744
0.00748449
0.00675495
0.00610045
0.0055211
0.00501549
0.00458073
0.00421259
0.00390574
0.00365397
0.0034505
0.00328833
0.00316047
0.00306022
0.00298142
0.00291854
0.00286682
0.0028223
0.00278181
0.0027429
0.00270379
0.00266326
0.00262054
0.00257521
0.00252714
0.00247634
0.00242297
0.00236723
0.00230932
0.00224948
0.00218788
0.0021247
0.00206005
0.00199403
0.00192672
0.00185816
0.00178839
0.00171743
0.0016453
0.00157201
0.00149758
0.00142204
0.0013454
0.0012677
0.00118898
0.00110929
0.00102868
0.000947233
0.000865017
0.000782132
0.00069869
0.000614818
0.000530664
0.000446396
0.000362205
0.000278302
0.000194918
0.000112287
3.05731e-05
-5.01341e-05
-0.000133643
-0.000205045
-0.0006637
0.0343234
0.0340414
0.0336441
0.0331306
0.0325095
0.0317927
0.0309921
0.0301185
0.0291823
0.0281929
0.0271588
0.0260875
0.0249855
0.0238589
0.0227134
0.0215544
0.0203874
0.0192178
0.0180513
0.016894
0.015752
0.0146318
0.0135401
0.0124837
0.011469
0.0105025
0.00958997
0.00873665
0.00794676
0.00722348
0.00656874
0.00598311
0.00546581
0.00501472
0.00462646
0.0042966
0.00401985
0.00379033
0.00360181
0.00344801
0.00332281
0.00322045
0.00313572
0.00306404
0.00300149
0.00294488
0.00289168
0.00283996
0.00278832
0.00273583
0.0026819
0.0026262
0.00256862
0.00250916
0.00244791
0.00238501
0.00232058
0.00225477
0.00218768
0.00211939
0.00204999
0.00197951
0.00190798
0.00183543
0.00176186
0.00168727
0.00161167
0.00153508
0.00145748
0.00137892
0.0012994
0.00121896
0.00113764
0.0010555
0.000972585
0.000888984
0.000804785
0.000720092
0.000635033
0.00054975
0.000464412
0.000379212
0.000294365
0.00021011
0.000126697
4.43029e-05
-3.70208e-05
-0.000121199
-0.000198241
-0.000595408
0.0329068
0.0326437
0.0322894
0.0318398
0.0312985
0.0306723
0.0299686
0.029195
0.0283593
0.0274692
0.0265319
0.0255541
0.0245422
0.023502
0.0224392
0.0213593
0.0202676
0.0191698
0.0180713
0.016978
0.0158959
0.0148312
0.0137902
0.0127791
0.0118043
0.0108717
0.00998686
0.00915479
0.00837968
0.00766478
0.00701225
0.00642307
0.00589699
0.00543254
0.00502713
0.00467713
0.00437809
0.00412494
0.00391222
0.00373431
0.00358565
0.00346093
0.00335526
0.00326425
0.0031841
0.00311162
0.00304423
0.0029799
0.00291709
0.00285472
0.00279202
0.00272853
0.00266399
0.00259828
0.00253139
0.00246335
0.00239421
0.00232406
0.00225296
0.00218095
0.00210807
0.00203434
0.00195978
0.00188438
0.00180814
0.00173104
0.00165308
0.00157426
0.00149458
0.00141404
0.00133266
0.00125046
0.00116748
0.00108376
0.000999349
0.000914327
0.000828777
0.000742799
0.000656516
0.000570069
0.000483627
0.000397382
0.000311556
0.000226401
0.000142183
5.91045e-05
-2.27839e-05
-0.000107195
-0.000186612
-0.000516999
0.0316234
0.0313746
0.0310521
0.0306504
0.0301706
0.0296164
0.0289921
0.0283028
0.027554
0.0267517
0.0259018
0.0250102
0.0240824
0.0231239
0.0221402
0.0211364
0.020118
0.0190901
0.0180583
0.017028
0.0160051
0.0149954
0.0140049
0.0130394
0.0121049
0.011207
0.010351
0.00954179
0.0087834
0.00807914
0.00743138
0.0068414
0.00630944
0.0058346
0.00541495
0.00504762
0.00472892
0.00445453
0.0042197
0.00401947
0.00384883
0.00370292
0.00357718
0.00346747
0.00337013
0.00328201
0.00320051
0.00312354
0.00304946
0.00297704
0.00290541
0.00283394
0.00276226
0.00269012
0.00261741
0.00254407
0.00247008
0.00239547
0.00232024
0.0022444
0.00216796
0.0020909
0.00201323
0.00193491
0.00185593
0.00177626
0.00169589
0.0016148
0.00153298
0.00145042
0.00136714
0.00128314
0.00119845
0.00111311
0.00102717
0.000940698
0.000853764
0.00076647
0.000678932
0.000591292
0.000503715
0.000416397
0.000329567
0.000243488
0.000158448
7.46881e-05
-7.69229e-06
-9.18914e-05
-0.000171277
-0.000437209
0.0304509
0.0302138
0.0299159
0.0295515
0.0291205
0.0286246
0.0280662
0.0274483
0.0267749
0.0260503
0.0252791
0.0244662
0.0236163
0.0227345
0.0218256
0.0208945
0.0199463
0.018986
0.0180187
0.0170498
0.0160847
0.0151289
0.014188
0.0132677
0.0123734
0.0115106
0.0106842
0.00989889
0.0091587
0.00846693
0.00782607
0.00723771
0.00670244
0.00621988
0.00578871
0.00540669
0.00507084
0.00477754
0.0045227
0.00430198
0.00411089
0.00394505
0.00380025
0.00367259
0.00355858
0.00345518
0.00335978
0.00327026
0.0031849
0.00310238
0.0030217
0.00294212
0.00286315
0.00278444
0.00270577
0.002627
0.00254804
0.00246885
0.00238938
0.00230961
0.00222951
0.00214905
0.00206818
0.00198687
0.00190509
0.00182279
0.00173995
0.00165653
0.00157251
0.00148789
0.00140265
0.00131681
0.00123038
0.00114339
0.00105588
0.000967912
0.00087956
0.000790916
0.000702092
0.000613227
0.000524486
0.000436067
0.000348205
0.000261177
0.000175298
9.08586e-05
8.05603e-06
-7.55789e-05
-0.000153414
-0.000362157
0.0293724
0.0291453
0.0288674
0.0285329
0.0281414
0.0276933
0.0271898
0.0266326
0.0260242
0.0253678
0.0246668
0.0239251
0.0231467
0.022336
0.0214972
0.0206348
0.0197534
0.0188578
0.0179528
0.0170433
0.0161344
0.0152313
0.0143394
0.0134637
0.0126096
0.0117822
0.0109861
0.0102258
0.00950525
0.00882775
0.00819589
0.00761146
0.0070754
0.00658775
0.0061477
0.00575361
0.00540311
0.00509323
0.00482049
0.00458114
0.00437122
0.00418677
0.00402397
0.00387919
0.00374913
0.00363085
0.00352181
0.00341987
0.00332328
0.00323063
0.00314082
0.00305303
0.00296664
0.00288122
0.00279645
0.00271211
0.00262805
0.00254416
0.00246035
0.00237656
0.00229271
0.00220874
0.0021246
0.00204023
0.00195557
0.00187058
0.0017852
0.00169939
0.00161313
0.00152639
0.00143915
0.00135141
0.00126319
0.0011745
0.00108539
0.000995889
0.000906081
0.00081605
0.000725905
0.000635781
0.000545843
0.000456291
0.000367368
0.000279364
0.000192623
0.0001075
2.43276e-05
-5.85173e-05
-0.000133999
-0.00029512
0.0283747
0.0281565
0.0278954
0.0275858
0.0272268
0.0268186
0.0263614
0.025856
0.025304
0.0247075
0.024069
0.0233915
0.0226784
0.0219332
0.0211597
0.0203618
0.0195437
0.0187097
0.0178643
0.0170119
0.0161575
0.0153057
0.0144615
0.0136299
0.0128156
0.0120236
0.0112582
0.0105237
0.00982402
0.0091623
0.00854125
0.00796282
0.00742822
0.00693788
0.00649141
0.00608769
0.00572492
0.0054007
0.00511214
0.004856
0.00462886
0.00442719
0.00424751
0.0040865
0.00394107
0.00380842
0.00368609
0.00357195
0.00346423
0.00336148
0.00326252
0.00316644
0.00307255
0.00298031
0.00288933
0.00279932
0.00271005
0.00262136
0.00253311
0.00244519
0.00235751
0.00226996
0.00218247
0.00209496
0.00200737
0.00191961
0.00183163
0.00174338
0.00165481
0.00156589
0.0014766
0.00138693
0.00129687
0.00120644
0.00111567
0.0010246
0.000933294
0.000841837
0.000750333
0.000658914
0.000567744
0.000477025
0.000387006
0.000297995
0.000210366
0.000124545
4.10332e-05
-4.09208e-05
-0.000113769
-0.000237173
0.0274475
0.0272375
0.0269909
0.0267023
0.0263708
0.0259963
0.0255786
0.0251178
0.0246148
0.0240708
0.0234879
0.0228682
0.0222143
0.0215292
0.020816
0.0200783
0.0193196
0.0185438
0.0177551
0.0169574
0.0161553
0.0153532
0.0145556
0.013767
0.0129922
0.0122354
0.011501
0.010793
0.0101151
0.00947056
0.00886197
0.00829146
0.00776046
0.00726968
0.00681913
0.00640816
0.00603543
0.00569908
0.00539674
0.0051257
0.00488299
0.00466551
0.00447016
0.0042939
0.00413386
0.00398742
0.00385221
0.00372615
0.00360748
0.00349471
0.00338662
0.00328224
0.00318078
0.00308165
0.00298437
0.00288859
0.00279401
0.00270042
0.00260764
0.00251551
0.0024239
0.00233269
0.00224178
0.00215107
0.00206046
0.00196987
0.00187923
0.00178848
0.00169755
0.00160641
0.00151501
0.00142335
0.0013314
0.00123918
0.00114672
0.00105403
0.00096119
0.000868268
0.000775365
0.000682612
0.000590172
0.000498249
0.000407099
0.000317046
0.000228498
0.000141958
5.81081e-05
-2.29639e-05
-9.32612e-05
-0.000188037
0.0265824
0.0263801
0.0261462
0.0258758
0.025568
0.0252225
0.0248387
0.0244165
0.0239562
0.0234587
0.0229251
0.0223571
0.0217569
0.0211266
0.0204691
0.0197871
0.019084
0.0183631
0.0176279
0.0168824
0.0161304
0.0153761
0.0146236
0.0138771
0.0131409
0.0124191
0.0117158
0.0110348
0.0103795
0.0097532
0.00915851
0.00859762
0.00807212
0.00758298
0.00713053
0.00671451
0.00633402
0.00598766
0.00567355
0.00538944
0.00513281
0.00490097
0.00469118
0.00450069
0.00432687
0.00416729
0.00401968
0.00388206
0.00375267
0.00363002
0.00351288
0.0034002
0.00329116
0.00318509
0.00308145
0.00297981
0.00287985
0.00278128
0.00268389
0.00258747
0.00249186
0.00239692
0.00230252
0.00220853
0.00211485
0.00202137
0.00192801
0.0018347
0.00174135
0.00164793
0.00155438
0.00146067
0.0013668
0.00127275
0.00117853
0.00108419
0.00098977
0.00089534
0.000800999
0.000706873
0.000613124
0.000519958
0.000427639
0.000336506
0.000247003
0.000159711
7.54984e-05
-4.79101e-06
-7.28654e-05
-0.000146779
0.0257723
0.0255773
0.025355
0.0251007
0.0248135
0.0244931
0.0241389
0.0237504
0.0233276
0.022871
0.0223814
0.0218599
0.021308
0.0207278
0.0201212
0.0194908
0.0188393
0.0181697
0.0174851
0.016789
0.0160848
0.0153763
0.0146672
0.0139616
0.0132632
0.0125759
0.0119036
0.0112497
0.0106177
0.0100106
0.00943107
0.00888131
0.00836305
0.00787746
0.00742514
0.00700616
0.00662001
0.00626568
0.00594175
0.00564639
0.00537749
0.00513277
0.0049098
0.00470616
0.00451947
0.00434745
0.00418801
0.00403923
0.00389942
0.0037671
0.00364103
0.00352012
0.00340352
0.00329049
0.00318045
0.00307292
0.0029675
0.00286389
0.00276181
0.00266104
0.00256137
0.00246263
0.00236467
0.00226734
0.00217052
0.0020741
0.00197797
0.00188203
0.00178622
0.00169046
0.00159471
0.00149891
0.00140306
0.00130712
0.00121113
0.00111508
0.00101904
0.000923058
0.000827236
0.000731696
0.000636597
0.000542148
0.00044862
0.000356366
0.000265866
0.00017778
9.3154e-05
1.34757e-05
-5.28608e-05
-0.000112257
0.0250114
0.0248235
0.0246118
0.0243718
0.0241028
0.0238046
0.0234763
0.0231175
0.0227278
0.0223075
0.021857
0.0213772
0.0208691
0.0203343
0.0197744
0.0191915
0.0185878
0.017966
0.0173289
0.0166792
0.0160204
0.0153556
0.0146884
0.0140222
0.0133606
0.0127072
0.0120656
0.011439
0.0108306
0.0102435
0.00968014
0.00914284
0.00863336
0.00815305
0.00770273
0.00728273
0.00689288
0.00653255
0.00620067
0.00589583
0.00561631
0.00536016
0.00512532
0.00490965
0.00471101
0.00452733
0.00435667
0.00419722
0.00404735
0.00390562
0.00377078
0.00364176
0.00351765
0.00339768
0.00328123
0.00316778
0.00305688
0.00294817
0.00284136
0.00273617
0.00263237
0.00252978
0.0024282
0.00232748
0.00222747
0.00212804
0.00202908
0.00193048
0.00183214
0.00173401
0.001636
0.00153806
0.00144018
0.00134232
0.00124449
0.0011467
0.00104899
0.000951421
0.000854078
0.000757082
0.000660592
0.000564819
0.000470038
0.00037662
0.000285077
0.000196143
0.000111026
3.17323e-05
-3.34424e-05
-8.33592e-05
0.0242947
0.0241136
0.0239117
0.0236848
0.0234321
0.0231535
0.0228483
0.0225157
0.0221554
0.0217674
0.021352
0.0209095
0.020441
0.0199474
0.0194301
0.0188908
0.0183314
0.017754
0.0171611
0.0165553
0.0159393
0.0153161
0.0146887
0.0140605
0.0134346
0.0128144
0.0122029
0.0116035
0.0110191
0.0104525
0.0099062
0.00938248
0.00888316
0.00840969
0.00796307
0.00754385
0.00715216
0.00678766
0.00644965
0.00613705
0.0058485
0.00558241
0.00533701
0.00511046
0.00490086
0.00470634
0.00452513
0.00435554
0.00419603
0.0040452
0.00390183
0.00376485
0.00363333
0.00350649
0.00338365
0.00326427
0.00314787
0.00303404
0.00292245
0.0028128
0.00270483
0.00259833
0.00249309
0.00238892
0.00228567
0.00218319
0.00208134
0.00198002
0.00187912
0.00177855
0.00167824
0.00157813
0.00147817
0.00137834
0.00127863
0.00117905
0.00107964
0.000980431
0.000881524
0.000783031
0.000685108
0.000587966
0.000491889
0.00039726
0.000304621
0.000214774
0.000129066
4.98908e-05
-1.47393e-05
-5.90934e-05
0.0236179
0.0234435
0.0232508
0.0230357
0.0227979
0.0225369
0.0222522
0.021943
0.021609
0.0212499
0.0208658
0.020457
0.0200241
0.019568
0.0190896
0.0185903
0.0180716
0.0175354
0.0169838
0.0164189
0.0158433
0.0152594
0.0146701
0.0140783
0.0134868
0.0128988
0.012317
0.0117445
0.0111841
0.0106384
0.0101099
0.00960068
0.0091127
0.00864745
0.00820606
0.00778928
0.00739746
0.00703054
0.00668811
0.00636942
0.00607342
0.00579883
0.00554419
0.00530792
0.00508837
0.00488389
0.00469286
0.00451372
0.00434503
0.00418547
0.00403385
0.00388911
0.00375032
0.0036167
0.00348753
0.00336225
0.00324035
0.00312139
0.003005
0.00289086
0.00277869
0.00266824
0.00255929
0.00245163
0.00234509
0.00223951
0.00213474
0.00203066
0.00192714
0.00182409
0.00172143
0.00161909
0.00151702
0.00141518
0.00131355
0.00121214
0.00111097
0.00101009
0.000909575
0.000809541
0.000710141
0.000611587
0.000514166
0.000418275
0.000324482
0.000233648
0.000147228
6.78782e-05
3.17146e-06
-3.8616e-05
0.0229773
0.0228094
0.0226254
0.0224213
0.0221969
0.0219518
0.0216856
0.0213974
0.0210869
0.0207537
0.0203979
0.0200195
0.0196189
0.0191967
0.0187537
0.018291
0.0178099
0.0173118
0.0167985
0.0162719
0.0157341
0.0151874
0.0146342
0.0140771
0.0135188
0.0129619
0.0124091
0.0118631
0.0113266
0.0108021
0.0102918
0.00979791
0.00932227
0.00886645
0.00843167
0.00801883
0.00762846
0.00726075
0.00691553
0.00659234
0.00629041
0.00600875
0.00574618
0.00550137
0.00527292
0.00505937
0.00485928
0.00467123
0.0044939
0.00432602
0.00416647
0.00401422
0.00386836
0.00372808
0.00359268
0.00346155
0.00333418
0.0032101
0.00308891
0.00297027
0.00285387
0.00273944
0.00262675
0.00251557
0.00240571
0.00229699
0.00218925
0.00208236
0.00197618
0.00187062
0.00176557
0.00166096
0.00155673
0.00145283
0.00134924
0.00124595
0.00114299
0.00104039
0.000938226
0.000836608
0.000735688
0.000635675
0.000536861
0.000439654
0.000344645
0.000252738
0.000165466
8.56353e-05
2.02534e-05
-2.12244e-05
0.0223696
0.0222081
0.0220322
0.0218384
0.0216263
0.0213958
0.0211462
0.0208771
0.0205877
0.0202779
0.0199475
0.0195965
0.0192252
0.0188339
0.0184232
0.0179941
0.0175474
0.0170844
0.0166067
0.0161157
0.0156134
0.0151016
0.0145826
0.0140586
0.013532
0.0130051
0.0124804
0.0119605
0.0114477
0.0109444
0.0104527
0.00997472
0.00951227
0.00906692
0.00863997
0.00823242
0.00784496
0.00747796
0.00713148
0.0068053
0.0064989
0.00621156
0.00594235
0.00569019
0.00545389
0.0052322
0.00502386
0.00482758
0.00464216
0.00446644
0.00429933
0.00413987
0.00398715
0.00384039
0.00369887
0.00356199
0.00342921
0.00330004
0.00317407
0.00305093
0.00293029
0.00281188
0.00269542
0.00258069
0.00246747
0.00235558
0.00224484
0.00213511
0.00202624
0.00191811
0.00181063
0.00170371
0.00159728
0.00149128
0.00138569
0.00128049
0.00117569
0.00107133
0.000967475
0.00086423
0.000761742
0.000660224
0.000559966
0.000461386
0.00036509
0.000272017
0.00018374
0.000103116
3.65008e-05
-6.34084e-06
0.0217919
0.0216366
0.0214685
0.0212842
0.0210835
0.0208663
0.020632
0.02038
0.0201099
0.0198212
0.0195139
0.0191877
0.0188429
0.0184797
0.0180985
0.0177
0.017285
0.0168545
0.0164096
0.0159518
0.0154826
0.0150036
0.0145169
0.0140242
0.0135278
0.0130298
0.0125324
0.0120379
0.0115485
0.0110662
0.0105934
0.0101317
0.00968315
0.00924916
0.00883109
0.00843004
0.00804679
0.00768189
0.00733558
0.00700783
0.00669836
0.00640669
0.0061321
0.00587375
0.00563067
0.0054018
0.00518603
0.00498224
0.00478935
0.00460628
0.00443204
0.0042657
0.00410639
0.00395335
0.00380589
0.00366337
0.00352526
0.00339106
0.00326035
0.00313273
0.00300787
0.00288546
0.00276523
0.00264693
0.00253034
0.00241525
0.00230148
0.00218887
0.00207727
0.00196655
0.00185661
0.00174734
0.00163867
0.00153053
0.0014229
0.00131574
0.00120907
0.0011029
0.000997314
0.000892397
0.000788298
0.000685224
0.00058347
0.000483456
0.000385799
0.000291455
0.000202012
0.000120285
5.19305e-05
6.50622e-06
0.0212416
0.0210924
0.0209317
0.0207563
0.0205662
0.0203613
0.0201409
0.0199047
0.019652
0.0193825
0.0190961
0.0187925
0.0184718
0.0181342
0.0177799
0.0174095
0.0170235
0.0166228
0.0162084
0.0157813
0.015343
0.0148948
0.0144383
0.0139754
0.0135078
0.0130374
0.0125663
0.0120965
0.0116299
0.0111686
0.0107146
0.0102696
0.00983544
0.00941352
0.00900525
0.00861175
0.0082339
0.00787236
0.00752753
0.00719955
0.00688834
0.00659361
0.00631489
0.0060515
0.0058027
0.00556759
0.00534525
0.0051347
0.00493498
0.00474511
0.0045642
0.00439135
0.00422577
0.0040667
0.00391347
0.00376547
0.00362215
0.00348301
0.00334761
0.00321555
0.00308649
0.00296011
0.0028361
0.00271423
0.00259425
0.00247594
0.00235912
0.00224361
0.00212926
0.00201592
0.00190347
0.00179182
0.00168088
0.00157057
0.00146085
0.0013517
0.00124311
0.0011351
0.00102774
0.000921103
0.000815345
0.000710667
0.00060736
0.000505847
0.00040675
0.000311027
0.000220247
0.000137119
6.65755e-05
1.76997e-05
0.0207164
0.020573
0.0204194
0.0202526
0.0200723
0.0198787
0.0196712
0.0194493
0.0192126
0.0189606
0.0186932
0.0184101
0.0181114
0.0177972
0.0174675
0.0171227
0.0167635
0.0163902
0.0160039
0.0156054
0.0151958
0.0147763
0.0143484
0.0139135
0.0134732
0.0130292
0.0125833
0.0121374
0.0116932
0.0112525
0.0108173
0.0103891
0.0099697
0.00956045
0.00916273
0.00877769
0.00840629
0.00804924
0.00770709
0.00738012
0.00706842
0.00677188
0.00649019
0.0062229
0.00596941
0.00572903
0.00550098
0.00528444
0.00507856
0.00488249
0.00469538
0.00451645
0.00434493
0.00418012
0.00402136
0.00386806
0.00371966
0.00357569
0.00343569
0.00329926
0.00316604
0.00303571
0.00290795
0.00278251
0.00265914
0.00253761
0.00241772
0.00229929
0.00218216
0.00206617
0.0019512
0.00183714
0.00172388
0.00161137
0.00149954
0.00138835
0.00127781
0.00116792
0.00105873
0.000950337
0.000842873
0.000736539
0.000631623
0.000528544
0.000427922
0.000330705
0.000238415
0.000153601
8.04791e-05
2.75493e-05
0.0202142
0.0200766
0.0199298
0.0197709
0.0195999
0.0194168
0.0192212
0.0190125
0.0187903
0.0185544
0.0183044
0.0180401
0.0177614
0.0174685
0.0171613
0.0168401
0.0165053
0.0161574
0.015797
0.015425
0.0150421
0.0146494
0.0142482
0.0138397
0.0134252
0.0130064
0.0125847
0.0121618
0.0117393
0.0113189
0.0109023
0.010491
0.0100866
0.00969042
0.00930388
0.00892808
0.00856402
0.00821249
0.00787411
0.0075493
0.00723827
0.00694106
0.00665755
0.00638744
0.0061303
0.0058856
0.00565272
0.00543097
0.00521963
0.00501795
0.00482518
0.00464062
0.00446354
0.0042933
0.00412927
0.00397088
0.00381759
0.00366892
0.00352443
0.00338371
0.00324639
0.00311215
0.00298067
0.00285169
0.00272493
0.00260018
0.00247723
0.00235587
0.00223594
0.00211728
0.00199976
0.00188326
0.00176767
0.00165291
0.00153893
0.00142568
0.00131314
0.00120133
0.00109028
0.000980086
0.000870869
0.000762826
0.000656241
0.000551528
0.000449294
0.000350465
0.000256491
0.000169726
9.36913e-05
3.63044e-05
0.0197331
0.0196011
0.0194608
0.0193094
0.0191471
0.0189738
0.0187892
0.0185927
0.018384
0.0181628
0.0179287
0.0176816
0.0174213
0.0171478
0.0168613
0.0165617
0.0162494
0.0159248
0.0155884
0.0152408
0.0148827
0.0145151
0.0141389
0.0137552
0.0133652
0.0129702
0.0125716
0.0121708
0.0117694
0.0113688
0.0109704
0.0105759
0.0101867
0.00980395
0.00942908
0.00906318
0.00870725
0.00836213
0.0080285
0.00770688
0.0073976
0.00710082
0.00681656
0.00654467
0.00628488
0.00603681
0.00579996
0.00557379
0.0053577
0.00515104
0.00495318
0.00476346
0.00458124
0.00440592
0.00423691
0.00407367
0.00391568
0.00376248
0.00361363
0.00346872
0.0033274
0.00318931
0.00305416
0.00292166
0.00279155
0.00266359
0.00253756
0.00241328
0.00229054
0.0021692
0.00204911
0.00193015
0.0018122
0.00169518
0.00157902
0.00146366
0.0013491
0.00123533
0.00112238
0.00101034
0.000899317
0.000789513
0.000681199
0.000574779
0.000470843
0.00037028
0.000274452
0.00018549
0.000106265
4.41659e-05
0.0192714
0.0191448
0.0190107
0.0188666
0.0187125
0.0185484
0.018374
0.0181888
0.0179925
0.0177847
0.0175653
0.0173339
0.0170905
0.0168349
0.0165673
0.0162876
0.015996
0.0156929
0.0153786
0.0150536
0.0147186
0.0143743
0.0140214
0.013661
0.0132941
0.0129217
0.0125451
0.0121656
0.0117844
0.011403
0.0110227
0.0106448
0.0102707
0.00990162
0.00953879
0.00918331
0.00883617
0.00849823
0.00817023
0.00785274
0.0075462
0.00725086
0.00696687
0.0066942
0.00643272
0.00618218
0.00594223
0.00571243
0.00549231
0.00528133
0.00507894
0.00488457
0.00469766
0.00451763
0.00434397
0.00417616
0.0040137
0.00385616
0.0037031
0.00355414
0.0034089
0.00326706
0.00312829
0.00299233
0.00285889
0.00272775
0.00259867
0.00247146
0.00234592
0.00222189
0.00209922
0.00197778
0.00185745
0.00173814
0.00161977
0.00150228
0.00138566
0.00126989
0.001155
0.00104107
0.0009282
0.000816582
0.000706478
0.000598277
0.000492546
0.000390129
0.000292281
0.000200899
0.000118253
5.12949e-05
0.0188275
0.0187062
0.0185781
0.0184409
0.0182944
0.0181389
0.0179741
0.0177994
0.0176146
0.0174193
0.0172133
0.0169964
0.0167685
0.0165294
0.0162791
0.0160177
0.0157452
0.0154619
0.015168
0.0148641
0.0145505
0.0142278
0.0138968
0.0135582
0.0132129
0.012862
0.0125063
0.0121471
0.0117855
0.0114226
0.0110599
0.0106984
0.0103394
0.00998402
0.0096335
0.00928884
0.00895104
0.00862095
0.00829934
0.00798682
0.0076839
0.00739094
0.00710816
0.00683566
0.00657341
0.0063213
0.00607908
0.00584645
0.00562302
0.00540838
0.00520206
0.00500357
0.00481242
0.0046281
0.00445014
0.00427805
0.00411138
0.00394971
0.00379263
0.00363976
0.00349073
0.00334523
0.00320294
0.00306357
0.00292686
0.00279256
0.00266046
0.00253034
0.002402
0.00227529
0.00215003
0.0020261
0.00190338
0.00178175
0.00166115
0.00154151
0.0014228
0.00130499
0.00118813
0.00107226
0.000957499
0.000844013
0.000732056
0.000622
0.000514382
0.000409989
0.000309963
0.000215961
0.000129708
5.78208e-05
0.0183999
0.0182838
0.0181615
0.0180308
0.0178917
0.0177443
0.0175883
0.0174234
0.0172492
0.0170655
0.016872
0.0166685
0.0164548
0.0162309
0.0159966
0.015752
0.0154971
0.015232
0.0149571
0.0146726
0.0143788
0.0140763
0.0137657
0.0134476
0.0131227
0.012792
0.0124562
0.0121163
0.0117734
0.0114286
0.0110829
0.0107374
0.0103934
0.0100518
0.00971371
0.0093802
0.00905217
0.00873048
0.00841591
0.00810911
0.00781062
0.00752088
0.00724019
0.00696874
0.00670661
0.00645377
0.0062101
0.00597541
0.00574941
0.00553177
0.00532212
0.00512006
0.00492515
0.00473697
0.00455508
0.00437905
0.00420845
0.0040429
0.003882
0.00372538
0.00357272
0.00342367
0.00327794
0.00313525
0.00299533
0.00285794
0.00272285
0.00258984
0.00245872
0.00232933
0.00220149
0.00207507
0.00194994
0.00182599
0.00170314
0.00158132
0.00146048
0.00134062
0.00122174
0.0011039
0.000987192
0.000871784
0.000757912
0.000645925
0.000536328
0.000429841
0.000327487
0.000230686
0.00014068
6.38476e-05
0.0179875
0.0178764
0.0177597
0.0176351
0.0175029
0.0173632
0.0172156
0.0170598
0.0168956
0.0167226
0.0165406
0.0163495
0.016149
0.015939
0.0157195
0.0154903
0.0152517
0.0150035
0.0147461
0.0144795
0.0142042
0.0139206
0.013629
0.01333
0.0130243
0.0127126
0.0123956
0.0120742
0.0117492
0.0114217
0.0110925
0.0107628
0.0104334
0.0101055
0.00977999
0.00945781
0.00913989
0.00882707
0.0085201
0.00821965
0.00792632
0.00764056
0.00736277
0.00709319
0.00683199
0.00657925
0.00633493
0.00609892
0.00587105
0.00565108
0.00543872
0.00523364
0.00503549
0.0048439
0.00465848
0.00447885
0.00430463
0.00413545
0.00397096
0.0038108
0.00365466
0.00350221
0.00335317
0.00320725
0.0030642
0.00292376
0.00278573
0.00264987
0.00251601
0.00238395
0.00225354
0.00212463
0.00199709
0.0018708
0.00174569
0.00162166
0.00149868
0.00137673
0.0012558
0.00113594
0.00101725
0.000899872
0.000784022
0.00067003
0.00055836
0.000449666
0.000344844
0.000245088
0.000151216
6.94587e-05
0.017589
0.0174827
0.0173713
0.0172528
0.0171271
0.0169946
0.0168549
0.0167076
0.0165526
0.0163896
0.0162184
0.0160387
0.0158504
0.0156533
0.0154474
0.0152327
0.015009
0.0147765
0.0145352
0.0142854
0.0140272
0.013761
0.0134872
0.0132062
0.0129185
0.0126247
0.0123255
0.0120216
0.0117138
0.0114029
0.0110897
0.0107752
0.0104603
0.0101459
0.00983288
0.00952217
0.00921461
0.008911
0.00861209
0.00831856
0.008031
0.00774992
0.00747574
0.0072088
0.00694931
0.00669743
0.00645321
0.00621662
0.00598759
0.00576594
0.00555148
0.00534395
0.00514307
0.00494852
0.00475999
0.00457714
0.00439962
0.00422711
0.00405928
0.00389579
0.00373635
0.00358066
0.00342844
0.0032794
0.00313331
0.00298992
0.002849
0.00271035
0.00257377
0.00243908
0.00230611
0.00217472
0.00204477
0.00191614
0.00178875
0.00166251
0.00153737
0.00141329
0.00129028
0.00116838
0.00104766
0.00092825
0.000810362
0.000694291
0.000580458
0.000469447
0.000362027
0.00025918
0.000161357
7.47216e-05
0.0172033
0.0171017
0.0169955
0.0168826
0.0167632
0.0166375
0.0165052
0.016366
0.0162196
0.0160659
0.0159046
0.0157356
0.0155586
0.0153735
0.0151803
0.0149788
0.014769
0.0145509
0.0143247
0.0140903
0.0138481
0.0135982
0.0133409
0.0130767
0.0128059
0.012529
0.0122466
0.0119594
0.0116679
0.0113729
0.0110751
0.0107755
0.0104747
0.0101735
0.00987298
0.00957377
0.00927672
0.0089826
0.00869213
0.00840597
0.00812473
0.00784893
0.00757903
0.00731541
0.00705834
0.00680804
0.00656464
0.00632818
0.00609866
0.00587598
0.00566003
0.00545062
0.00524753
0.00505051
0.0048593
0.00467361
0.00449314
0.00431761
0.0041467
0.00398012
0.0038176
0.00365884
0.00350358
0.00335156
0.00320253
0.00305627
0.00291255
0.00277116
0.00263191
0.00249462
0.00235912
0.00222527
0.00209292
0.00196196
0.00183229
0.00170382
0.00157649
0.00145028
0.00132516
0.00120117
0.00107837
0.000956891
0.000836904
0.000718681
0.000602599
0.000489167
0.000379031
0.000272978
0.000171143
7.96906e-05
0.0168294
0.0167324
0.0166311
0.0165237
0.0164103
0.016291
0.0161657
0.016034
0.0158958
0.0157508
0.0155988
0.0154396
0.0152732
0.0150992
0.0149177
0.0147285
0.0145316
0.0143269
0.0141146
0.0138947
0.0136672
0.0134325
0.0131907
0.0129422
0.0126872
0.0124263
0.0121598
0.0118883
0.0116123
0.0113325
0.0110496
0.0107643
0.0104772
0.0101891
0.00990086
0.00961313
0.00932668
0.00904224
0.00876049
0.00848208
0.00820762
0.00793763
0.0076726
0.00741292
0.00715892
0.00691088
0.00666897
0.0064333
0.00620394
0.00598087
0.00576402
0.00555329
0.00534852
0.00514952
0.00495607
0.00476795
0.0045849
0.00440665
0.00423296
0.00406355
0.00389816
0.00373653
0.0035784
0.00342354
0.00327171
0.00312268
0.00297625
0.00283219
0.00269033
0.00255049
0.0024125
0.00227621
0.00214148
0.00200819
0.00187624
0.00174554
0.00161602
0.00148764
0.00136039
0.00123428
0.00110937
0.000985764
0.00086362
0.000743176
0.000624762
0.000508811
0.000395853
0.000286496
0.000180608
8.44098e-05
0.0164665
0.0163739
0.0162774
0.0161752
0.0160674
0.0159543
0.0158356
0.015711
0.0155804
0.0154436
0.0153003
0.0151503
0.0149936
0.01483
0.0146594
0.0144816
0.0142967
0.0141045
0.0139051
0.0136986
0.0134849
0.0132644
0.013037
0.0128032
0.0125631
0.0123171
0.0120656
0.011809
0.0115478
0.0112826
0.0110139
0.0107423
0.0104686
0.0101933
0.00991711
0.00964076
0.00936493
0.00909029
0.00881748
0.00854713
0.00827983
0.0080161
0.00775644
0.00750126
0.00725094
0.00700576
0.00676597
0.00653173
0.00630315
0.00608029
0.00586314
0.00565164
0.00544571
0.00524521
0.00504999
0.00485985
0.00467458
0.00449398
0.00431781
0.00414583
0.00397782
0.00381353
0.00365273
0.00349519
0.00334069
0.00318901
0.00303996
0.00289333
0.00274893
0.00260659
0.00246615
0.00232746
0.00219037
0.00205477
0.00192055
0.00178761
0.00165589
0.00152534
0.00139593
0.00126768
0.00114062
0.00101484
0.000890481
0.00076775
0.000646924
0.000528365
0.00041249
0.000299748
0.000189784
8.8915e-05
0.0161137
0.0160254
0.0159334
0.0158363
0.0157339
0.0156266
0.0155142
0.0153963
0.0152729
0.0151436
0.0150085
0.0148672
0.0147196
0.0145656
0.0144051
0.014238
0.0140642
0.0138836
0.0136963
0.0135022
0.0133014
0.013094
0.0128802
0.0126601
0.012434
0.012202
0.0119647
0.0117222
0.011475
0.0112237
0.0109686
0.0107104
0.0104495
0.0101866
0.00992231
0.00965722
0.00939196
0.00912717
0.00886344
0.00860138
0.00834155
0.00808446
0.00783061
0.00758043
0.0073343
0.00709255
0.00685546
0.00662324
0.00639604
0.00617397
0.00595708
0.00574536
0.00553879
0.00533729
0.00514074
0.004949
0.00476191
0.0045793
0.00440097
0.00422672
0.00405634
0.00388962
0.00372634
0.0035663
0.00340929
0.0032551
0.00310355
0.00295443
0.00280758
0.00266282
0.00251999
0.00237893
0.00223952
0.00210163
0.00196515
0.00182998
0.00169606
0.00156332
0.00143174
0.00130131
0.00117207
0.00104408
0.000917455
0.000792374
0.000669064
0.000547815
0.000428941
0.000312748
0.000198698
9.32354e-05
0.0157702
0.015686
0.0155986
0.0155062
0.015409
0.0153073
0.0152007
0.0150892
0.0149725
0.0148505
0.014723
0.0145898
0.0144507
0.0143058
0.0141547
0.0139975
0.013834
0.0136643
0.0134882
0.0133057
0.0131169
0.0129219
0.0127207
0.0125134
0.0123004
0.0120817
0.0118576
0.0116285
0.0113947
0.0111565
0.0109145
0.010669
0.0104206
0.0101698
0.00991704
0.00966302
0.00940824
0.00915329
0.00889874
0.00864513
0.008393
0.00814287
0.0078952
0.00765044
0.00740898
0.00717118
0.00693732
0.00670766
0.00648239
0.00626166
0.00604557
0.00583417
0.00562747
0.00542544
0.00522802
0.00503511
0.0048466
0.00466234
0.00448218
0.00430596
0.00413348
0.00396457
0.00379904
0.00363669
0.00347734
0.00332079
0.00316686
0.00301538
0.00286616
0.00271905
0.00257389
0.00243054
0.00228884
0.00214869
0.00200997
0.00187259
0.00173647
0.00160154
0.00146777
0.00133515
0.00120369
0.00107344
0.00094451
0.000817021
0.00069116
0.000567147
0.000445203
0.000325509
0.000207373
9.73949e-05
0.0154355
0.0153553
0.0152721
0.0151843
0.0150921
0.0149956
0.0148947
0.0147892
0.0146789
0.0145636
0.0144433
0.0143176
0.0141866
0.0140501
0.0139079
0.0137599
0.0136061
0.0134464
0.0132808
0.0131092
0.0129316
0.0127481
0.0125587
0.0123635
0.0121627
0.0119565
0.011745
0.0115285
0.0113073
0.0110817
0.0108521
0.0106189
0.0103825
0.0101433
0.00990188
0.0096587
0.00941427
0.00916911
0.00892374
0.00867869
0.00843445
0.00819151
0.00795035
0.00771137
0.007475
0.00724158
0.00701144
0.00678484
0.00656202
0.00634315
0.00612838
0.0059178
0.00571147
0.00550939
0.00531155
0.0051179
0.00492836
0.00474283
0.00456119
0.0043833
0.00420901
0.00403818
0.00387062
0.00370616
0.00354465
0.0033859
0.00322974
0.00307601
0.00292454
0.00277518
0.00262777
0.00248217
0.00233824
0.00219587
0.00205494
0.00191536
0.00177705
0.00163993
0.00150396
0.00136913
0.00123543
0.0011029
0.000971612
0.000841662
0.000713189
0.000586349
0.000461275
0.00033804
0.00021583
0.000101413
0.0151088
0.0150325
0.0149534
0.0148701
0.0147826
0.0146911
0.0145956
0.0144958
0.0143915
0.0142826
0.014169
0.0140505
0.013927
0.0137983
0.0136644
0.0135251
0.0133804
0.0132301
0.0130742
0.0129127
0.0127456
0.0125729
0.0123945
0.0122107
0.0120214
0.0118269
0.0116273
0.0114227
0.0112135
0.0109998
0.0107821
0.0105606
0.0103357
0.0101078
0.00987738
0.00964479
0.00941052
0.00917505
0.00893885
0.00870241
0.00846618
0.00823063
0.00799621
0.00776333
0.0075324
0.00730376
0.00707776
0.00685469
0.00663478
0.00641827
0.00620531
0.00599603
0.00579053
0.00558887
0.00539106
0.00519709
0.00500692
0.00482049
0.00463772
0.00445849
0.00428269
0.00411019
0.00394085
0.00377452
0.00361104
0.00345026
0.00329203
0.00313619
0.00298258
0.00283107
0.00268149
0.00253372
0.00238762
0.00224308
0.00209998
0.00195823
0.00181774
0.00167843
0.00154027
0.00140321
0.00126726
0.00113241
0.000998725
0.000866268
0.00073513
0.000605407
0.000477153
0.000350352
0.000224086
0.000105305
0.0147898
0.0147172
0.0146421
0.0145629
0.01448
0.0143933
0.0143029
0.0142084
0.0141099
0.014007
0.0138998
0.013788
0.0136715
0.0135503
0.0134241
0.0132929
0.0131566
0.0130152
0.0128685
0.0127165
0.0125591
0.0123965
0.0122285
0.0120553
0.0118769
0.0116934
0.0115049
0.0113116
0.0111137
0.0109114
0.010705
0.0104947
0.0102809
0.0100639
0.00984409
0.00962181
0.0093975
0.00917158
0.00894448
0.00871664
0.00848849
0.00826047
0.00803299
0.00780645
0.00758126
0.00735775
0.00713628
0.00691713
0.00670058
0.00648686
0.00627617
0.00606866
0.00586445
0.00566365
0.0054663
0.00527243
0.00508203
0.00489508
0.00471152
0.00453128
0.00435428
0.0041804
0.00400953
0.00384154
0.00367631
0.0035137
0.00335356
0.00319576
0.00304014
0.00288658
0.00273494
0.00258508
0.00243688
0.00229022
0.002145
0.00200111
0.00185846
0.00171699
0.00157663
0.00143734
0.00129911
0.00116193
0.00102581
0.000890806
0.000756958
0.000624307
0.000492836
0.000362451
0.000232155
0.000109085
0.0144778
0.0144089
0.0143375
0.0142624
0.0141838
0.0141017
0.0140161
0.0139268
0.0138337
0.0137365
0.0136353
0.0135298
0.01342
0.0133057
0.0131868
0.0130632
0.0129349
0.0128017
0.0126635
0.0125204
0.0123723
0.0122191
0.0120609
0.0118976
0.0117294
0.0115563
0.0113783
0.0111957
0.0110085
0.010817
0.0106214
0.0104218
0.0102186
0.0100121
0.00980253
0.00959027
0.00937569
0.00915915
0.00894105
0.00872177
0.00850172
0.0082813
0.0080609
0.00784091
0.0076217
0.00740362
0.007187
0.00697215
0.00675935
0.00654883
0.00634082
0.00613551
0.00593303
0.00573352
0.00553705
0.00534368
0.00515345
0.00496634
0.00478236
0.00460144
0.00442353
0.00424856
0.00407643
0.00390704
0.00374028
0.00357602
0.00341415
0.00325454
0.00309707
0.00294159
0.00278798
0.00263613
0.00248591
0.0023372
0.0021899
0.00204391
0.00189914
0.00175552
0.00161298
0.00147146
0.00133094
0.0011914
0.00105283
0.000915246
0.000778651
0.000643034
0.000508318
0.000374344
0.000240049
0.000112763
0.0141725
0.0141071
0.0140394
0.0139682
0.0138937
0.013816
0.013735
0.0136506
0.0135626
0.0134708
0.0133753
0.0132757
0.0131722
0.0130644
0.0129524
0.012836
0.0127151
0.0125896
0.0124595
0.0123247
0.0121852
0.0120409
0.0118918
0.0117379
0.0115793
0.0114159
0.0112479
0.0110753
0.0108984
0.0107171
0.0105317
0.0103424
0.0101493
0.00995287
0.00975322
0.00955068
0.00934557
0.00913822
0.00892897
0.00871817
0.00850621
0.00829343
0.00808021
0.00786691
0.00765389
0.00744147
0.00722999
0.00701975
0.00681104
0.0066041
0.00639917
0.00619645
0.0059961
0.00579828
0.0056031
0.00541063
0.00522094
0.00503406
0.00484999
0.00466873
0.00449024
0.00431447
0.00414134
0.0039708
0.00380273
0.00363704
0.00347364
0.00331239
0.0031532
0.00299594
0.00284049
0.00268675
0.00253459
0.00238391
0.00223459
0.00208656
0.0019397
0.00179396
0.00164924
0.00150551
0.0013627
0.00122079
0.00107975
0.000939554
0.000800183
0.000661573
0.000523594
0.000386034
0.000247777
0.000116347
0.0138735
0.0138114
0.0137473
0.0136799
0.0136093
0.0135358
0.0134592
0.0133794
0.0132962
0.0132096
0.0131194
0.0130255
0.0129279
0.0128263
0.0127207
0.012611
0.0124971
0.0123789
0.0122564
0.0121294
0.011998
0.011862
0.0117215
0.0115764
0.0114268
0.0112727
0.011114
0.010951
0.0107836
0.0106121
0.0104364
0.0102569
0.0100736
0.00988676
0.00969666
0.00950352
0.00930761
0.00910922
0.00890866
0.00870625
0.00850231
0.00829717
0.00809119
0.00788468
0.00767799
0.00747144
0.00726533
0.00705998
0.00685566
0.00665263
0.00645113
0.00625137
0.00605353
0.00585779
0.00566427
0.00547308
0.00528431
0.00509801
0.00491421
0.00473294
0.00455417
0.00437789
0.00420406
0.00403261
0.00386348
0.00369658
0.00353183
0.00336913
0.00320839
0.00304949
0.00289233
0.00273681
0.00258281
0.00243023
0.00227898
0.00212895
0.00198006
0.00183222
0.00168536
0.00153942
0.00139433
0.00125004
0.00110651
0.000963696
0.000821528
0.000679908
0.000538659
0.000397523
0.000255346
0.000119844
0.0135805
0.0135217
0.0134609
0.0133971
0.0133304
0.0132608
0.0131884
0.013113
0.0130345
0.0129527
0.0128676
0.012779
0.0126869
0.0125912
0.0124916
0.0123883
0.012281
0.0121696
0.0120542
0.0119346
0.0118107
0.0116826
0.0115502
0.0114134
0.0112723
0.0111268
0.010977
0.010823
0.0106648
0.0105024
0.010336
0.0101658
0.0099918
0.00981425
0.00963334
0.00944927
0.00926228
0.00907263
0.00888057
0.00868639
0.00849039
0.00829286
0.00809411
0.00789446
0.00769422
0.00749368
0.00729315
0.00709292
0.00689325
0.00669442
0.00649666
0.0063002
0.00610522
0.00591191
0.00572041
0.00553086
0.00534336
0.00515799
0.00497481
0.00479385
0.00461512
0.00443864
0.00426437
0.00409228
0.00392232
0.00375444
0.00358856
0.0034246
0.00326247
0.00310209
0.00294335
0.00278617
0.00263044
0.00247606
0.00232295
0.00217099
0.00202012
0.00187023
0.00172126
0.00157312
0.00142576
0.0012791
0.00113309
0.000987636
0.000842661
0.000698022
0.000553504
0.000408812
0.000262761
0.000123259
0.0132933
0.0132376
0.0131801
0.0131197
0.0130566
0.0129908
0.0129224
0.0128512
0.0127771
0.0126999
0.0126196
0.0125361
0.0124492
0.012359
0.0122652
0.0121678
0.0120667
0.0119618
0.011853
0.0117403
0.0116236
0.0115029
0.0113781
0.0112491
0.011116
0.0109787
0.0108373
0.0106918
0.0105421
0.0103885
0.010231
0.0100696
0.00990448
0.00973581
0.00956372
0.0093884
0.00921004
0.00902887
0.00884511
0.008659
0.00847082
0.00828083
0.00808931
0.00789653
0.0077028
0.00750839
0.00731358
0.00711866
0.00692388
0.0067295
0.00653576
0.00634289
0.00615109
0.00596054
0.0057714
0.00558383
0.00539794
0.00521384
0.00503159
0.00485127
0.00467289
0.0044965
0.00432207
0.00414961
0.00397908
0.00381044
0.00364364
0.00347861
0.00331528
0.00315358
0.00299341
0.0028347
0.00267736
0.00252128
0.00236639
0.00221259
0.00205979
0.0019079
0.00175685
0.00160656
0.00145694
0.00130792
0.00115942
0.00101134
0.000863552
0.000715896
0.000568119
0.000419898
0.000270026
0.000126594
0.0130116
0.0129589
0.0129045
0.0128474
0.0127877
0.0127256
0.012661
0.0125938
0.0125238
0.012451
0.0123753
0.0122965
0.0122147
0.0121296
0.0120412
0.0119494
0.0118542
0.0117553
0.0116529
0.0115467
0.0114368
0.011323
0.0112053
0.0110837
0.0109581
0.0108286
0.0106951
0.0105576
0.0104161
0.0102708
0.0101216
0.00996869
0.00981207
0.00965188
0.00948827
0.00932137
0.00915135
0.00897839
0.0088027
0.0086245
0.00844399
0.00826144
0.00807709
0.00789118
0.007704
0.00751579
0.00732682
0.00713735
0.00694764
0.00675793
0.00656845
0.00637944
0.00619109
0.0060036
0.00581714
0.00563187
0.00544791
0.0052654
0.00508441
0.00490502
0.0047273
0.00455129
0.00437699
0.00420442
0.00403357
0.0038644
0.0036969
0.003531
0.00336666
0.00320381
0.00304237
0.00288227
0.00272343
0.00256577
0.00240919
0.00225362
0.00209897
0.00194515
0.00179207
0.00163965
0.00148781
0.00133645
0.00118547
0.00103476
0.000884174
0.000733511
0.000582494
0.00043078
0.000277141
0.000129854
0.0127352
0.0126854
0.012634
0.01258
0.0125237
0.0124651
0.0124041
0.0123407
0.0122746
0.012206
0.0121346
0.0120603
0.0119832
0.011903
0.0118197
0.0117333
0.0116435
0.0115504
0.0114539
0.0113539
0.0112503
0.011143
0.0110321
0.0109174
0.010799
0.0106767
0.0105507
0.0104208
0.0102871
0.0101496
0.0100084
0.00986352
0.00971498
0.00956292
0.00940742
0.00924861
0.00908663
0.00892163
0.00875378
0.00858327
0.00841029
0.00823506
0.00805779
0.00787871
0.00769807
0.0075161
0.00733305
0.00714915
0.00696466
0.00677979
0.00659479
0.00640986
0.00622523
0.00604107
0.00585756
0.00567488
0.00549316
0.00531253
0.0051331
0.00495496
0.00477819
0.00460283
0.00442894
0.00425652
0.0040856
0.00391615
0.00374817
0.00358162
0.00341645
0.00325262
0.00309007
0.00292873
0.00276853
0.0026094
0.00245125
0.002294
0.00213757
0.00198187
0.00182682
0.00167233
0.00151829
0.00136462
0.00121119
0.00105787
0.000904495
0.000750845
0.000596617
0.000441451
0.000284106
0.000133039
0.0124641
0.012417
0.0123684
0.0123175
0.0122643
0.012209
0.0121515
0.0120917
0.0120294
0.0119647
0.0118974
0.0118274
0.0117547
0.0116792
0.0116007
0.0115193
0.0114348
0.0113471
0.0112561
0.0111619
0.0110643
0.0109632
0.0108586
0.0107505
0.0106388
0.0105234
0.0104044
0.0102818
0.0101554
0.0100254
0.00989174
0.00975447
0.00961365
0.00946934
0.00932161
0.00917057
0.00901633
0.00885902
0.00869876
0.00853574
0.0083701
0.00820205
0.00803176
0.00785945
0.00768532
0.0075096
0.0073325
0.00715426
0.00697509
0.00679521
0.00661485
0.00643422
0.00625351
0.00607292
0.00589263
0.0057128
0.00553359
0.00535513
0.00517755
0.00500094
0.0048254
0.00465099
0.00447776
0.00430576
0.00413501
0.00396552
0.00379728
0.00363028
0.00346449
0.00329987
0.00313638
0.00297395
0.00281253
0.00265205
0.00249243
0.00233361
0.00217549
0.00201799
0.00186103
0.00170451
0.00154833
0.00139237
0.00123652
0.00108062
0.000924484
0.000767876
0.000610473
0.000451904
0.00029092
0.00013615
0.0121981
0.0121536
0.0121078
0.0120597
0.0120096
0.0119574
0.0119032
0.0118468
0.0117881
0.0117271
0.0116637
0.0115978
0.0115293
0.0114582
0.0113843
0.0113076
0.0112279
0.0111453
0.0110597
0.0109709
0.0108789
0.0107837
0.0106851
0.0105832
0.0104778
0.010369
0.0102566
0.0101408
0.0100214
0.00989842
0.00977194
0.00964194
0.00950846
0.00937155
0.00923127
0.00908768
0.00894088
0.00879097
0.00863807
0.0084823
0.00832383
0.00816279
0.00799936
0.00783371
0.00766605
0.00749655
0.00732542
0.00715288
0.00697911
0.00680434
0.00662876
0.00645258
0.00627599
0.00609918
0.00592232
0.0057456
0.00556915
0.00539313
0.00521766
0.00504285
0.0048688
0.0046956
0.00452331
0.00435198
0.00418166
0.00401235
0.00384409
0.00367685
0.00351063
0.00334541
0.00318114
0.00301778
0.00285529
0.00269359
0.00253263
0.00237233
0.00221262
0.00205341
0.00189461
0.00173612
0.00157784
0.00141965
0.00126142
0.00110297
0.000944109
0.00078458
0.000624048
0.000462133
0.000297579
0.000139186
0.0119371
0.0118952
0.0118519
0.0118066
0.0117594
0.0117102
0.0116591
0.0116059
0.0115507
0.0114932
0.0114335
0.0113714
0.0113069
0.0112399
0.0111704
0.0110981
0.0110231
0.0109454
0.0108647
0.0107811
0.0106944
0.0106047
0.0105118
0.0104157
0.0103163
0.0102136
0.0101076
0.00999813
0.0098853
0.00976906
0.00964939
0.00952631
0.00939983
0.00926997
0.00913679
0.00900034
0.00886069
0.00871791
0.00857211
0.00842338
0.00827185
0.00811766
0.00796094
0.00780186
0.00764057
0.00747725
0.00731208
0.00714524
0.00697693
0.00680734
0.00663665
0.00646505
0.00629274
0.00611989
0.00594668
0.00577326
0.00559981
0.00542646
0.00525335
0.00508059
0.0049083
0.00473656
0.00456545
0.00439504
0.00422538
0.0040565
0.00388843
0.00372117
0.00355473
0.00338909
0.00322422
0.0030601
0.00289668
0.00273391
0.00257173
0.00241007
0.00224886
0.00208802
0.00192746
0.00176708
0.00160677
0.0014464
0.00128583
0.00112488
0.000963335
0.000800933
0.000637326
0.000472127
0.000304078
0.000142146
0.0116811
0.0116416
0.0116009
0.0115582
0.0115137
0.0114673
0.0114192
0.0113692
0.0113171
0.011263
0.0112068
0.0111483
0.0110876
0.0110246
0.0109591
0.010891
0.0108205
0.0107472
0.0106713
0.0105925
0.0105109
0.0104263
0.0103388
0.0102482
0.0101544
0.0100576
0.00995748
0.00985415
0.00974756
0.00963766
0.00952446
0.00940795
0.00928812
0.009165
0.00903861
0.00890898
0.00877618
0.00864026
0.00850129
0.00835937
0.00821458
0.00806705
0.00791689
0.00776423
0.00760922
0.007452
0.00729275
0.00713162
0.00696878
0.00680441
0.00663868
0.00647178
0.00630387
0.00613513
0.00596573
0.00579582
0.00562556
0.00545511
0.00528458
0.00511411
0.0049438
0.00477377
0.00460408
0.00443483
0.00426606
0.00409783
0.00393017
0.00376311
0.00359664
0.00343077
0.00326549
0.00310077
0.00293658
0.00277288
0.00260961
0.00244671
0.00228412
0.00212175
0.00195951
0.00179732
0.00163504
0.00147255
0.0013097
0.0011463
0.000982129
0.000816909
0.000650287
0.000481875
0.000310413
0.000145029
0.0114302
0.011393
0.0113546
0.0113144
0.0112725
0.0112289
0.0111836
0.0111365
0.0110875
0.0110366
0.0109836
0.0109286
0.0108715
0.0108121
0.0107505
0.0106865
0.01062
0.0105511
0.0104795
0.0104054
0.0103285
0.0102488
0.0101663
0.0100809
0.00999253
0.00990115
0.0098067
0.00970914
0.00960844
0.00950457
0.0093975
0.00928722
0.00917373
0.00905701
0.0089371
0.00881401
0.00868777
0.00855843
0.00842604
0.00829068
0.00815242
0.00801135
0.00786757
0.00772119
0.00757234
0.00742114
0.00726773
0.00711227
0.0069549
0.00679578
0.00663506
0.00647292
0.00630952
0.00614501
0.00597956
0.00581332
0.00564643
0.00547906
0.00531132
0.00514335
0.00497525
0.00480714
0.00463911
0.00447124
0.00430359
0.00413623
0.0039692
0.00380253
0.00363624
0.00347034
0.00330482
0.00313967
0.00297487
0.00281039
0.00264616
0.00248215
0.00231829
0.00215449
0.00199068
0.00182674
0.00166258
0.00149804
0.00133298
0.00116719
0.00100045
0.000832482
0.000662914
0.000491366
0.000316577
0.000147831
0.0111843
0.0111492
0.0111132
0.0110753
0.0110359
0.0109948
0.0109522
0.0109079
0.0108618
0.0108139
0.0107641
0.0107123
0.0106586
0.0106027
0.0105447
0.0104845
0.0104219
0.010357
0.0102897
0.0102199
0.0101474
0.0100724
0.00999466
0.00991416
0.00983083
0.00974463
0.0096555
0.0095634
0.00946829
0.00937012
0.00926886
0.0091645
0.00905702
0.00894641
0.00883267
0.00871581
0.00859585
0.00847282
0.00834676
0.00821772
0.00808576
0.00795095
0.00781337
0.00767311
0.00753028
0.00738499
0.00723735
0.0070875
0.00693556
0.00678168
0.006626
0.00646867
0.00630984
0.00614966
0.00598827
0.00582583
0.00566247
0.00549835
0.00533358
0.0051683
0.00500261
0.00483664
0.00467046
0.00450419
0.00433787
0.00417159
0.0040054
0.00383932
0.00367341
0.00350766
0.00334209
0.00317668
0.00301144
0.00284631
0.00268128
0.00251629
0.00235127
0.00218616
0.00202086
0.00185529
0.00168932
0.00152281
0.00135561
0.00118751
0.00101828
0.000847623
0.000675188
0.000500586
0.000322563
0.000150551
0.0109435
0.0109105
0.0108766
0.010841
0.0108039
0.0107653
0.0107252
0.0106835
0.0106401
0.0105951
0.0105482
0.0104996
0.010449
0.0103965
0.0103419
0.0102852
0.0102264
0.0101653
0.0101019
0.0100361
0.00996796
0.00989727
0.00982402
0.00974815
0.00966959
0.00958829
0.00950419
0.00941725
0.00932741
0.00923464
0.0091389
0.00904015
0.00893839
0.00883358
0.00872572
0.00861481
0.00850085
0.00838386
0.00826386
0.0081409
0.00801501
0.00788625
0.00775468
0.00762037
0.00748341
0.0073439
0.00720193
0.0070576
0.00691105
0.00676238
0.00661173
0.00645923
0.00630502
0.00614923
0.005992
0.00583346
0.00567376
0.00551303
0.00535139
0.00518897
0.00502587
0.00486222
0.0046981
0.00453362
0.00436884
0.00420384
0.00403868
0.0038734
0.00370804
0.00354263
0.00337718
0.00321169
0.00304616
0.00288056
0.00271486
0.00254901
0.00238297
0.00221665
0.00204999
0.00188288
0.00171519
0.00154681
0.00137754
0.00120721
0.00103556
0.000862305
0.000687086
0.000509523
0.000328363
0.000153185
0.0107078
0.0106768
0.0106449
0.0106115
0.0105766
0.0105403
0.0105026
0.0104634
0.0104226
0.0103803
0.0103362
0.0102905
0.0102429
0.0101935
0.0101421
0.0100888
0.0100335
0.00997598
0.00991633
0.00985443
0.00979023
0.00972365
0.00965464
0.00958314
0.00950908
0.0094324
0.00935305
0.00927098
0.00918614
0.00909847
0.00900795
0.00891453
0.00881819
0.00871889
0.00861663
0.00851138
0.00840315
0.00829194
0.00817775
0.00806062
0.00794058
0.00781765
0.00769189
0.00756335
0.00743211
0.00729823
0.0071618
0.00702291
0.00688167
0.00673816
0.00659252
0.00644485
0.00629527
0.00614391
0.0059909
0.00583636
0.00568041
0.00552319
0.00536481
0.00520539
0.00504505
0.00488389
0.004722
0.00455949
0.00439643
0.0042329
0.00406896
0.00390467
0.00374006
0.00357517
0.00341001
0.00324461
0.00307895
0.00291302
0.00274679
0.00258024
0.0024133
0.0022459
0.00207798
0.00190943
0.00174014
0.00156996
0.00139873
0.00122625
0.00105227
0.000876501
0.000698591
0.000518162
0.000333968
0.00015573
0.0104774
0.0104483
0.0104183
0.0103869
0.0103541
0.01032
0.0102845
0.0102477
0.0102094
0.0101696
0.0101282
0.0100851
0.0100404
0.00999396
0.00994567
0.00989552
0.00984344
0.00978935
0.00973321
0.00967495
0.00961449
0.00955179
0.00948678
0.00941939
0.00934957
0.00927726
0.00920239
0.00912492
0.0090448
0.00896196
0.00887638
0.00878801
0.0086968
0.00860274
0.00850579
0.00840594
0.00830317
0.00819747
0.00808884
0.00797731
0.00786287
0.00774555
0.0076254
0.00750245
0.00737674
0.00724835
0.00711733
0.00698377
0.00684774
0.00670933
0.00656864
0.00642577
0.00628082
0.00613391
0.00598516
0.00583466
0.00568255
0.00552893
0.00537393
0.00521764
0.00506019
0.00490166
0.00474217
0.0045818
0.00442063
0.00425875
0.00409621
0.00393307
0.00376938
0.00360518
0.0034405
0.00327534
0.00310971
0.00294361
0.00277701
0.00260988
0.00244217
0.00227382
0.00210476
0.00193489
0.00176408
0.00159222
0.00141911
0.00124458
0.00106836
0.000890183
0.000709679
0.000526489
0.000339371
0.000158182
0.0102524
0.010225
0.0101969
0.0101673
0.0101365
0.0101045
0.0100712
0.0100366
0.0100006
0.00996314
0.00992423
0.00988378
0.00984174
0.00979805
0.00975264
0.00970547
0.00965648
0.00960559
0.00955275
0.00949791
0.00944099
0.00938193
0.00932069
0.00925718
0.00919135
0.00912315
0.00905252
0.00897939
0.00890372
0.00882545
0.00874454
0.00866094
0.0085746
0.0084855
0.0083936
0.00829888
0.0082013
0.00810086
0.00799755
0.00789136
0.0077823
0.00767038
0.00755562
0.00743805
0.00731771
0.00719464
0.00706889
0.00694052
0.00680959
0.00667619
0.00654039
0.00640227
0.00626193
0.00611947
0.00597498
0.00582857
0.00568034
0.0055304
0.00537886
0.00522581
0.00507135
0.0049156
0.00475864
0.00460055
0.00444143
0.00428135
0.00412037
0.00395856
0.00379596
0.00363262
0.00346856
0.00330381
0.00313837
0.00297225
0.00280542
0.00263785
0.00246951
0.00230034
0.00213026
0.00195917
0.00178697
0.00161352
0.00143865
0.00126217
0.00108382
0.000903323
0.000720333
0.000534489
0.000344563
0.000160536
0.0100329
0.0100072
0.00998072
0.00995298
0.00992404
0.00989394
0.00986267
0.00983014
0.00979632
0.00976114
0.00972457
0.00968655
0.00964703
0.00960595
0.00956325
0.00951889
0.00947279
0.00942491
0.00937519
0.00932356
0.00926996
0.00921434
0.00915664
0.00909678
0.00903472
0.00897039
0.00890374
0.00883471
0.00876324
0.00868928
0.00861278
0.00853369
0.00845197
0.00836757
0.00828046
0.0081906
0.00809796
0.00800253
0.00790427
0.00780319
0.00769928
0.00759253
0.00748296
0.00737058
0.00725541
0.00713749
0.00701685
0.00689353
0.00676759
0.00663908
0.00650808
0.00637465
0.00623888
0.00610083
0.00596061
0.00581829
0.00567398
0.00552776
0.00537974
0.00523
0.00507865
0.00492577
0.00477145
0.00461578
0.00445884
0.00430071
0.00414144
0.00398111
0.00381975
0.00365742
0.00349415
0.00332997
0.00316487
0.00299887
0.00283195
0.0026641
0.00249526
0.00232538
0.00215441
0.00198223
0.00180875
0.00163383
0.0014573
0.00127897
0.0010986
0.000915897
0.00073053
0.00054215
0.000349534
0.000162791
0.00981901
0.00979489
0.00977003
0.00974398
0.0097168
0.00968853
0.00965915
0.00962859
0.00959681
0.00956376
0.00952939
0.00949365
0.00945649
0.00941786
0.00937771
0.00933598
0.00929262
0.00924757
0.00920076
0.00915216
0.00910169
0.00904929
0.00899491
0.00893849
0.00887997
0.00881929
0.00875639
0.00869122
0.00862371
0.00855381
0.00848148
0.00840665
0.00832928
0.00824933
0.00816675
0.0080815
0.00799356
0.00790288
0.00780945
0.00771324
0.00761424
0.00751244
0.00740783
0.00730044
0.00719025
0.00707729
0.00696159
0.00684318
0.00672209
0.00659836
0.00647206
0.00634324
0.00621195
0.00607828
0.00594229
0.00580405
0.00566366
0.00552119
0.00537673
0.00523037
0.00508219
0.00493227
0.0047807
0.00462756
0.00447292
0.00431686
0.00415944
0.00400072
0.00384075
0.00367958
0.00351724
0.00335376
0.00318916
0.00302342
0.00285656
0.00268855
0.00251934
0.0023489
0.00217715
0.00200401
0.00182937
0.00165309
0.00147502
0.00129496
0.00111267
0.000927879
0.000740254
0.000549457
0.000354277
0.000164941
0.00961097
0.00958832
0.00956497
0.00954051
0.00951498
0.00948842
0.00946082
0.00943211
0.00940225
0.00937118
0.00933888
0.00930528
0.00927035
0.00923402
0.00919626
0.009157
0.0091162
0.0090738
0.00902974
0.00898397
0.00893643
0.00888706
0.00883581
0.00878262
0.00872743
0.00867017
0.0086108
0.00854925
0.00848547
0.0084194
0.00835099
0.00828018
0.00820693
0.00813117
0.00805288
0.007972
0.0078885
0.00780234
0.00771348
0.00762191
0.00752759
0.00743052
0.00733067
0.00722804
0.00712264
0.00701447
0.00690353
0.00678986
0.00667347
0.00655439
0.00643267
0.00630835
0.00618148
0.00605211
0.0059203
0.00578612
0.00564964
0.00551092
0.00537005
0.00522709
0.00508213
0.00493523
0.00478649
0.00463596
0.00448372
0.00432985
0.00417439
0.00401741
0.00385896
0.00369908
0.00353781
0.00337518
0.00321119
0.00304587
0.0028792
0.00271116
0.00254172
0.00237084
0.00219845
0.00202446
0.00184878
0.00167127
0.00149177
0.00131009
0.00112601
0.000939247
0.000749486
0.000556398
0.000358784
0.000166983
0.00940893
0.00938766
0.00936573
0.00934276
0.00931877
0.00929383
0.00926789
0.00924091
0.00921284
0.00918365
0.00915327
0.00912169
0.00908883
0.00905467
0.00901914
0.0089822
0.00894379
0.00890387
0.00886239
0.00881927
0.00877448
0.00872796
0.00867964
0.00862947
0.0085774
0.00852336
0.0084673
0.00840916
0.00834889
0.00828642
0.0082217
0.00815467
0.00808529
0.00801351
0.00793926
0.00786251
0.00778321
0.00770133
0.00761681
0.00752964
0.00743978
0.0073472
0.00725189
0.00715383
0.00705301
0.00694942
0.00684307
0.00673397
0.00662212
0.00650755
0.00639029
0.00627035
0.00614779
0.00602264
0.00589495
0.00576478
0.00563217
0.00549718
0.00535989
0.00522036
0.00507864
0.00493482
0.00478895
0.00464111
0.00449136
0.00433976
0.00418636
0.00403123
0.00387441
0.00371594
0.00355587
0.0033942
0.00323097
0.00306619
0.00289983
0.0027319
0.00256236
0.00239117
0.00221826
0.00204355
0.00186695
0.00168832
0.00150751
0.00132434
0.00113859
0.000949982
0.000758211
0.000562962
0.000363048
0.000168915
0.0092131
0.00919312
0.00917252
0.00915094
0.0091284
0.00910495
0.00908058
0.00905522
0.00902883
0.00900138
0.00897281
0.0089431
0.00891219
0.00888004
0.00884661
0.00881183
0.00877567
0.00873808
0.00869899
0.00865837
0.00861615
0.00857228
0.00852671
0.00847938
0.00843023
0.00837921
0.00832625
0.00827131
0.00821432
0.00815523
0.00809398
0.00803052
0.00796479
0.00789673
0.0078263
0.00775344
0.00767812
0.00760027
0.00751987
0.00743687
0.00735124
0.00726294
0.00717194
0.00707823
0.00698179
0.00688259
0.00678064
0.00667593
0.00656846
0.00645824
0.00634529
0.00622961
0.00611125
0.00599022
0.00586656
0.00574032
0.00561153
0.00548025
0.00534652
0.0052104
0.00507194
0.00493121
0.00478826
0.00464315
0.00449594
0.00434669
0.00419544
0.00404225
0.00388716
0.00373021
0.00357143
0.00341086
0.0032485
0.00308437
0.00291846
0.00275076
0.00258124
0.00240985
0.00223655
0.00206125
0.00188385
0.00170423
0.00152224
0.0013377
0.00115039
0.000960067
0.000766415
0.000569139
0.000367062
0.000170732
0.0090237
0.00900492
0.00898557
0.00896527
0.00894409
0.00892205
0.00889913
0.00887528
0.00885046
0.00882463
0.00879776
0.00876979
0.0087407
0.00871043
0.00867895
0.0086462
0.00861213
0.00857671
0.00853987
0.00850157
0.00846175
0.00842037
0.00837736
0.00833268
0.00828627
0.00823806
0.00818802
0.00813607
0.00808216
0.00802624
0.00796824
0.00790812
0.00784581
0.00778126
0.00771442
0.00764523
0.00757364
0.00749961
0.00742309
0.00734404
0.00726241
0.00717816
0.00709127
0.00700169
0.00690942
0.00681442
0.00671667
0.00661617
0.0065129
0.00640687
0.00629807
0.00618652
0.00607222
0.0059552
0.00583548
0.00571308
0.00558804
0.0054604
0.00533019
0.00519745
0.00506225
0.00492461
0.00478459
0.00464225
0.00449763
0.00435077
0.00420173
0.00405055
0.00389727
0.00374193
0.00358455
0.00342517
0.00326379
0.00310043
0.00293507
0.00276772
0.00259834
0.00242688
0.00225331
0.00207753
0.00189945
0.00171896
0.00153591
0.00135013
0.0011614
0.000969487
0.000774088
0.00057492
0.000370821
0.000172433
0.00884096
0.00882331
0.00880511
0.00878602
0.00876609
0.00874536
0.00872379
0.00870135
0.00867799
0.00865367
0.00862837
0.00860204
0.00857464
0.00854613
0.00851646
0.00848559
0.00845348
0.00842007
0.00838533
0.00834919
0.00831161
0.00827255
0.00823194
0.00818973
0.00814586
0.0081003
0.00805296
0.00800381
0.00795278
0.00789982
0.00784487
0.00778788
0.00772878
0.00766752
0.00760404
0.0075383
0.00747023
0.00739979
0.00732693
0.0072516
0.00717374
0.00709333
0.00701032
0.00692467
0.00683636
0.00674534
0.0066516
0.00655512
0.00645587
0.00635385
0.00624905
0.00614147
0.0060311
0.00591796
0.00580205
0.0056834
0.00556202
0.00543795
0.0053112
0.00518181
0.00504982
0.00491526
0.00477817
0.0046386
0.00449658
0.00435216
0.00420538
0.00405626
0.00390486
0.0037512
0.00359531
0.0034372
0.00327689
0.0031144
0.00294971
0.00278281
0.00261367
0.00244226
0.00226853
0.00209239
0.00191376
0.00173252
0.00154853
0.00136163
0.00117161
0.000978235
0.000781222
0.000580301
0.000374322
0.000174017
0.00866515
0.00864854
0.0086314
0.00861344
0.00859468
0.00857515
0.00855485
0.00853371
0.0085117
0.0084888
0.00846495
0.00844014
0.00841431
0.00838742
0.00835944
0.00833033
0.00830003
0.0082685
0.0082357
0.00820158
0.00816609
0.00812918
0.00809079
0.00805088
0.0080094
0.00796628
0.00792148
0.00787494
0.0078266
0.0077764
0.0077243
0.00767022
0.00761412
0.00755594
0.00749562
0.0074331
0.00736834
0.00730127
0.00723184
0.00716
0.00708571
0.00700892
0.00692957
0.00684764
0.00676307
0.00667583
0.0065859
0.00649324
0.00639783
0.00629964
0.00619866
0.00609488
0.00598829
0.00587889
0.00576668
0.00565165
0.00553383
0.00541323
0.00528986
0.00516376
0.00503493
0.00490341
0.00476923
0.00463242
0.00449301
0.00435104
0.00420653
0.00405953
0.00391005
0.00375813
0.00360378
0.00344703
0.00328788
0.00312633
0.0029624
0.00279605
0.00262726
0.002456
0.00228222
0.00210583
0.00192676
0.00174489
0.00156009
0.00137219
0.00118101
0.000986303
0.000787813
0.000585277
0.000377562
0.000175481
0.00849654
0.00848089
0.00846474
0.00844782
0.00843014
0.00841174
0.00839259
0.00837266
0.00835191
0.00833031
0.00830782
0.00828441
0.00826003
0.00823466
0.00820824
0.00818075
0.00815213
0.00812234
0.00809135
0.0080591
0.00802554
0.00799062
0.00795431
0.00791654
0.00787726
0.00783642
0.00779397
0.00774986
0.00770401
0.00765639
0.00760694
0.00755558
0.00750228
0.00744697
0.00738959
0.00733009
0.00726841
0.0072045
0.00713829
0.00706974
0.00699879
0.00692539
0.00684949
0.00677105
0.00669003
0.00660636
0.00652003
0.006431
0.00633923
0.00624469
0.00614735
0.00604721
0.00594423
0.00583842
0.00572975
0.00561822
0.00550384
0.00538661
0.00526653
0.00514362
0.00501789
0.00488935
0.00475803
0.00462396
0.00448714
0.00434761
0.0042054
0.00406051
0.00391299
0.00376284
0.00361009
0.00345475
0.00329682
0.00313631
0.0029732
0.00280749
0.00263915
0.00246814
0.0022944
0.00211788
0.00193847
0.00175609
0.00157059
0.00138182
0.00118959
0.000993693
0.000793859
0.000589848
0.000380541
0.000176826
0.00833542
0.00832066
0.00830544
0.00828947
0.00827278
0.00825542
0.00823735
0.00821854
0.00819895
0.00817855
0.0081573
0.00813518
0.00811215
0.00808817
0.0080632
0.00803721
0.00801014
0.00798197
0.00795264
0.00792212
0.00789034
0.00785728
0.00782288
0.00778709
0.00774985
0.00771113
0.00767086
0.00762899
0.00758547
0.00754023
0.00749324
0.00744441
0.00739371
0.00734107
0.00728643
0.00722974
0.00717094
0.00710996
0.00704676
0.00698128
0.00691346
0.00684324
0.00677058
0.00669542
0.00661772
0.00653742
0.00645448
0.00636887
0.00628054
0.00618945
0.00609558
0.00599889
0.00589936
0.00579696
0.00569169
0.00558352
0.00547244
0.00535846
0.00524155
0.00512174
0.00499902
0.00487339
0.00474488
0.00461348
0.00447922
0.00434211
0.00420217
0.00405941
0.00391385
0.00376551
0.00361438
0.00346049
0.00330383
0.00314441
0.0029822
0.00281721
0.00264939
0.00247871
0.00230512
0.00212855
0.00194892
0.00176613
0.00158004
0.00139052
0.00119738
0.00100041
0.000799363
0.000594015
0.00038326
0.000178052
0.00818214
0.0081682
0.00815381
0.00813872
0.00812296
0.00810654
0.00808946
0.00807168
0.00805315
0.00803386
0.00801376
0.00799284
0.00797104
0.00794834
0.00792471
0.00790009
0.00787446
0.00784777
0.00781998
0.00779104
0.00776092
0.00772956
0.00769692
0.00766295
0.00762761
0.00759083
0.00755258
0.00751278
0.0074714
0.00742838
0.00738365
0.00733717
0.00728888
0.00723871
0.00718662
0.00713253
0.0070764
0.00701816
0.00695776
0.00689513
0.00683022
0.00676297
0.00669333
0.00662124
0.00654665
0.0064695
0.00638975
0.00630735
0.00622226
0.00613443
0.00604382
0.0059504
0.00585413
0.00575499
0.00565294
0.00554797
0.00544005
0.00532917
0.00521532
0.00509849
0.00497867
0.00485586
0.00473007
0.00460129
0.00446953
0.0043348
0.0041971
0.00405644
0.00391284
0.00376629
0.00361681
0.00346439
0.00330904
0.00315075
0.0029895
0.00282527
0.00265805
0.00248778
0.00231442
0.0021379
0.00195814
0.00177504
0.00158848
0.00139831
0.00120437
0.00100646
0.000804335
0.000597785
0.000385721
0.000179161
0.00803704
0.00802385
0.00801023
0.00799595
0.00798102
0.00796548
0.00794931
0.00793246
0.00791491
0.00789663
0.00787759
0.00785775
0.00783709
0.00781557
0.00779315
0.0077698
0.00774548
0.00772015
0.00769377
0.00766629
0.00763768
0.00760789
0.00757688
0.00754458
0.00751097
0.00747599
0.00743958
0.0074017
0.00736229
0.0073213
0.00727867
0.00723435
0.00718827
0.00714039
0.00709064
0.00703896
0.0069853
0.00692959
0.00687177
0.00681179
0.00674959
0.00668509
0.00661826
0.00654902
0.00647733
0.00640312
0.00632635
0.00624695
0.00616489
0.00608011
0.00599257
0.00590222
0.00580903
0.00571295
0.00561395
0.00551201
0.00540709
0.00529917
0.00518823
0.00507425
0.00495722
0.00483712
0.00471395
0.00458769
0.00445836
0.00432594
0.00419043
0.00405184
0.00391017
0.00376541
0.00361756
0.00346663
0.0033126
0.00315546
0.0029952
0.0028318
0.00266522
0.00249542
0.00232236
0.00214597
0.00196616
0.00178285
0.00159592
0.00140522
0.0012106
0.00101186
0.000808783
0.000601163
0.00038793
0.000180154
0.00790052
0.007888
0.00787509
0.00786154
0.00784738
0.00783263
0.00781728
0.00780129
0.00778463
0.00776728
0.0077492
0.00773036
0.00771073
0.00769028
0.00766898
0.00764678
0.00762366
0.00759957
0.00757447
0.00754833
0.0075211
0.00749274
0.0074632
0.00743245
0.00740042
0.00736707
0.00733236
0.00729623
0.00725862
0.0072195
0.00717879
0.00713644
0.00709241
0.00704662
0.00699902
0.00694956
0.00689817
0.00684478
0.00678935
0.00673181
0.00667209
0.00661015
0.0065459
0.00647931
0.0064103
0.00633881
0.0062648
0.0061882
0.00610896
0.00602702
0.00594234
0.00585486
0.00576454
0.00567134
0.00557521
0.00547612
0.00537402
0.0052689
0.00516071
0.00504944
0.00493505
0.00481753
0.00469687
0.00457304
0.00444604
0.00431585
0.00418246
0.00404588
0.00390609
0.00376308
0.00361684
0.00346738
0.00331467
0.0031587
0.00299945
0.0028369
0.00267101
0.00250174
0.00232903
0.00215284
0.00197306
0.00178963
0.00160241
0.00141128
0.00121608
0.00101664
0.000812725
0.000604164
0.000389894
0.000181036
0.007773
0.0077611
0.00774882
0.00773593
0.00772247
0.00770844
0.00769384
0.00767862
0.00766277
0.00764625
0.00762904
0.0076111
0.00759241
0.00757293
0.00755264
0.00753149
0.00750945
0.00748649
0.00746256
0.00743763
0.00741166
0.00738459
0.0073564
0.00732704
0.00729645
0.0072646
0.00723142
0.00719688
0.00716092
0.00712349
0.00708453
0.00704399
0.00700181
0.00695793
0.0069123
0.00686486
0.00681554
0.00676429
0.00671104
0.00665573
0.0065983
0.00653868
0.00647682
0.00641265
0.0063461
0.00627713
0.00620565
0.00613163
0.00605499
0.00597569
0.00589365
0.00580884
0.00572119
0.00563066
0.0055372
0.00544077
0.00534132
0.00523881
0.0051332
0.00502447
0.00491258
0.0047975
0.00467921
0.00455768
0.0044329
0.00430484
0.00417349
0.00403883
0.00390085
0.00375954
0.00361488
0.00346685
0.00331544
0.00316064
0.0030024
0.00284071
0.00267553
0.00250682
0.00233452
0.00215858
0.0019789
0.00179541
0.001608
0.00141653
0.00122086
0.00102081
0.00081618
0.000606798
0.000391621
0.000181809
0.00765495
0.0076436
0.0076319
0.00761961
0.00760676
0.00759338
0.00757945
0.00756494
0.00754981
0.00753404
0.00751761
0.00750049
0.00748264
0.00746404
0.00744465
0.00742444
0.00740338
0.00738143
0.00735856
0.00733472
0.00730987
0.00728398
0.007257
0.00722889
0.0071996
0.00716909
0.00713731
0.00710421
0.00706973
0.00703383
0.00699645
0.00695754
0.00691704
0.0068749
0.00683105
0.00678543
0.006738
0.00668867
0.0066374
0.00658412
0.00652876
0.00647127
0.00641157
0.00634961
0.00628532
0.00621863
0.00614948
0.00607781
0.00600356
0.00592666
0.00584706
0.00576469
0.0056795
0.00559144
0.00550044
0.00540646
0.00530946
0.00520937
0.00510617
0.00499981
0.00489024
0.00477744
0.00466137
0.004542
0.00441931
0.00429326
0.00416383
0.004031
0.00389475
0.00375506
0.00361191
0.00346527
0.00331513
0.00316145
0.00300422
0.00284339
0.00267893
0.0025108
0.00233894
0.00216329
0.00198376
0.00180028
0.00161274
0.00142101
0.00122496
0.00102441
0.000819173
0.000609086
0.000393123
0.00018248
0.00754689
0.00753604
0.00752484
0.00751309
0.0075008
0.00748799
0.00747466
0.00746076
0.00744628
0.00743118
0.00741545
0.00739905
0.00738195
0.00736413
0.00734555
0.00732619
0.007306
0.00728495
0.00726302
0.00724015
0.00721631
0.00719147
0.00716557
0.00713858
0.00711045
0.00708114
0.0070506
0.00701878
0.00698563
0.0069511
0.00691514
0.00687769
0.00683869
0.0067981
0.00675585
0.00671188
0.00666613
0.00661854
0.00656904
0.00651759
0.0064641
0.00640851
0.00635077
0.0062908
0.00622854
0.00616391
0.00609687
0.00602733
0.00595523
0.00588052
0.00580312
0.00572298
0.00564002
0.0055542
0.00546545
0.00537372
0.00527895
0.00518109
0.00508009
0.0049759
0.00486848
0.00475778
0.00464376
0.00452639
0.00440564
0.00428146
0.00415382
0.00402271
0.00388808
0.00374992
0.00360819
0.00346287
0.00331393
0.00316134
0.00300508
0.00284509
0.00268135
0.0025138
0.00234239
0.00216706
0.00198773
0.00180431
0.0016167
0.00142479
0.00122843
0.00102747
0.000821726
0.000611043
0.00039441
0.000183051
0.00744941
0.00743899
0.00742824
0.00741695
0.00740515
0.00739285
0.00738004
0.00736669
0.00735278
0.00733827
0.00732315
0.00730739
0.00729095
0.00727382
0.00725595
0.00723733
0.0072179
0.00719766
0.00717655
0.00715453
0.00713159
0.00710766
0.00708272
0.00705672
0.00702962
0.00700137
0.00697192
0.00694123
0.00690926
0.00687594
0.00684123
0.00680506
0.0067674
0.00672818
0.00668734
0.00664482
0.00660057
0.00655451
0.0065066
0.00645676
0.00640493
0.00635104
0.00629503
0.00623683
0.00617637
0.00611359
0.00604842
0.00598078
0.00591062
0.00583785
0.00576243
0.00568427
0.00560333
0.00551952
0.00543279
0.00534307
0.00525032
0.00515446
0.00505545
0.00495323
0.00484775
0.00473896
0.00462681
0.00451127
0.00439228
0.00426981
0.00414382
0.00401428
0.00388115
0.0037444
0.003604
0.00345991
0.00331209
0.00316053
0.00300518
0.002846
0.00268294
0.00251596
0.00234501
0.00217001
0.00199089
0.00180757
0.00161995
0.00142792
0.00123133
0.00103004
0.000823877
0.000612697
0.0003955
0.000183534
0.00736314
0.0073531
0.00734273
0.00733185
0.00732047
0.00730861
0.00729626
0.00728338
0.00726996
0.00725596
0.00724137
0.00722615
0.00721029
0.00719375
0.0071765
0.00715851
0.00713976
0.0071202
0.0070998
0.00707854
0.00705636
0.00703323
0.00700912
0.00698397
0.00695776
0.00693042
0.00690193
0.00687223
0.00684127
0.006809
0.00677537
0.00674033
0.00670383
0.00666579
0.00662618
0.00658493
0.00654198
0.00649726
0.00645072
0.00640229
0.0063519
0.0062995
0.006245
0.00618835
0.00612947
0.0060683
0.00600476
0.00593879
0.00587032
0.00579927
0.00572558
0.00564917
0.00556999
0.00548795
0.005403
0.00531507
0.00522409
0.00513001
0.00503276
0.00493229
0.00482853
0.00472144
0.00461096
0.00449704
0.00437963
0.0042587
0.00413419
0.00400606
0.00387428
0.00373881
0.0035996
0.00345663
0.00330985
0.00315922
0.00300471
0.00284628
0.00268386
0.00251743
0.00234691
0.00217224
0.00199335
0.00181016
0.00162256
0.00143045
0.00123369
0.00103215
0.000825646
0.000614059
0.000396398
0.000183928
0.00728882
0.00727909
0.00726905
0.00725851
0.00724748
0.00723599
0.00722402
0.00721155
0.00719854
0.00718497
0.00717083
0.00715608
0.0071407
0.00712466
0.00710793
0.00709049
0.00707229
0.00705332
0.00703352
0.00701288
0.00699136
0.0069689
0.00694549
0.00692107
0.00689561
0.00686905
0.00684136
0.00681249
0.00678239
0.00675102
0.00671831
0.00668422
0.00664869
0.00661167
0.0065731
0.00653292
0.00649107
0.00644749
0.00640212
0.00635489
0.00630573
0.00625458
0.00620137
0.00614604
0.00608851
0.00602871
0.00596657
0.00590202
0.00583499
0.00576541
0.0056932
0.00561829
0.00554062
0.0054601
0.00537668
0.00529028
0.00520084
0.00510828
0.00501255
0.00491358
0.00481132
0.00470569
0.00459665
0.00448415
0.00436812
0.00424852
0.00412529
0.00399841
0.00386781
0.00373345
0.0035953
0.00345331
0.00330744
0.00315765
0.00300389
0.00284613
0.0026843
0.00251835
0.00234824
0.00217388
0.00199522
0.00181216
0.00162461
0.00143245
0.00123558
0.00103384
0.000827078
0.000615168
0.000397134
0.000184249
0.00722725
0.00721778
0.007208
0.00719774
0.007187
0.00717581
0.00716415
0.007152
0.00713933
0.00712611
0.00711233
0.00709796
0.00708298
0.00706735
0.00705104
0.00703404
0.0070163
0.0069978
0.0069785
0.00695837
0.00693737
0.00691547
0.00689263
0.0068688
0.00684395
0.00681803
0.00679099
0.0067628
0.00673341
0.00670276
0.0066708
0.00663749
0.00660276
0.00656656
0.00652885
0.00648954
0.0064486
0.00640595
0.00636153
0.00631528
0.00626713
0.00621701
0.00616486
0.00611061
0.00605418
0.00599551
0.00593452
0.00587114
0.00580529
0.00573692
0.00566593
0.00559225
0.00551582
0.00543656
0.0053544
0.00526927
0.00518109
0.0050898
0.00499533
0.00489761
0.00479658
0.00469218
0.00458434
0.00447301
0.00435812
0.00423964
0.00411749
0.00399164
0.00386203
0.00372862
0.00359136
0.0034502
0.0033051
0.00315602
0.0030029
0.00284571
0.00268438
0.00251886
0.0023491
0.00217503
0.00199657
0.00181364
0.00162614
0.00143398
0.00123702
0.00103514
0.000828183
0.000616023
0.000397699
0.00018449
0.00717935
0.00717008
0.00716051
0.00715045
0.00713994
0.00712898
0.00711757
0.00710566
0.00709325
0.0070803
0.0070668
0.00705272
0.00703804
0.00702272
0.00700674
0.00699007
0.00697269
0.00695455
0.00693563
0.00691589
0.0068953
0.00687383
0.00685142
0.00682804
0.00680366
0.00677823
0.0067517
0.00672403
0.00669518
0.00666509
0.00663371
0.00660099
0.00656688
0.00653132
0.00649426
0.00645563
0.00641538
0.00637345
0.00632976
0.00628427
0.00623689
0.00618757
0.00613624
0.00608282
0.00602724
0.00596944
0.00590934
0.00584686
0.00578194
0.00571449
0.00564444
0.00557173
0.00549626
0.00541798
0.00533679
0.00525264
0.00516545
0.00507514
0.00498165
0.0048849
0.00478484
0.00468139
0.00457448
0.00446407
0.00435009
0.00423247
0.00411117
0.00398613
0.0038573
0.00372463
0.00358807
0.00344757
0.00330309
0.00315456
0.00300196
0.00284522
0.00268429
0.00251912
0.00234965
0.00217581
0.00199752
0.0018147
0.00162726
0.0014351
0.0012381
0.00103612
0.000829017
0.000616675
0.000398135
0.000184679
0.00714617
0.00713703
0.0071276
0.00711769
0.00710733
0.00709653
0.00708528
0.00707354
0.00706131
0.00704855
0.00703524
0.00702136
0.00700688
0.00699178
0.00697602
0.00695959
0.00694244
0.00692455
0.00690589
0.00688642
0.00686611
0.00684492
0.00682282
0.00679975
0.0067757
0.0067506
0.00672442
0.00669711
0.00666862
0.00663891
0.00660793
0.00657562
0.00654193
0.00650681
0.0064702
0.00643204
0.00639227
0.00635082
0.00630765
0.00626267
0.00621583
0.00616706
0.00611628
0.00606344
0.00600845
0.00595125
0.00589175
0.0058299
0.00576561
0.0056988
0.00562941
0.00555735
0.00548255
0.00540494
0.00532443
0.00524096
0.00515445
0.00506482
0.004972
0.00487593
0.00477654
0.00467375
0.00456749
0.00445772
0.00434436
0.00422735
0.00410664
0.00398217
0.00385388
0.00372173
0.00358566
0.00344562
0.00330156
0.00315343
0.00300119
0.00284477
0.00268413
0.00251921
0.00234994
0.00217626
0.00199809
0.00181536
0.00162797
0.00143582
0.00123879
0.00103675
0.000829554
0.000617093
0.000398412
0.000184796
0.0071289
0.00711984
0.00711048
0.00710065
0.00709036
0.00707964
0.00706848
0.00705683
0.00704469
0.00703202
0.00701881
0.00700503
0.00699066
0.00697567
0.00696003
0.00694372
0.0069267
0.00690894
0.00689041
0.00687109
0.00685092
0.00682988
0.00680793
0.00678503
0.00676114
0.00673621
0.00671021
0.00668309
0.00665479
0.00662528
0.00659451
0.00656241
0.00652894
0.00649405
0.00645767
0.00641975
0.00638022
0.00633904
0.00629612
0.00625142
0.00620486
0.00615637
0.00610588
0.00605334
0.00599865
0.00594176
0.00588259
0.00582106
0.00575709
0.00569062
0.00562157
0.00554986
0.0054754
0.00539814
0.00531799
0.00523487
0.00514871
0.00505943
0.00496697
0.00487125
0.00477221
0.00466976
0.00456385
0.00445441
0.00434137
0.00422468
0.00410428
0.0039801
0.0038521
0.00372022
0.00358441
0.00344461
0.00330078
0.00315286
0.0030008
0.00284455
0.00268406
0.00251927
0.00235011
0.00217652
0.00199842
0.00181574
0.00162837
0.00143623
0.00123918
0.00103712
0.000829872
0.000617349
0.000398585
0.000184925
)
;

boundaryField
{
    inlet
    {
        type            zeroGradient;
    }
    outlet
    {
        type            fixedValue;
        value           uniform 0;
    }
    topWall
    {
        type            zeroGradient;
    }
    symmetry
    {
        type            zeroGradient;
    }
    bottomWall
    {
        type            zeroGradient;
    }
    frontAndBack
    {
        type            empty;
    }
}


// ************************************************************************* //
