/*--------------------------------*- C++ -*----------------------------------*\
| =========                 |                                                 |
| \\      /  F ield         | OpenFOAM: The Open Source CFD Toolbox           |
|  \\    /   O peration     | Version:  2312                                  |
|   \\  /    A nd           | Website:  www.openfoam.com                      |
|    \\/     M anipulation  |                                                 |
\*---------------------------------------------------------------------------*/
FoamFile
{
    version     2.0;
    format      ascii;
    arch        "LSB;label=32;scalar=64";
    class       volScalarField;
    location    "170";
    object      Ux;
}
// * * * * * * * * * * * * * * * * * * * * * * * * * * * * * * * * * * * * * //

dimensions      [0 1 -1 0 0 0 0];

internalField   nonuniform List<scalar> 
8400
(
0.999806
0.999218
0.998279
0.997091
0.995693
0.994088
0.992266
0.990206
0.987869
0.985187
0.982047
0.978258
0.973546
0.967073
0.962415
0.999807
0.999221
0.998286
0.997104
0.995715
0.994124
0.992326
0.990306
0.988038
0.985488
0.98261
0.979366
0.975777
0.971828
0.969514
0.999808
0.999225
0.998298
0.997127
0.995756
0.994193
0.99244
0.990495
0.988355
0.986028
0.983545
0.980997
0.978583
0.976624
0.975731
0.99981
0.999233
0.998316
0.997163
0.995819
0.994298
0.992612
0.990773
0.988805
0.986751
0.984689
0.982752
0.981119
0.979992
0.979543
0.999812
0.999243
0.998341
0.997211
0.995903
0.994439
0.992838
0.991131
0.98936
0.987595
0.985931
0.984491
0.983402
0.982759
0.982579
0.999815
0.999256
0.998373
0.997273
0.99601
0.994614
0.993114
0.991555
0.989994
0.988509
0.987192
0.986138
0.985416
0.985051
0.985003
0.999819
0.999273
0.998412
0.997348
0.996139
0.994821
0.993434
0.992032
0.990679
0.989453
0.98843
0.987671
0.987202
0.987012
0.987043
0.999824
0.999292
0.998459
0.997436
0.996287
0.995056
0.993791
0.992548
0.991396
0.9904
0.989619
0.989083
0.988792
0.988715
0.988794
0.999829
0.999314
0.998512
0.997536
0.996455
0.995317
0.994176
0.993091
0.992124
0.99133
0.990746
0.99038
0.990215
0.990214
0.990325
0.999835
0.999339
0.998572
0.997648
0.996639
0.995599
0.994583
0.993649
0.992851
0.99223
0.991804
0.991568
0.991495
0.991547
0.991678
0.999841
0.999367
0.998638
0.99777
0.996838
0.995897
0.995004
0.994212
0.993566
0.993091
0.992794
0.992657
0.992652
0.992741
0.992885
0.999849
0.999398
0.99871
0.997901
0.997048
0.996208
0.995434
0.994773
0.99426
0.993909
0.993714
0.993655
0.993699
0.993814
0.993968
0.999856
0.999431
0.998787
0.99804
0.997267
0.996526
0.995865
0.995324
0.994928
0.99468
0.994568
0.994568
0.994649
0.994784
0.994944
0.999865
0.999467
0.998869
0.998185
0.997494
0.996848
0.996293
0.99586
0.995565
0.995403
0.995358
0.995404
0.995513
0.995661
0.995824
0.999874
0.999504
0.998954
0.998335
0.997723
0.99717
0.996713
0.996377
0.996168
0.996079
0.996087
0.996169
0.996298
0.996456
0.996621
0.999883
0.999543
0.999042
0.998488
0.997955
0.997488
0.997122
0.996871
0.996737
0.996706
0.996757
0.996867
0.997012
0.997175
0.99734
0.999893
0.999583
0.999131
0.998642
0.998184
0.9978
0.997515
0.99734
0.997269
0.997287
0.997372
0.997503
0.997659
0.997827
0.997991
0.999903
0.999623
0.999222
0.998796
0.998411
0.998103
0.997892
0.997782
0.997765
0.997823
0.997935
0.998082
0.998246
0.998415
0.998577
0.999913
0.999664
0.999312
0.998948
0.998632
0.998394
0.998248
0.998195
0.998223
0.998314
0.998448
0.998606
0.998776
0.998945
0.999105
0.999923
0.999705
0.999402
0.999097
0.998845
0.998671
0.998584
0.99858
0.998646
0.998763
0.998913
0.99908
0.999253
0.999422
0.999578
0.999933
0.999746
0.99949
0.999242
0.999049
0.998933
0.998898
0.998936
0.999033
0.999171
0.999333
0.999507
0.999681
0.999848
1
0.999943
0.999786
0.999575
0.999381
0.999244
0.999179
0.999189
0.999262
0.999385
0.99954
0.999712
0.999889
1.00006
1.00023
1.00038
0.999953
0.999824
0.999657
0.999513
0.999426
0.999409
0.999457
0.99956
0.999703
0.999871
1.00005
1.00023
1.0004
1.00056
1.00071
0.999962
0.999861
0.999735
0.999638
0.999597
0.99962
0.999702
0.99983
0.999989
1.00017
1.00035
1.00053
1.0007
1.00086
1.001
0.999971
0.999896
0.999809
0.999755
0.999755
0.999813
0.999923
1.00007
1.00024
1.00043
1.00061
1.00079
1.00096
1.00112
1.00125
0.99998
0.999929
0.999878
0.999863
0.999899
0.999989
1.00012
1.00029
1.00047
1.00066
1.00085
1.00102
1.00119
1.00134
1.00147
0.999988
0.99996
0.999942
0.999962
1.00003
1.00015
1.0003
1.00048
1.00067
1.00086
1.00105
1.00122
1.00138
1.00153
1.00166
0.999995
0.999989
1
1.00005
1.00015
1.00029
1.00046
1.00064
1.00084
1.00103
1.00122
1.00139
1.00155
1.00169
1.00181
1
1.00001
1.00005
1.00013
1.00025
1.00041
1.00059
1.00079
1.00099
1.00118
1.00136
1.00153
1.00168
1.00182
1.00194
1.00001
1.00004
1.0001
1.0002
1.00034
1.00052
1.00071
1.00091
1.00111
1.0013
1.00148
1.00164
1.00179
1.00192
1.00204
1.00001
1.00006
1.00014
1.00027
1.00042
1.00061
1.00081
1.00101
1.00121
1.0014
1.00157
1.00173
1.00188
1.00201
1.00212
1.00002
1.00008
1.00018
1.00032
1.00049
1.00068
1.00089
1.00109
1.00129
1.00148
1.00165
1.0018
1.00194
1.00207
1.00217
1.00002
1.00009
1.00021
1.00037
1.00055
1.00075
1.00095
1.00116
1.00135
1.00154
1.0017
1.00185
1.00199
1.00211
1.00221
1.00003
1.00011
1.00024
1.0004
1.00059
1.0008
1.00101
1.00121
1.0014
1.00158
1.00174
1.00189
1.00202
1.00213
1.00223
1.00003
1.00012
1.00026
1.00043
1.00063
1.00084
1.00104
1.00124
1.00143
1.00161
1.00176
1.0019
1.00203
1.00214
1.00223
1.00003
1.00013
1.00028
1.00046
1.00066
1.00086
1.00107
1.00127
1.00145
1.00162
1.00177
1.00191
1.00202
1.00213
1.00222
1.00003
1.00013
1.00029
1.00048
1.00068
1.00088
1.00109
1.00128
1.00146
1.00162
1.00177
1.0019
1.00201
1.00211
1.00219
1.00003
1.00014
1.0003
1.00049
1.00069
1.00089
1.00109
1.00128
1.00145
1.00161
1.00175
1.00187
1.00198
1.00208
1.00216
1.00004
1.00014
1.0003
1.00049
1.00069
1.00089
1.00109
1.00127
1.00144
1.00159
1.00172
1.00184
1.00195
1.00204
1.00212
1.00004
1.00014
1.00031
1.00049
1.00069
1.00089
1.00108
1.00125
1.00142
1.00156
1.00169
1.0018
1.0019
1.00199
1.00207
1.00004
1.00014
1.00031
1.00049
1.00069
1.00088
1.00106
1.00123
1.00139
1.00153
1.00165
1.00176
1.00185
1.00194
1.00201
1.00004
1.00014
1.0003
1.00049
1.00068
1.00086
1.00104
1.0012
1.00135
1.00149
1.0016
1.00171
1.0018
1.00188
1.00194
1.00004
1.00014
1.0003
1.00048
1.00066
1.00084
1.00101
1.00117
1.00131
1.00144
1.00155
1.00165
1.00174
1.00181
1.00188
1.00004
1.00014
1.00029
1.00047
1.00065
1.00082
1.00098
1.00113
1.00127
1.00139
1.0015
1.00159
1.00167
1.00175
1.00181
1.00003
1.00014
1.00028
1.00045
1.00063
1.00079
1.00095
1.00109
1.00122
1.00134
1.00144
1.00153
1.00161
1.00168
1.00173
1.00003
1.00013
1.00028
1.00044
1.00061
1.00076
1.00091
1.00105
1.00118
1.00129
1.00138
1.00147
1.00154
1.0016
1.00166
1.00003
1.00013
1.00027
1.00042
1.00058
1.00073
1.00088
1.00101
1.00113
1.00123
1.00132
1.0014
1.00147
1.00153
1.00158
1.00003
1.00012
1.00026
1.00041
1.00056
1.0007
1.00084
1.00096
1.00107
1.00117
1.00126
1.00134
1.0014
1.00146
1.00151
1.00003
1.00012
1.00025
1.00039
1.00053
1.00067
1.0008
1.00092
1.00102
1.00112
1.0012
1.00127
1.00133
1.00139
1.00143
1.00003
1.00011
1.00023
1.00037
1.00051
1.00064
1.00076
1.00087
1.00097
1.00106
1.00114
1.00121
1.00127
1.00132
1.00136
1.00003
1.00011
1.00022
1.00035
1.00048
1.00061
1.00072
1.00083
1.00092
1.00101
1.00108
1.00114
1.0012
1.00125
1.00129
1.00003
1.0001
1.00021
1.00033
1.00046
1.00058
1.00068
1.00078
1.00087
1.00095
1.00102
1.00108
1.00113
1.00118
1.00122
1.00002
1.0001
1.0002
1.00032
1.00043
1.00054
1.00065
1.00074
1.00082
1.0009
1.00096
1.00102
1.00107
1.00111
1.00115
1.00002
1.00009
1.00019
1.0003
1.00041
1.00051
1.00061
1.0007
1.00078
1.00085
1.00091
1.00096
1.00101
1.00105
1.00108
1.00002
1.00009
1.00018
1.00028
1.00039
1.00048
1.00058
1.00066
1.00073
1.0008
1.00086
1.00091
1.00095
1.00099
1.00102
1.00002
1.00008
1.00017
1.00027
1.00036
1.00046
1.00054
1.00062
1.00069
1.00075
1.00081
1.00085
1.00089
1.00093
1.00096
1.00002
1.00008
1.00016
1.00025
1.00034
1.00043
1.00051
1.00058
1.00065
1.00071
1.00076
1.0008
1.00084
1.00087
1.0009
1.00002
1.00007
1.00015
1.00023
1.00032
1.0004
1.00048
1.00055
1.00061
1.00066
1.00071
1.00075
1.00079
1.00082
1.00085
1.00002
1.00007
1.00014
1.00022
1.0003
1.00038
1.00045
1.00051
1.00057
1.00062
1.00067
1.00071
1.00074
1.00077
1.00079
1.00002
1.00006
1.00013
1.00021
1.00028
1.00035
1.00042
1.00048
1.00054
1.00058
1.00063
1.00066
1.00069
1.00072
1.00075
1.00002
1.00006
1.00012
1.00019
1.00026
1.00033
1.0004
1.00045
1.0005
1.00055
1.00059
1.00062
1.00065
1.00068
1.0007
1.00001
1.00006
1.00012
1.00018
1.00025
1.00031
1.00037
1.00042
1.00047
1.00051
1.00055
1.00058
1.00061
1.00064
1.00066
1.00001
1.00005
1.00011
1.00017
1.00023
1.00029
1.00035
1.0004
1.00044
1.00048
1.00052
1.00055
1.00057
1.0006
1.00062
1.00001
1.00005
1.0001
1.00016
1.00022
1.00027
1.00033
1.00037
1.00042
1.00045
1.00049
1.00051
1.00054
1.00056
1.00058
1.00001
1.00005
1.00009
1.00015
1.00021
1.00026
1.00031
1.00035
1.00039
1.00042
1.00046
1.00048
1.00051
1.00053
1.00054
1.00001
1.00004
1.00009
1.00014
1.00019
1.00024
1.00029
1.00033
1.00037
1.0004
1.00043
1.00045
1.00048
1.00049
1.00051
1.00001
1.00004
1.00008
1.00013
1.00018
1.00023
1.00027
1.00031
1.00034
1.00038
1.0004
1.00043
1.00045
1.00047
1.00048
1.00001
1.00004
1.00008
1.00012
1.00017
1.00021
1.00025
1.00029
1.00032
1.00035
1.00038
1.0004
1.00042
1.00044
1.00045
1.00001
1.00004
1.00007
1.00012
1.00016
1.0002
1.00024
1.00028
1.00031
1.00033
1.00036
1.00038
1.0004
1.00041
1.00043
1.00001
1.00003
1.00007
1.00011
1.00015
1.00019
1.00023
1.00026
1.00029
1.00032
1.00034
1.00036
1.00038
1.00039
1.00041
1.00001
1.00003
1.00007
1.00011
1.00014
1.00018
1.00022
1.00025
1.00028
1.0003
1.00032
1.00034
1.00036
1.00037
1.00038
1.00001
1.00003
1.00006
1.0001
1.00014
1.00017
1.00021
1.00024
1.00026
1.00029
1.00031
1.00032
1.00034
1.00035
1.00037
1.00001
1.00003
1.00006
1.0001
1.00013
1.00016
1.0002
1.00022
1.00025
1.00027
1.00029
1.00031
1.00033
1.00034
1.00035
1.00001
1.00003
1.00006
1.00009
1.00013
1.00016
1.00019
1.00021
1.00024
1.00026
1.00028
1.0003
1.00031
1.00032
1.00033
1.00001
1.00003
1.00006
1.00009
1.00012
1.00015
1.00018
1.00021
1.00023
1.00025
1.00027
1.00029
1.0003
1.00031
1.00032
1.00001
1.00003
1.00005
1.00009
1.00012
1.00015
1.00017
1.0002
1.00022
1.00024
1.00026
1.00028
1.00029
1.0003
1.00031
1.00001
1.00003
1.00005
1.00008
1.00011
1.00014
1.00017
1.00019
1.00022
1.00024
1.00025
1.00027
1.00028
1.00029
1.0003
1.00001
1.00002
1.00005
1.00008
1.00011
1.00014
1.00017
1.00019
1.00021
1.00023
1.00025
1.00026
1.00028
1.00029
1.0003
1.00001
1.00002
1.00005
1.00008
1.00011
1.00014
1.00016
1.00019
1.00021
1.00023
1.00024
1.00026
1.00027
1.00028
1.00029
1.00001
1.00002
1.00005
1.00008
1.00011
1.00014
1.00016
1.00019
1.00021
1.00023
1.00024
1.00026
1.00027
1.00028
1.00029
0.937889
0.917067
0.894533
0.87008
0.844772
0.819071
0.793053
0.766768
0.740298
0.713728
0.68713
0.660574
0.634129
0.607863
0.581851
0.556168
0.53089
0.506097
0.481869
0.458286
0.435428
0.413371
0.392189
0.371947
0.352705
0.334513
0.317408
0.301415
0.286546
0.272798
0.260152
0.248576
0.238025
0.228442
0.219761
0.211909
0.204808
0.198379
0.192543
0.187225
0.182354
0.177866
0.173702
0.169812
0.166153
0.162689
0.159392
0.156236
0.153205
0.150283
0.147459
0.144726
0.142076
0.139505
0.137009
0.134584
0.132227
0.129936
0.127708
0.12554
0.12343
0.121376
0.119375
0.117425
0.115524
0.11367
0.11186
0.110094
0.108368
0.106682
0.105034
0.103422
0.101845
0.100301
0.0987899
0.0973092
0.0958582
0.0944357
0.0930407
0.0916721
0.0903287
0.0890098
0.0877143
0.0864414
0.0851905
0.0839606
0.0827598
0.081498
0.0808491
0.077618
0.970031
0.971966
0.972507
0.971285
0.968765
0.965185
0.960573
0.954944
0.948338
0.940801
0.932376
0.923104
0.913026
0.902187
0.890634
0.878416
0.865587
0.852204
0.838327
0.82402
0.80935
0.794384
0.779193
0.763848
0.748418
0.732973
0.717577
0.702293
0.687176
0.672279
0.657645
0.643312
0.629311
0.615664
0.602388
0.589495
0.576987
0.564867
0.55313
0.541768
0.530773
0.520133
0.509835
0.499867
0.490214
0.480864
0.471803
0.463018
0.454498
0.446229
0.438201
0.430404
0.422827
0.415461
0.408297
0.401327
0.394542
0.387934
0.381497
0.375224
0.369107
0.36314
0.357318
0.351634
0.346083
0.340661
0.335361
0.330179
0.325111
0.320152
0.315299
0.310548
0.305894
0.301335
0.296868
0.292488
0.288193
0.28398
0.279845
0.275787
0.271803
0.267889
0.264044
0.260264
0.256549
0.252896
0.24931
0.245707
0.242842
0.23634
0.976315
0.978064
0.98001
0.98169
0.983084
0.984214
0.985036
0.985503
0.985579
0.985243
0.984472
0.983244
0.981538
0.979338
0.976631
0.973404
0.969653
0.965376
0.960575
0.955259
0.94944
0.943136
0.93637
0.929169
0.921564
0.913588
0.905277
0.896671
0.887807
0.878723
0.869457
0.860043
0.850516
0.840903
0.831231
0.821523
0.811798
0.80207
0.792354
0.782658
0.77299
0.763357
0.753764
0.744214
0.734712
0.725261
0.715864
0.706526
0.697249
0.688037
0.678896
0.669828
0.660838
0.651931
0.643109
0.634377
0.625739
0.617196
0.608753
0.600411
0.592172
0.584038
0.576011
0.56809
0.560278
0.552574
0.544978
0.53749
0.53011
0.522836
0.515669
0.508606
0.501648
0.494792
0.488037
0.481382
0.474825
0.468364
0.461998
0.455724
0.449541
0.443446
0.437439
0.431516
0.425676
0.419919
0.414244
0.408614
0.403481
0.395247
0.979863
0.980938
0.982422
0.984009
0.985593
0.987161
0.988694
0.990166
0.991554
0.992843
0.994015
0.995053
0.995937
0.996647
0.997162
0.997459
0.997516
0.997313
0.996829
0.996046
0.994948
0.993522
0.991758
0.98965
0.987196
0.984398
0.98126
0.977792
0.974008
0.969921
0.96555
0.960913
0.956031
0.950923
0.945608
0.940105
0.934429
0.928597
0.922619
0.916507
0.91027
0.903914
0.897446
0.890869
0.884188
0.877406
0.870526
0.863551
0.856484
0.84933
0.842092
0.834774
0.827381
0.819918
0.812391
0.804806
0.797167
0.789481
0.781754
0.773992
0.7662
0.758386
0.750555
0.742712
0.734863
0.727013
0.719169
0.711334
0.703513
0.695712
0.687934
0.680183
0.672464
0.664779
0.657132
0.649527
0.641965
0.634449
0.626981
0.619564
0.612198
0.604885
0.597627
0.590425
0.583279
0.576191
0.569164
0.56218
0.555486
0.546512
0.982852
0.983579
0.984634
0.985862
0.98718
0.988557
0.989974
0.991412
0.992856
0.994294
0.995721
0.997127
0.998504
0.999843
1.00113
1.00236
1.00351
1.00457
1.00553
1.00636
1.00704
1.00757
1.00792
1.00808
1.00803
1.00777
1.00728
1.00655
1.00559
1.0044
1.00297
1.00132
0.999448
0.997365
0.995081
0.992608
0.989956
0.987134
0.984152
0.981018
0.977737
0.974314
0.970754
0.967059
0.96323
0.959268
0.955173
0.950945
0.946584
0.94209
0.937462
0.9327
0.927806
0.92278
0.917624
0.912338
0.906926
0.90139
0.895731
0.889955
0.884063
0.878059
0.871947
0.865732
0.859416
0.853006
0.846504
0.839916
0.833247
0.826501
0.819684
0.812799
0.805853
0.798849
0.791793
0.78469
0.777544
0.77036
0.763142
0.755895
0.748623
0.741331
0.734021
0.726698
0.719366
0.712029
0.704693
0.697344
0.69016
0.681379
0.985241
0.985771
0.986552
0.987515
0.988602
0.989778
0.991021
0.992313
0.993638
0.994987
0.996351
0.997726
0.999105
1.00048
1.00186
1.00322
1.00456
1.00587
1.00714
1.00836
1.00952
1.01061
1.01161
1.01251
1.0133
1.01396
1.0145
1.01489
1.01513
1.01522
1.01515
1.01492
1.01454
1.01401
1.01334
1.01252
1.01157
1.0105
1.0093
1.00799
1.00657
1.00505
1.00341
1.00168
0.99984
0.997897
0.995849
0.993693
0.991427
0.989048
0.986554
0.983942
0.981208
0.978352
0.97537
0.972261
0.969022
0.965653
0.962152
0.958518
0.954752
0.950851
0.946818
0.94265
0.93835
0.933918
0.929355
0.924662
0.919841
0.914893
0.90982
0.904625
0.89931
0.893877
0.88833
0.882671
0.876904
0.871031
0.865056
0.858983
0.852815
0.846556
0.840209
0.833778
0.827268
0.820682
0.814028
0.807293
0.800652
0.792869
0.98727
0.987697
0.988316
0.989094
0.989998
0.991
0.992079
0.993219
0.994407
0.995632
0.996886
0.998162
0.999454
1.00076
1.00207
1.00338
1.00469
1.00598
1.00726
1.00852
1.00974
1.01092
1.01205
1.01312
1.01412
1.01504
1.01587
1.01661
1.01725
1.01779
1.01822
1.01854
1.01876
1.01887
1.01888
1.0188
1.01863
1.01838
1.01804
1.01763
1.01715
1.01661
1.016
1.01533
1.0146
1.0138
1.01295
1.01202
1.01103
1.00997
1.00883
1.00762
1.00632
1.00494
1.00347
1.00191
1.00025
0.998495
0.996637
0.994674
0.992602
0.99042
0.988124
0.985712
0.983181
0.98053
0.977756
0.974857
0.971832
0.968679
0.965397
0.961986
0.958443
0.954769
0.950963
0.947025
0.942955
0.938753
0.934419
0.929955
0.925361
0.920638
0.915788
0.910811
0.90571
0.900487
0.895147
0.889681
0.884266
0.877972
0.989013
0.989376
0.989887
0.990533
0.991294
0.992153
0.993093
0.9941
0.995163
0.996272
0.997417
0.998592
0.999791
1.00101
1.00224
1.00347
1.00471
1.00594
1.00717
1.00838
1.00956
1.01071
1.01183
1.0129
1.01392
1.01487
1.01576
1.01658
1.01733
1.01799
1.01857
1.01906
1.01948
1.01982
1.02008
1.02027
1.0204
1.02047
1.02048
1.02045
1.02037
1.02025
1.0201
1.01991
1.01969
1.01943
1.01915
1.01883
1.01848
1.0181
1.01767
1.01721
1.0167
1.01614
1.01554
1.01488
1.01417
1.01339
1.01255
1.01165
1.01068
1.00963
1.00851
1.0073
1.00602
1.00464
1.00318
1.00162
0.999967
0.998213
0.996356
0.994393
0.992321
0.990137
0.987839
0.985423
0.982888
0.98023
0.977448
0.97454
0.971503
0.968336
0.965038
0.961607
0.958042
0.954342
0.95051
0.946539
0.942598
0.937916
0.990539
0.990862
0.991301
0.991852
0.992506
0.99325
0.994074
0.994966
0.995917
0.996917
0.997959
0.999037
1.00014
1.00127
1.00242
1.00357
1.00473
1.0059
1.00706
1.0082
1.00933
1.01043
1.01151
1.01254
1.01353
1.01447
1.01535
1.01618
1.01693
1.01762
1.01824
1.01878
1.01926
1.01967
1.02002
1.02031
1.02054
1.02073
1.02087
1.02098
1.02105
1.02109
1.02112
1.02112
1.0211
1.02107
1.02102
1.02096
1.02088
1.02079
1.02068
1.02056
1.02041
1.02025
1.02006
1.01985
1.01961
1.01934
1.01904
1.0187
1.01833
1.01791
1.01746
1.01695
1.0164
1.0158
1.01514
1.01443
1.01365
1.01281
1.0119
1.01092
1.00987
1.00873
1.00752
1.00622
1.00483
1.00334
1.00176
1.00008
0.998303
0.996414
0.994415
0.992302
0.990074
0.987726
0.985258
0.982666
0.980095
0.976869
0.991888
0.992183
0.992571
0.993052
0.993622
0.994274
0.995
0.995793
0.996644
0.997547
0.998495
0.99948
1.0005
1.00154
1.00261
1.00368
1.00477
1.00587
1.00696
1.00804
1.00911
1.01016
1.01119
1.01218
1.01314
1.01405
1.01491
1.01571
1.01646
1.01715
1.01777
1.01833
1.01883
1.01927
1.01965
1.01998
1.02026
1.02049
1.02068
1.02084
1.02098
1.02108
1.02117
1.02124
1.0213
1.02135
1.0214
1.02143
1.02146
1.02148
1.0215
1.02151
1.02151
1.0215
1.02149
1.02147
1.02143
1.02138
1.02132
1.02125
1.02116
1.02104
1.02091
1.02076
1.02058
1.02038
1.02015
1.01989
1.0196
1.01927
1.0189
1.01849
1.01804
1.01754
1.017
1.0164
1.01574
1.01502
1.01424
1.01339
1.01248
1.01148
1.01041
1.00926
1.00802
1.00669
1.00527
1.00376
1.00226
1.00019
0.993092
0.993366
0.993716
0.994144
0.994649
0.995226
0.995872
0.996579
0.997344
0.99816
0.999021
0.999922
1.00086
1.00182
1.00281
1.00381
1.00483
1.00585
1.00688
1.0079
1.00892
1.00991
1.01089
1.01184
1.01276
1.01363
1.01447
1.01525
1.01599
1.01667
1.01729
1.01786
1.01837
1.01882
1.01922
1.01957
1.01987
1.02013
1.02035
1.02054
1.0207
1.02084
1.02096
1.02107
1.02116
1.02124
1.02132
1.02139
1.02146
1.02152
1.02158
1.02164
1.0217
1.02175
1.0218
1.02185
1.0219
1.02194
1.02197
1.022
1.02202
1.02204
1.02205
1.02205
1.02203
1.02201
1.02198
1.02193
1.02187
1.02179
1.02169
1.02157
1.02144
1.02127
1.02108
1.02087
1.02062
1.02034
1.02002
1.01967
1.01927
1.01883
1.01833
1.01779
1.01719
1.01654
1.01582
1.01503
1.01427
1.01301
0.994171
0.994429
0.994749
0.995136
0.995589
0.996106
0.996683
0.997319
0.998008
0.998746
0.999529
1.00035
1.00121
1.0021
1.00301
1.00394
1.00489
1.00585
1.00681
1.00778
1.00873
1.00968
1.01061
1.01152
1.01239
1.01324
1.01405
1.01481
1.01553
1.0162
1.01682
1.01738
1.0179
1.01836
1.01877
1.01914
1.01946
1.01974
1.01998
1.02019
1.02037
1.02053
1.02068
1.0208
1.02091
1.02102
1.02111
1.0212
1.02129
1.02137
1.02145
1.02153
1.02161
1.02168
1.02176
1.02183
1.0219
1.02198
1.02205
1.02211
1.02218
1.02224
1.0223
1.02236
1.02242
1.02247
1.02251
1.02255
1.02259
1.02262
1.02264
1.02265
1.02265
1.02265
1.02263
1.0226
1.02255
1.02249
1.02241
1.02231
1.02219
1.02204
1.02187
1.02167
1.02143
1.02117
1.02086
1.02052
1.0202
1.01946
0.995143
0.995387
0.995684
0.996038
0.996448
0.996914
0.997435
0.998009
0.998632
0.999302
1.00001
1.00077
1.00155
1.00237
1.00321
1.00408
1.00496
1.00586
1.00676
1.00767
1.00857
1.00946
1.01035
1.01121
1.01205
1.01286
1.01364
1.01438
1.01508
1.01574
1.01635
1.01692
1.01743
1.0179
1.01832
1.0187
1.01904
1.01933
1.01959
1.01982
1.02003
1.02021
1.02036
1.02051
1.02064
1.02075
1.02086
1.02097
1.02106
1.02116
1.02125
1.02134
1.02143
1.02152
1.0216
1.02169
1.02177
1.02186
1.02194
1.02202
1.0221
1.02218
1.02226
1.02234
1.02242
1.0225
1.02258
1.02265
1.02272
1.02279
1.02286
1.02293
1.02299
1.02304
1.0231
1.02315
1.02319
1.02322
1.02325
1.02327
1.02327
1.02327
1.02325
1.02322
1.02318
1.02311
1.02302
1.02292
1.02282
1.02239
0.99602
0.996252
0.996529
0.996855
0.997231
0.997655
0.998128
0.998648
0.999215
0.999824
1.00047
1.00116
1.00188
1.00264
1.00342
1.00422
1.00504
1.00587
1.00672
1.00757
1.00842
1.00926
1.0101
1.01092
1.01172
1.0125
1.01325
1.01397
1.01465
1.01529
1.0159
1.01646
1.01697
1.01745
1.01788
1.01826
1.01861
1.01892
1.0192
1.01945
1.01967
1.01986
1.02004
1.0202
1.02034
1.02047
1.02059
1.02071
1.02082
1.02092
1.02102
1.02112
1.02122
1.02131
1.02141
1.0215
1.02159
1.02168
1.02177
1.02186
1.02195
1.02204
1.02213
1.02222
1.0223
1.02239
1.02248
1.02256
1.02265
1.02274
1.02282
1.02291
1.02299
1.02307
1.02315
1.02323
1.02331
1.02338
1.02345
1.02352
1.02358
1.02364
1.02369
1.02374
1.02377
1.0238
1.02382
1.02382
1.02383
1.02357
0.996811
0.997033
0.997294
0.997597
0.997943
0.998332
0.998763
0.999238
0.999754
1.00031
1.0009
1.00153
1.0022
1.00289
1.00361
1.00435
1.00511
1.00589
1.00668
1.00748
1.00828
1.00907
1.00986
1.01064
1.01141
1.01215
1.01287
1.01357
1.01423
1.01486
1.01545
1.016
1.01652
1.01699
1.01743
1.01782
1.01818
1.01851
1.0188
1.01906
1.0193
1.01951
1.0197
1.01987
1.02003
1.02017
1.02031
1.02043
1.02055
1.02067
1.02078
1.02089
1.02099
1.02109
1.02119
1.02129
1.02139
1.02148
1.02158
1.02167
1.02177
1.02186
1.02195
1.02205
1.02214
1.02223
1.02232
1.02241
1.02251
1.0226
1.02269
1.02278
1.02287
1.02297
1.02306
1.02315
1.02324
1.02333
1.02342
1.0235
1.02359
1.02367
1.02375
1.02382
1.02389
1.02396
1.02402
1.02407
1.02412
1.02395
0.997527
0.997739
0.997985
0.998268
0.998589
0.998947
0.999343
0.999778
1.00025
1.00076
1.0013
1.00188
1.00249
1.00313
1.00379
1.00448
1.00519
1.00591
1.00665
1.00739
1.00814
1.00889
1.00964
1.01038
1.01111
1.01182
1.01251
1.01318
1.01382
1.01443
1.01501
1.01556
1.01607
1.01654
1.01698
1.01738
1.01775
1.01809
1.01839
1.01866
1.01891
1.01914
1.01934
1.01953
1.0197
1.01986
1.02001
1.02014
1.02027
1.0204
1.02052
1.02063
1.02074
1.02085
1.02096
1.02106
1.02116
1.02126
1.02136
1.02146
1.02156
1.02166
1.02176
1.02185
1.02195
1.02205
1.02214
1.02224
1.02233
1.02243
1.02252
1.02262
1.02272
1.02281
1.02291
1.023
1.0231
1.02319
1.02329
1.02338
1.02347
1.02357
1.02366
1.02374
1.02383
1.02391
1.02399
1.02405
1.02412
1.024
0.998172
0.998376
0.998609
0.998875
0.999173
0.999505
0.99987
1.00027
1.0007
1.00117
1.00167
1.0022
1.00276
1.00335
1.00396
1.0046
1.00526
1.00593
1.00662
1.00731
1.00802
1.00872
1.00943
1.01013
1.01082
1.0115
1.01216
1.0128
1.01342
1.01402
1.01459
1.01512
1.01563
1.0161
1.01654
1.01694
1.01732
1.01766
1.01797
1.01826
1.01852
1.01876
1.01898
1.01918
1.01936
1.01953
1.01969
1.01984
1.01998
1.02011
1.02024
1.02036
1.02048
1.02059
1.02071
1.02082
1.02092
1.02103
1.02114
1.02124
1.02134
1.02144
1.02154
1.02164
1.02174
1.02184
1.02194
1.02204
1.02214
1.02224
1.02234
1.02243
1.02253
1.02263
1.02273
1.02283
1.02293
1.02302
1.02312
1.02322
1.02331
1.02341
1.0235
1.0236
1.02369
1.02377
1.02386
1.02393
1.02399
1.02391
0.998754
0.99895
0.999171
0.999421
0.9997
1.00001
1.00035
1.00072
1.00112
1.00155
1.00201
1.00249
1.00301
1.00355
1.00412
1.00471
1.00532
1.00594
1.00658
1.00723
1.00789
1.00856
1.00922
1.00988
1.01054
1.01119
1.01182
1.01244
1.01304
1.01361
1.01416
1.01469
1.01519
1.01565
1.01609
1.0165
1.01688
1.01723
1.01755
1.01785
1.01812
1.01837
1.0186
1.01881
1.01901
1.01919
1.01936
1.01951
1.01966
1.01981
1.01994
1.02007
1.0202
1.02032
1.02044
1.02056
1.02067
1.02078
1.02089
1.021
1.0211
1.02121
1.02131
1.02142
1.02152
1.02162
1.02172
1.02183
1.02193
1.02203
1.02213
1.02223
1.02233
1.02243
1.02253
1.02263
1.02273
1.02283
1.02293
1.02303
1.02313
1.02323
1.02333
1.02342
1.02351
1.0236
1.02369
1.02376
1.02382
1.02377
0.999277
0.999465
0.999675
0.999911
1.00017
1.00046
1.00077
1.00112
1.00149
1.00188
1.00231
1.00276
1.00324
1.00374
1.00426
1.00481
1.00537
1.00595
1.00655
1.00716
1.00777
1.0084
1.00902
1.00965
1.01027
1.01088
1.01149
1.01208
1.01266
1.01321
1.01375
1.01426
1.01475
1.01521
1.01565
1.01606
1.01644
1.01679
1.01712
1.01743
1.01771
1.01797
1.01821
1.01843
1.01864
1.01883
1.01901
1.01918
1.01934
1.01949
1.01963
1.01977
1.0199
1.02003
1.02016
1.02028
1.0204
1.02051
1.02063
1.02074
1.02085
1.02096
1.02107
1.02118
1.02128
1.02139
1.02149
1.0216
1.0217
1.0218
1.02191
1.02201
1.02211
1.02222
1.02232
1.02242
1.02252
1.02263
1.02273
1.02283
1.02293
1.02303
1.02313
1.02322
1.02332
1.02341
1.0235
1.02357
1.02363
1.0236
0.999745
0.999925
1.00013
1.00035
1.00059
1.00086
1.00116
1.00147
1.00182
1.00219
1.00258
1.00299
1.00343
1.0039
1.00438
1.00489
1.00541
1.00595
1.00651
1.00708
1.00765
1.00824
1.00883
1.00942
1.01001
1.01059
1.01117
1.01173
1.01229
1.01282
1.01334
1.01384
1.01432
1.01478
1.01521
1.01562
1.016
1.01636
1.01669
1.017
1.01729
1.01756
1.01781
1.01804
1.01826
1.01846
1.01865
1.01882
1.01899
1.01915
1.0193
1.01945
1.01959
1.01973
1.01986
1.01998
1.02011
1.02023
1.02035
1.02047
1.02058
1.02069
1.02081
1.02092
1.02103
1.02114
1.02124
1.02135
1.02146
1.02156
1.02167
1.02177
1.02188
1.02199
1.02209
1.02219
1.0223
1.0224
1.02251
1.02261
1.02271
1.02281
1.02291
1.02301
1.02311
1.0232
1.02329
1.02336
1.02342
1.02341
1.00016
1.00034
1.00053
1.00074
1.00097
1.00122
1.0015
1.00179
1.00211
1.00245
1.00282
1.0032
1.00361
1.00404
1.00449
1.00496
1.00544
1.00595
1.00646
1.00699
1.00753
1.00808
1.00863
1.00919
1.00975
1.0103
1.01085
1.01139
1.01192
1.01244
1.01294
1.01343
1.0139
1.01434
1.01477
1.01517
1.01556
1.01592
1.01625
1.01657
1.01686
1.01714
1.0174
1.01764
1.01786
1.01807
1.01827
1.01846
1.01863
1.0188
1.01896
1.01912
1.01926
1.0194
1.01954
1.01967
1.0198
1.01993
1.02005
1.02018
1.02029
1.02041
1.02053
1.02064
1.02076
1.02087
1.02098
1.02109
1.0212
1.02131
1.02141
1.02152
1.02163
1.02174
1.02184
1.02195
1.02206
1.02216
1.02227
1.02237
1.02248
1.02258
1.02268
1.02278
1.02288
1.02297
1.02306
1.02314
1.0232
1.0232
1.00053
1.0007
1.00088
1.00108
1.0013
1.00154
1.00179
1.00207
1.00237
1.00268
1.00302
1.00338
1.00376
1.00416
1.00457
1.00501
1.00546
1.00593
1.00641
1.00691
1.00741
1.00792
1.00844
1.00897
1.00949
1.01002
1.01054
1.01106
1.01157
1.01206
1.01255
1.01302
1.01348
1.01391
1.01433
1.01473
1.01511
1.01547
1.01581
1.01613
1.01643
1.01671
1.01698
1.01722
1.01746
1.01768
1.01788
1.01808
1.01826
1.01844
1.0186
1.01876
1.01892
1.01907
1.01921
1.01935
1.01948
1.01962
1.01974
1.01987
1.01999
1.02011
1.02023
1.02035
1.02047
1.02058
1.0207
1.02081
1.02092
1.02103
1.02114
1.02126
1.02137
1.02147
1.02158
1.02169
1.0218
1.02191
1.02202
1.02212
1.02223
1.02233
1.02244
1.02254
1.02264
1.02273
1.02282
1.0229
1.02296
1.02298
1.00086
1.00102
1.00119
1.00138
1.00159
1.00181
1.00205
1.00231
1.00259
1.00289
1.0032
1.00353
1.00388
1.00425
1.00464
1.00505
1.00547
1.0059
1.00635
1.00681
1.00728
1.00777
1.00825
1.00875
1.00924
1.00974
1.01024
1.01073
1.01121
1.01169
1.01216
1.01262
1.01306
1.01349
1.0139
1.01429
1.01467
1.01503
1.01537
1.01569
1.01599
1.01628
1.01655
1.0168
1.01704
1.01727
1.01748
1.01768
1.01788
1.01806
1.01823
1.0184
1.01856
1.01871
1.01886
1.01901
1.01915
1.01928
1.01942
1.01955
1.01967
1.0198
1.01992
1.02004
1.02016
1.02028
1.0204
1.02052
1.02063
1.02075
1.02086
1.02097
1.02108
1.0212
1.02131
1.02142
1.02153
1.02164
1.02175
1.02186
1.02196
1.02207
1.02218
1.02228
1.02238
1.02248
1.02257
1.02265
1.02271
1.02274
1.00115
1.0013
1.00147
1.00165
1.00184
1.00205
1.00228
1.00252
1.00278
1.00306
1.00335
1.00366
1.00399
1.00433
1.00469
1.00507
1.00546
1.00586
1.00628
1.00671
1.00715
1.0076
1.00806
1.00853
1.009
1.00947
1.00994
1.0104
1.01087
1.01133
1.01178
1.01222
1.01265
1.01306
1.01347
1.01385
1.01422
1.01458
1.01492
1.01524
1.01555
1.01584
1.01611
1.01637
1.01662
1.01685
1.01707
1.01728
1.01748
1.01767
1.01785
1.01802
1.01819
1.01835
1.0185
1.01865
1.0188
1.01894
1.01908
1.01921
1.01934
1.01947
1.0196
1.01972
1.01985
1.01997
1.02009
1.02021
1.02032
1.02044
1.02056
1.02067
1.02079
1.0209
1.02102
1.02113
1.02124
1.02135
1.02146
1.02157
1.02168
1.02179
1.0219
1.022
1.02211
1.0222
1.0223
1.02238
1.02244
1.02249
1.00139
1.00154
1.0017
1.00187
1.00206
1.00226
1.00247
1.0027
1.00294
1.0032
1.00347
1.00376
1.00406
1.00438
1.00472
1.00507
1.00543
1.00581
1.0062
1.0066
1.00702
1.00744
1.00787
1.00831
1.00875
1.00919
1.00964
1.01008
1.01053
1.01097
1.0114
1.01182
1.01224
1.01264
1.01304
1.01342
1.01378
1.01413
1.01447
1.01479
1.0151
1.01539
1.01567
1.01593
1.01618
1.01642
1.01665
1.01686
1.01707
1.01726
1.01745
1.01763
1.0178
1.01797
1.01813
1.01828
1.01843
1.01858
1.01872
1.01886
1.01899
1.01913
1.01926
1.01939
1.01951
1.01964
1.01976
1.01988
1.02
1.02012
1.02024
1.02036
1.02048
1.02059
1.02071
1.02082
1.02094
1.02105
1.02117
1.02128
1.02139
1.0215
1.02161
1.02171
1.02182
1.02192
1.02201
1.0221
1.02216
1.02222
1.00161
1.00175
1.0019
1.00206
1.00224
1.00243
1.00263
1.00284
1.00307
1.00331
1.00357
1.00384
1.00412
1.00442
1.00473
1.00506
1.0054
1.00575
1.00611
1.00649
1.00688
1.00727
1.00768
1.00809
1.0085
1.00892
1.00935
1.00977
1.01019
1.01061
1.01102
1.01143
1.01183
1.01223
1.01261
1.01298
1.01334
1.01369
1.01402
1.01434
1.01465
1.01494
1.01522
1.01549
1.01574
1.01598
1.01622
1.01644
1.01665
1.01685
1.01704
1.01722
1.0174
1.01757
1.01774
1.0179
1.01805
1.0182
1.01835
1.01849
1.01863
1.01877
1.0189
1.01904
1.01917
1.01929
1.01942
1.01955
1.01967
1.01979
1.01991
1.02003
1.02015
1.02027
1.02039
1.02051
1.02062
1.02074
1.02085
1.02097
1.02108
1.02119
1.0213
1.02141
1.02152
1.02162
1.02171
1.0218
1.02187
1.02194
1.00179
1.00192
1.00207
1.00222
1.00239
1.00257
1.00276
1.00296
1.00317
1.0034
1.00364
1.00389
1.00415
1.00443
1.00472
1.00503
1.00535
1.00568
1.00602
1.00637
1.00673
1.0071
1.00748
1.00787
1.00826
1.00866
1.00905
1.00946
1.00986
1.01026
1.01065
1.01105
1.01143
1.01181
1.01219
1.01255
1.0129
1.01324
1.01357
1.01389
1.0142
1.01449
1.01477
1.01504
1.0153
1.01554
1.01578
1.016
1.01622
1.01642
1.01662
1.01681
1.01699
1.01717
1.01734
1.0175
1.01766
1.01782
1.01797
1.01811
1.01826
1.0184
1.01854
1.01867
1.01881
1.01894
1.01907
1.01919
1.01932
1.01944
1.01957
1.01969
1.01981
1.01993
1.02005
1.02017
1.02029
1.02041
1.02053
1.02064
1.02076
1.02087
1.02098
1.02109
1.0212
1.0213
1.0214
1.02149
1.02157
1.02165
1.00194
1.00207
1.0022
1.00235
1.00251
1.00268
1.00286
1.00305
1.00325
1.00346
1.00368
1.00392
1.00417
1.00443
1.0047
1.00499
1.00528
1.00559
1.00591
1.00624
1.00658
1.00693
1.00728
1.00764
1.00801
1.00839
1.00877
1.00915
1.00953
1.00991
1.01029
1.01067
1.01104
1.01141
1.01177
1.01212
1.01246
1.0128
1.01312
1.01344
1.01374
1.01403
1.01431
1.01458
1.01484
1.01509
1.01533
1.01556
1.01578
1.01599
1.01619
1.01638
1.01657
1.01675
1.01693
1.01709
1.01726
1.01742
1.01757
1.01772
1.01787
1.01802
1.01816
1.0183
1.01843
1.01857
1.0187
1.01883
1.01896
1.01909
1.01921
1.01934
1.01946
1.01959
1.01971
1.01983
1.01995
1.02007
1.02019
1.02031
1.02042
1.02054
1.02065
1.02076
1.02087
1.02098
1.02108
1.02117
1.02125
1.02134
1.00206
1.00218
1.00231
1.00246
1.00261
1.00277
1.00293
1.00311
1.0033
1.0035
1.00371
1.00393
1.00417
1.00441
1.00466
1.00493
1.00521
1.0055
1.00579
1.0061
1.00642
1.00675
1.00708
1.00742
1.00777
1.00812
1.00848
1.00884
1.0092
1.00957
1.00993
1.01029
1.01065
1.011
1.01135
1.01169
1.01203
1.01236
1.01268
1.01298
1.01329
1.01358
1.01386
1.01413
1.01439
1.01464
1.01488
1.01511
1.01533
1.01554
1.01575
1.01595
1.01614
1.01632
1.0165
1.01668
1.01684
1.01701
1.01717
1.01732
1.01747
1.01762
1.01777
1.01791
1.01805
1.01818
1.01832
1.01845
1.01859
1.01872
1.01884
1.01897
1.0191
1.01922
1.01935
1.01947
1.0196
1.01972
1.01984
1.01996
1.02008
1.02019
1.02031
1.02042
1.02053
1.02064
1.02074
1.02084
1.02093
1.02102
1.00215
1.00227
1.0024
1.00253
1.00268
1.00283
1.00299
1.00316
1.00333
1.00352
1.00372
1.00393
1.00414
1.00437
1.00461
1.00486
1.00512
1.00539
1.00567
1.00596
1.00625
1.00656
1.00687
1.0072
1.00752
1.00786
1.00819
1.00854
1.00888
1.00923
1.00957
1.00992
1.01026
1.0106
1.01094
1.01127
1.0116
1.01192
1.01223
1.01253
1.01283
1.01312
1.0134
1.01367
1.01393
1.01418
1.01442
1.01465
1.01488
1.0151
1.0153
1.01551
1.0157
1.01589
1.01607
1.01625
1.01642
1.01659
1.01675
1.01691
1.01706
1.01722
1.01736
1.01751
1.01765
1.01779
1.01793
1.01807
1.0182
1.01833
1.01847
1.0186
1.01872
1.01885
1.01898
1.0191
1.01923
1.01935
1.01948
1.0196
1.01972
1.01984
1.01996
1.02007
1.02019
1.02029
1.0204
1.0205
1.02059
1.0207
1.00223
1.00234
1.00246
1.00259
1.00272
1.00287
1.00302
1.00318
1.00335
1.00352
1.00371
1.0039
1.00411
1.00432
1.00455
1.00478
1.00502
1.00527
1.00554
1.00581
1.00609
1.00637
1.00667
1.00697
1.00728
1.00759
1.00791
1.00823
1.00856
1.00889
1.00922
1.00955
1.00988
1.01021
1.01053
1.01085
1.01117
1.01148
1.01179
1.01209
1.01238
1.01266
1.01294
1.01321
1.01347
1.01372
1.01396
1.01419
1.01442
1.01464
1.01485
1.01506
1.01526
1.01545
1.01563
1.01581
1.01599
1.01616
1.01633
1.01649
1.01665
1.0168
1.01695
1.0171
1.01725
1.01739
1.01753
1.01767
1.01781
1.01794
1.01808
1.01821
1.01834
1.01847
1.0186
1.01873
1.01885
1.01898
1.01911
1.01923
1.01935
1.01947
1.01959
1.01971
1.01983
1.01994
1.02005
1.02015
1.02024
1.02036
1.00228
1.00239
1.0025
1.00262
1.00275
1.00289
1.00303
1.00318
1.00334
1.00351
1.00368
1.00386
1.00406
1.00426
1.00447
1.00469
1.00491
1.00515
1.0054
1.00565
1.00591
1.00618
1.00646
1.00674
1.00703
1.00733
1.00763
1.00794
1.00825
1.00856
1.00887
1.00919
1.0095
1.00982
1.01013
1.01044
1.01075
1.01105
1.01135
1.01164
1.01193
1.01221
1.01248
1.01275
1.013
1.01325
1.0135
1.01373
1.01396
1.01418
1.0144
1.0146
1.01481
1.015
1.01519
1.01537
1.01555
1.01573
1.01589
1.01606
1.01622
1.01638
1.01653
1.01668
1.01683
1.01698
1.01712
1.01726
1.0174
1.01754
1.01768
1.01781
1.01795
1.01808
1.01821
1.01834
1.01847
1.0186
1.01872
1.01885
1.01898
1.0191
1.01922
1.01934
1.01946
1.01957
1.01968
1.01979
1.01989
1.02001
1.00231
1.00241
1.00252
1.00264
1.00276
1.00289
1.00302
1.00317
1.00332
1.00347
1.00364
1.00381
1.00399
1.00418
1.00438
1.00458
1.0048
1.00502
1.00525
1.00549
1.00573
1.00599
1.00625
1.00651
1.00679
1.00707
1.00735
1.00764
1.00793
1.00823
1.00853
1.00883
1.00913
1.00944
1.00974
1.01004
1.01033
1.01063
1.01092
1.0112
1.01148
1.01176
1.01203
1.01229
1.01254
1.01279
1.01304
1.01327
1.0135
1.01372
1.01394
1.01415
1.01435
1.01455
1.01474
1.01493
1.01511
1.01528
1.01546
1.01562
1.01579
1.01595
1.01611
1.01626
1.01641
1.01656
1.01671
1.01685
1.01699
1.01713
1.01727
1.01741
1.01755
1.01768
1.01781
1.01795
1.01808
1.01821
1.01834
1.01846
1.01859
1.01872
1.01884
1.01896
1.01908
1.0192
1.01931
1.01942
1.01952
1.01965
1.00232
1.00242
1.00253
1.00264
1.00275
1.00288
1.003
1.00314
1.00328
1.00343
1.00358
1.00375
1.00392
1.00409
1.00428
1.00447
1.00467
1.00488
1.00509
1.00532
1.00555
1.00579
1.00603
1.00628
1.00654
1.00681
1.00708
1.00735
1.00763
1.00791
1.00819
1.00848
1.00877
1.00906
1.00935
1.00964
1.00992
1.01021
1.01049
1.01077
1.01104
1.01131
1.01157
1.01183
1.01209
1.01233
1.01257
1.01281
1.01304
1.01326
1.01348
1.01369
1.01389
1.01409
1.01429
1.01447
1.01466
1.01484
1.01501
1.01518
1.01535
1.01551
1.01567
1.01583
1.01598
1.01614
1.01629
1.01643
1.01658
1.01672
1.01686
1.017
1.01714
1.01728
1.01741
1.01755
1.01768
1.01781
1.01794
1.01807
1.0182
1.01833
1.01845
1.01858
1.0187
1.01882
1.01893
1.01905
1.01915
1.01929
1.00232
1.00242
1.00252
1.00262
1.00273
1.00285
1.00297
1.0031
1.00323
1.00337
1.00351
1.00367
1.00383
1.00399
1.00417
1.00435
1.00454
1.00473
1.00494
1.00515
1.00536
1.00559
1.00582
1.00606
1.0063
1.00655
1.0068
1.00706
1.00732
1.00759
1.00786
1.00814
1.00841
1.00869
1.00896
1.00924
1.00952
1.00979
1.01007
1.01034
1.0106
1.01087
1.01113
1.01138
1.01163
1.01187
1.01211
1.01235
1.01258
1.0128
1.01302
1.01323
1.01343
1.01363
1.01383
1.01402
1.01421
1.01439
1.01456
1.01474
1.01491
1.01507
1.01524
1.0154
1.01555
1.01571
1.01586
1.01601
1.01615
1.0163
1.01644
1.01658
1.01673
1.01686
1.017
1.01714
1.01727
1.01741
1.01754
1.01767
1.0178
1.01793
1.01806
1.01819
1.01831
1.01843
1.01855
1.01867
1.01878
1.01892
1.00231
1.0024
1.00249
1.00259
1.0027
1.00281
1.00292
1.00304
1.00317
1.0033
1.00344
1.00358
1.00373
1.00389
1.00405
1.00422
1.0044
1.00458
1.00477
1.00497
1.00518
1.00539
1.0056
1.00583
1.00606
1.00629
1.00653
1.00678
1.00703
1.00728
1.00754
1.0078
1.00806
1.00832
1.00859
1.00885
1.00912
1.00939
1.00965
1.00991
1.01017
1.01043
1.01068
1.01093
1.01118
1.01142
1.01166
1.01189
1.01212
1.01234
1.01255
1.01277
1.01297
1.01317
1.01337
1.01356
1.01375
1.01394
1.01411
1.01429
1.01446
1.01463
1.0148
1.01496
1.01512
1.01527
1.01543
1.01558
1.01573
1.01587
1.01602
1.01616
1.01631
1.01645
1.01659
1.01673
1.01686
1.017
1.01713
1.01727
1.0174
1.01753
1.01766
1.01779
1.01792
1.01804
1.01817
1.01829
1.0184
1.01855
1.00228
1.00237
1.00245
1.00255
1.00265
1.00275
1.00286
1.00298
1.00309
1.00322
1.00335
1.00349
1.00363
1.00378
1.00393
1.00409
1.00426
1.00443
1.00461
1.00479
1.00499
1.00518
1.00539
1.0056
1.00581
1.00604
1.00626
1.00649
1.00673
1.00697
1.00722
1.00746
1.00771
1.00797
1.00822
1.00848
1.00873
1.00899
1.00924
1.0095
1.00975
1.01
1.01025
1.01049
1.01073
1.01097
1.0112
1.01143
1.01166
1.01188
1.0121
1.01231
1.01251
1.01272
1.01291
1.01311
1.0133
1.01348
1.01366
1.01384
1.01401
1.01418
1.01435
1.01452
1.01468
1.01484
1.01499
1.01515
1.0153
1.01545
1.01559
1.01574
1.01589
1.01603
1.01617
1.01631
1.01645
1.01659
1.01673
1.01686
1.017
1.01713
1.01726
1.01739
1.01752
1.01765
1.01778
1.0179
1.01802
1.01817
1.00224
1.00232
1.00241
1.0025
1.00259
1.00269
1.00279
1.0029
1.00301
1.00313
1.00325
1.00338
1.00352
1.00366
1.0038
1.00395
1.00411
1.00427
1.00444
1.00461
1.0048
1.00498
1.00517
1.00537
1.00558
1.00578
1.006
1.00622
1.00644
1.00667
1.0069
1.00714
1.00738
1.00762
1.00786
1.0081
1.00835
1.0086
1.00884
1.00909
1.00933
1.00958
1.00982
1.01006
1.01029
1.01053
1.01076
1.01098
1.01121
1.01143
1.01164
1.01185
1.01206
1.01226
1.01246
1.01265
1.01284
1.01303
1.01321
1.01339
1.01357
1.01374
1.01391
1.01407
1.01424
1.0144
1.01456
1.01471
1.01486
1.01502
1.01517
1.01531
1.01546
1.01561
1.01575
1.01589
1.01603
1.01617
1.01631
1.01645
1.01659
1.01672
1.01686
1.01699
1.01712
1.01725
1.01738
1.01751
1.01763
1.0178
1.00219
1.00227
1.00235
1.00244
1.00253
1.00262
1.00272
1.00282
1.00293
1.00304
1.00315
1.00327
1.0034
1.00353
1.00367
1.00381
1.00396
1.00411
1.00427
1.00443
1.0046
1.00478
1.00496
1.00515
1.00534
1.00554
1.00574
1.00595
1.00616
1.00637
1.00659
1.00682
1.00704
1.00727
1.00751
1.00774
1.00798
1.00821
1.00845
1.00869
1.00893
1.00916
1.0094
1.00963
1.00986
1.01009
1.01032
1.01054
1.01076
1.01098
1.01119
1.0114
1.0116
1.01181
1.012
1.0122
1.01239
1.01258
1.01276
1.01294
1.01312
1.01329
1.01346
1.01363
1.0138
1.01396
1.01412
1.01428
1.01443
1.01459
1.01474
1.01489
1.01504
1.01518
1.01533
1.01547
1.01562
1.01576
1.0159
1.01604
1.01618
1.01632
1.01645
1.01659
1.01672
1.01686
1.01699
1.01712
1.01725
1.01742
1.00214
1.00221
1.00229
1.00237
1.00246
1.00254
1.00264
1.00273
1.00283
1.00294
1.00305
1.00316
1.00328
1.0034
1.00353
1.00367
1.00381
1.00395
1.0041
1.00425
1.00441
1.00458
1.00475
1.00493
1.00511
1.00529
1.00548
1.00568
1.00588
1.00609
1.00629
1.00651
1.00672
1.00694
1.00716
1.00739
1.00761
1.00784
1.00807
1.0083
1.00853
1.00876
1.00898
1.00921
1.00944
1.00966
1.00988
1.0101
1.01032
1.01053
1.01074
1.01095
1.01116
1.01136
1.01156
1.01175
1.01194
1.01213
1.01231
1.01249
1.01267
1.01285
1.01302
1.01319
1.01335
1.01352
1.01368
1.01384
1.014
1.01415
1.01431
1.01446
1.01461
1.01476
1.01491
1.01505
1.0152
1.01534
1.01549
1.01563
1.01577
1.01591
1.01605
1.01619
1.01632
1.01646
1.0166
1.01673
1.01686
1.01703
1.00208
1.00215
1.00222
1.0023
1.00238
1.00246
1.00255
1.00264
1.00273
1.00283
1.00294
1.00304
1.00316
1.00327
1.00339
1.00352
1.00365
1.00379
1.00393
1.00407
1.00422
1.00438
1.00454
1.00471
1.00488
1.00505
1.00523
1.00542
1.00561
1.0058
1.006
1.0062
1.00641
1.00662
1.00683
1.00704
1.00726
1.00748
1.0077
1.00792
1.00814
1.00836
1.00858
1.0088
1.00902
1.00924
1.00946
1.00967
1.00989
1.0101
1.01031
1.01051
1.01071
1.01091
1.01111
1.0113
1.0115
1.01168
1.01187
1.01205
1.01223
1.0124
1.01258
1.01275
1.01292
1.01308
1.01325
1.01341
1.01357
1.01372
1.01388
1.01403
1.01419
1.01434
1.01449
1.01463
1.01478
1.01493
1.01507
1.01522
1.01536
1.0155
1.01564
1.01579
1.01593
1.01606
1.0162
1.01634
1.01647
1.01665
1.00201
1.00208
1.00215
1.00222
1.00229
1.00237
1.00246
1.00254
1.00263
1.00273
1.00282
1.00293
1.00303
1.00314
1.00326
1.00337
1.0035
1.00363
1.00376
1.0039
1.00404
1.00418
1.00434
1.00449
1.00465
1.00482
1.00499
1.00516
1.00534
1.00553
1.00572
1.00591
1.0061
1.0063
1.0065
1.00671
1.00691
1.00712
1.00733
1.00755
1.00776
1.00797
1.00819
1.0084
1.00862
1.00883
1.00904
1.00925
1.00946
1.00967
1.00987
1.01008
1.01028
1.01048
1.01067
1.01086
1.01105
1.01124
1.01143
1.01161
1.01179
1.01197
1.01214
1.01231
1.01248
1.01265
1.01281
1.01297
1.01314
1.01329
1.01345
1.01361
1.01376
1.01391
1.01407
1.01422
1.01437
1.01451
1.01466
1.01481
1.01495
1.0151
1.01524
1.01538
1.01553
1.01567
1.01581
1.01595
1.01609
1.01627
1.00194
1.002
1.00207
1.00214
1.00221
1.00228
1.00236
1.00244
1.00253
1.00262
1.00271
1.0028
1.0029
1.00301
1.00312
1.00323
1.00334
1.00346
1.00359
1.00372
1.00385
1.00399
1.00413
1.00428
1.00443
1.00459
1.00475
1.00492
1.00509
1.00526
1.00544
1.00562
1.0058
1.00599
1.00619
1.00638
1.00658
1.00678
1.00698
1.00718
1.00739
1.0076
1.0078
1.00801
1.00822
1.00843
1.00863
1.00884
1.00904
1.00925
1.00945
1.00965
1.00985
1.01005
1.01024
1.01043
1.01062
1.01081
1.01099
1.01117
1.01135
1.01153
1.01171
1.01188
1.01205
1.01222
1.01238
1.01255
1.01271
1.01287
1.01303
1.01319
1.01334
1.0135
1.01365
1.0138
1.01395
1.0141
1.01425
1.0144
1.01455
1.01469
1.01484
1.01499
1.01513
1.01528
1.01542
1.01556
1.01571
1.0159
1.00187
1.00192
1.00199
1.00205
1.00212
1.00219
1.00227
1.00234
1.00242
1.00251
1.00259
1.00268
1.00278
1.00287
1.00298
1.00308
1.00319
1.0033
1.00342
1.00354
1.00367
1.0038
1.00394
1.00407
1.00422
1.00437
1.00452
1.00467
1.00483
1.005
1.00517
1.00534
1.00552
1.0057
1.00588
1.00607
1.00625
1.00645
1.00664
1.00683
1.00703
1.00723
1.00743
1.00763
1.00783
1.00804
1.00824
1.00844
1.00864
1.00884
1.00904
1.00923
1.00943
1.00962
1.00981
1.01
1.01019
1.01038
1.01056
1.01074
1.01092
1.0111
1.01128
1.01145
1.01162
1.01179
1.01196
1.01212
1.01229
1.01245
1.01261
1.01277
1.01292
1.01308
1.01324
1.01339
1.01354
1.01369
1.01385
1.014
1.01415
1.01429
1.01444
1.01459
1.01474
1.01489
1.01503
1.01518
1.01533
1.01552
1.00179
1.00185
1.0019
1.00197
1.00203
1.0021
1.00217
1.00224
1.00232
1.00239
1.00248
1.00256
1.00265
1.00274
1.00284
1.00294
1.00304
1.00315
1.00326
1.00337
1.00349
1.00361
1.00374
1.00387
1.00401
1.00415
1.00429
1.00444
1.00459
1.00475
1.00491
1.00507
1.00524
1.00541
1.00558
1.00576
1.00594
1.00612
1.00631
1.0065
1.00669
1.00688
1.00707
1.00726
1.00746
1.00765
1.00785
1.00805
1.00824
1.00844
1.00863
1.00883
1.00902
1.00921
1.0094
1.00959
1.00977
1.00996
1.01014
1.01032
1.0105
1.01068
1.01085
1.01103
1.0112
1.01137
1.01154
1.0117
1.01187
1.01203
1.01219
1.01235
1.01251
1.01267
1.01283
1.01298
1.01314
1.01329
1.01344
1.0136
1.01375
1.0139
1.01405
1.0142
1.01435
1.0145
1.01465
1.0148
1.01495
1.01515
1.00171
1.00176
1.00182
1.00188
1.00194
1.002
1.00207
1.00214
1.00221
1.00228
1.00236
1.00244
1.00252
1.00261
1.0027
1.0028
1.00289
1.00299
1.0031
1.00321
1.00332
1.00343
1.00355
1.00368
1.0038
1.00394
1.00407
1.00421
1.00436
1.0045
1.00465
1.00481
1.00497
1.00513
1.0053
1.00546
1.00564
1.00581
1.00599
1.00617
1.00635
1.00653
1.00672
1.00691
1.0071
1.00729
1.00748
1.00767
1.00786
1.00805
1.00824
1.00843
1.00862
1.00881
1.00899
1.00918
1.00936
1.00955
1.00973
1.00991
1.01009
1.01026
1.01044
1.01061
1.01078
1.01095
1.01112
1.01129
1.01145
1.01162
1.01178
1.01194
1.0121
1.01226
1.01242
1.01258
1.01273
1.01289
1.01304
1.0132
1.01335
1.01351
1.01366
1.01381
1.01397
1.01412
1.01427
1.01443
1.01458
1.01479
1.00163
1.00168
1.00174
1.00179
1.00185
1.00191
1.00197
1.00204
1.0021
1.00217
1.00225
1.00232
1.0024
1.00248
1.00257
1.00266
1.00275
1.00284
1.00294
1.00304
1.00315
1.00326
1.00337
1.00349
1.00361
1.00373
1.00386
1.00399
1.00413
1.00427
1.00441
1.00456
1.00471
1.00486
1.00502
1.00518
1.00534
1.00551
1.00568
1.00585
1.00603
1.0062
1.00638
1.00656
1.00675
1.00693
1.00711
1.0073
1.00748
1.00767
1.00786
1.00804
1.00823
1.00841
1.0086
1.00878
1.00896
1.00914
1.00932
1.0095
1.00968
1.00986
1.01003
1.0102
1.01037
1.01055
1.01071
1.01088
1.01105
1.01121
1.01138
1.01154
1.0117
1.01186
1.01202
1.01218
1.01234
1.0125
1.01265
1.01281
1.01296
1.01312
1.01328
1.01343
1.01359
1.01374
1.0139
1.01406
1.01421
1.01443
1.00156
1.0016
1.00165
1.00171
1.00176
1.00182
1.00187
1.00194
1.002
1.00207
1.00213
1.00221
1.00228
1.00236
1.00244
1.00252
1.00261
1.00269
1.00279
1.00288
1.00298
1.00309
1.00319
1.0033
1.00342
1.00353
1.00365
1.00378
1.00391
1.00404
1.00418
1.00431
1.00446
1.0046
1.00475
1.00491
1.00506
1.00522
1.00538
1.00555
1.00572
1.00589
1.00606
1.00623
1.00641
1.00658
1.00676
1.00694
1.00712
1.0073
1.00748
1.00767
1.00785
1.00803
1.00821
1.00839
1.00857
1.00875
1.00893
1.0091
1.00928
1.00946
1.00963
1.0098
1.00997
1.01014
1.01031
1.01048
1.01065
1.01081
1.01098
1.01114
1.01131
1.01147
1.01163
1.01179
1.01195
1.01211
1.01227
1.01242
1.01258
1.01274
1.0129
1.01306
1.01321
1.01337
1.01353
1.01369
1.01385
1.01407
1.00148
1.00152
1.00157
1.00162
1.00167
1.00172
1.00178
1.00184
1.0019
1.00196
1.00202
1.00209
1.00216
1.00223
1.00231
1.00239
1.00247
1.00255
1.00264
1.00273
1.00282
1.00292
1.00302
1.00312
1.00323
1.00334
1.00346
1.00357
1.0037
1.00382
1.00395
1.00408
1.00422
1.00436
1.0045
1.00464
1.00479
1.00494
1.0051
1.00526
1.00542
1.00558
1.00574
1.00591
1.00608
1.00625
1.00642
1.0066
1.00677
1.00695
1.00712
1.0073
1.00748
1.00766
1.00783
1.00801
1.00819
1.00837
1.00854
1.00872
1.00889
1.00907
1.00924
1.00941
1.00958
1.00975
1.00992
1.01009
1.01026
1.01042
1.01059
1.01075
1.01092
1.01108
1.01124
1.0114
1.01156
1.01172
1.01189
1.01205
1.01221
1.01237
1.01253
1.01269
1.01285
1.01301
1.01317
1.01334
1.0135
1.01372
1.0014
1.00144
1.00149
1.00153
1.00158
1.00163
1.00169
1.00174
1.0018
1.00185
1.00192
1.00198
1.00204
1.00211
1.00218
1.00226
1.00233
1.00241
1.0025
1.00258
1.00267
1.00276
1.00286
1.00295
1.00305
1.00316
1.00327
1.00338
1.00349
1.00361
1.00373
1.00386
1.00399
1.00412
1.00425
1.00439
1.00453
1.00468
1.00482
1.00497
1.00513
1.00528
1.00544
1.0056
1.00577
1.00593
1.0061
1.00626
1.00643
1.00661
1.00678
1.00695
1.00712
1.0073
1.00747
1.00765
1.00782
1.00799
1.00817
1.00834
1.00851
1.00869
1.00886
1.00903
1.0092
1.00937
1.00954
1.00971
1.00987
1.01004
1.01021
1.01037
1.01054
1.0107
1.01086
1.01103
1.01119
1.01135
1.01151
1.01167
1.01184
1.012
1.01216
1.01232
1.01249
1.01265
1.01282
1.01298
1.01315
1.01338
1.00133
1.00137
1.00141
1.00145
1.0015
1.00155
1.00159
1.00165
1.0017
1.00175
1.00181
1.00187
1.00193
1.002
1.00206
1.00213
1.00221
1.00228
1.00236
1.00244
1.00252
1.00261
1.0027
1.00279
1.00288
1.00298
1.00308
1.00319
1.0033
1.00341
1.00352
1.00364
1.00376
1.00389
1.00402
1.00415
1.00428
1.00442
1.00456
1.00471
1.00485
1.005
1.00515
1.00531
1.00546
1.00562
1.00578
1.00595
1.00611
1.00628
1.00644
1.00661
1.00678
1.00695
1.00712
1.00729
1.00746
1.00763
1.0078
1.00797
1.00815
1.00832
1.00849
1.00866
1.00883
1.009
1.00916
1.00933
1.0095
1.00967
1.00983
1.01
1.01016
1.01033
1.01049
1.01066
1.01082
1.01098
1.01115
1.01131
1.01147
1.01164
1.0118
1.01197
1.01213
1.0123
1.01247
1.01264
1.01281
1.01304
1.00125
1.00129
1.00133
1.00137
1.00142
1.00146
1.00151
1.00155
1.0016
1.00166
1.00171
1.00177
1.00182
1.00189
1.00195
1.00201
1.00208
1.00215
1.00222
1.0023
1.00238
1.00246
1.00254
1.00263
1.00272
1.00281
1.00291
1.00301
1.00311
1.00322
1.00333
1.00344
1.00355
1.00367
1.00379
1.00392
1.00405
1.00418
1.00431
1.00445
1.00459
1.00473
1.00488
1.00502
1.00517
1.00533
1.00548
1.00564
1.0058
1.00596
1.00612
1.00628
1.00645
1.00661
1.00678
1.00695
1.00711
1.00728
1.00745
1.00762
1.00779
1.00796
1.00813
1.0083
1.00846
1.00863
1.0088
1.00897
1.00913
1.0093
1.00947
1.00963
1.0098
1.00996
1.01013
1.01029
1.01046
1.01062
1.01079
1.01095
1.01112
1.01129
1.01145
1.01162
1.01179
1.01196
1.01213
1.0123
1.01248
1.01271
1.00118
1.00122
1.00126
1.0013
1.00134
1.00138
1.00142
1.00147
1.00151
1.00156
1.00161
1.00167
1.00172
1.00178
1.00184
1.0019
1.00196
1.00203
1.0021
1.00217
1.00224
1.00232
1.0024
1.00248
1.00256
1.00265
1.00274
1.00284
1.00293
1.00303
1.00314
1.00324
1.00335
1.00346
1.00358
1.0037
1.00382
1.00394
1.00407
1.0042
1.00434
1.00447
1.00461
1.00475
1.0049
1.00504
1.00519
1.00534
1.0055
1.00565
1.00581
1.00597
1.00613
1.00629
1.00645
1.00662
1.00678
1.00695
1.00711
1.00728
1.00744
1.00761
1.00778
1.00794
1.00811
1.00828
1.00845
1.00861
1.00878
1.00895
1.00911
1.00928
1.00944
1.00961
1.00978
1.00994
1.01011
1.01027
1.01044
1.01061
1.01077
1.01094
1.01111
1.01128
1.01145
1.01162
1.0118
1.01198
1.01215
1.01239
1.00112
1.00115
1.00118
1.00122
1.00126
1.0013
1.00134
1.00138
1.00143
1.00147
1.00152
1.00157
1.00162
1.00167
1.00173
1.00179
1.00185
1.00191
1.00197
1.00204
1.00211
1.00218
1.00226
1.00233
1.00241
1.0025
1.00258
1.00267
1.00276
1.00286
1.00295
1.00306
1.00316
1.00327
1.00337
1.00349
1.0036
1.00372
1.00384
1.00397
1.0041
1.00423
1.00436
1.00449
1.00463
1.00477
1.00492
1.00506
1.00521
1.00536
1.00551
1.00567
1.00582
1.00598
1.00614
1.0063
1.00646
1.00662
1.00678
1.00695
1.00711
1.00727
1.00744
1.0076
1.00777
1.00794
1.0081
1.00827
1.00843
1.0086
1.00877
1.00893
1.0091
1.00926
1.00943
1.0096
1.00977
1.00993
1.0101
1.01027
1.01044
1.01061
1.01078
1.01095
1.01112
1.0113
1.01147
1.01165
1.01183
1.01207
1.00105
1.00108
1.00112
1.00115
1.00118
1.00122
1.00126
1.0013
1.00134
1.00139
1.00143
1.00148
1.00153
1.00158
1.00163
1.00168
1.00174
1.0018
1.00186
1.00192
1.00199
1.00205
1.00212
1.0022
1.00227
1.00235
1.00243
1.00252
1.0026
1.00269
1.00278
1.00288
1.00298
1.00308
1.00318
1.00329
1.0034
1.00351
1.00363
1.00374
1.00387
1.00399
1.00412
1.00425
1.00438
1.00452
1.00465
1.00479
1.00494
1.00508
1.00523
1.00538
1.00553
1.00568
1.00584
1.00599
1.00615
1.00631
1.00647
1.00663
1.00679
1.00695
1.00711
1.00728
1.00744
1.0076
1.00777
1.00793
1.0081
1.00826
1.00843
1.0086
1.00876
1.00893
1.0091
1.00926
1.00943
1.0096
1.00977
1.00994
1.01011
1.01028
1.01045
1.01063
1.0108
1.01098
1.01116
1.01134
1.01152
1.01177
1.00099
1.00102
1.00105
1.00108
1.00111
1.00115
1.00119
1.00122
1.00126
1.0013
1.00134
1.00139
1.00143
1.00148
1.00153
1.00158
1.00164
1.00169
1.00175
1.00181
1.00187
1.00193
1.002
1.00207
1.00214
1.00221
1.00229
1.00237
1.00245
1.00253
1.00262
1.00271
1.0028
1.0029
1.003
1.0031
1.0032
1.00331
1.00342
1.00353
1.00365
1.00377
1.00389
1.00401
1.00414
1.00427
1.0044
1.00454
1.00468
1.00482
1.00496
1.0051
1.00525
1.0054
1.00555
1.0057
1.00585
1.00601
1.00616
1.00632
1.00648
1.00664
1.0068
1.00696
1.00712
1.00728
1.00745
1.00761
1.00777
1.00794
1.00811
1.00827
1.00844
1.0086
1.00877
1.00894
1.00911
1.00928
1.00945
1.00962
1.00979
1.00996
1.01014
1.01031
1.01049
1.01067
1.01085
1.01104
1.01122
1.01147
1.00093
1.00096
1.00099
1.00102
1.00105
1.00108
1.00111
1.00115
1.00119
1.00122
1.00126
1.00131
1.00135
1.00139
1.00144
1.00149
1.00154
1.00159
1.00164
1.0017
1.00176
1.00182
1.00188
1.00194
1.00201
1.00208
1.00215
1.00223
1.0023
1.00238
1.00247
1.00255
1.00264
1.00273
1.00282
1.00292
1.00302
1.00312
1.00322
1.00333
1.00344
1.00356
1.00367
1.00379
1.00391
1.00404
1.00417
1.0043
1.00443
1.00456
1.0047
1.00484
1.00498
1.00512
1.00527
1.00542
1.00557
1.00572
1.00587
1.00602
1.00618
1.00634
1.00649
1.00665
1.00681
1.00697
1.00714
1.0073
1.00746
1.00763
1.00779
1.00796
1.00812
1.00829
1.00846
1.00863
1.00879
1.00896
1.00914
1.00931
1.00948
1.00966
1.00983
1.01001
1.01019
1.01037
1.01056
1.01074
1.01093
1.01118
1.00087
1.0009
1.00093
1.00095
1.00098
1.00101
1.00105
1.00108
1.00111
1.00115
1.00119
1.00123
1.00127
1.00131
1.00135
1.0014
1.00144
1.00149
1.00154
1.0016
1.00165
1.00171
1.00177
1.00183
1.00189
1.00196
1.00202
1.00209
1.00217
1.00224
1.00232
1.0024
1.00248
1.00257
1.00266
1.00275
1.00284
1.00294
1.00304
1.00314
1.00325
1.00336
1.00347
1.00358
1.0037
1.00382
1.00394
1.00406
1.00419
1.00432
1.00445
1.00459
1.00473
1.00486
1.00501
1.00515
1.0053
1.00544
1.00559
1.00574
1.00589
1.00605
1.0062
1.00636
1.00652
1.00668
1.00684
1.007
1.00716
1.00732
1.00749
1.00765
1.00782
1.00799
1.00815
1.00832
1.00849
1.00866
1.00883
1.00901
1.00918
1.00936
1.00953
1.00971
1.0099
1.01008
1.01027
1.01046
1.01065
1.0109
1.00082
1.00084
1.00087
1.0009
1.00092
1.00095
1.00098
1.00101
1.00105
1.00108
1.00111
1.00115
1.00119
1.00123
1.00127
1.00131
1.00136
1.0014
1.00145
1.0015
1.00155
1.0016
1.00166
1.00172
1.00178
1.00184
1.0019
1.00197
1.00204
1.00211
1.00218
1.00226
1.00234
1.00242
1.0025
1.00259
1.00268
1.00277
1.00287
1.00296
1.00306
1.00317
1.00327
1.00338
1.00349
1.00361
1.00372
1.00384
1.00397
1.00409
1.00422
1.00435
1.00448
1.00462
1.00476
1.00489
1.00504
1.00518
1.00533
1.00547
1.00562
1.00577
1.00593
1.00608
1.00624
1.00639
1.00655
1.00671
1.00687
1.00703
1.0072
1.00736
1.00753
1.00769
1.00786
1.00803
1.0082
1.00837
1.00854
1.00872
1.00889
1.00907
1.00925
1.00943
1.00961
1.0098
1.00999
1.01018
1.01037
1.01063
1.00077
1.00079
1.00082
1.00084
1.00087
1.00089
1.00092
1.00095
1.00098
1.00101
1.00105
1.00108
1.00112
1.00115
1.00119
1.00123
1.00127
1.00132
1.00136
1.00141
1.00146
1.00151
1.00156
1.00161
1.00167
1.00173
1.00179
1.00185
1.00192
1.00198
1.00205
1.00212
1.0022
1.00228
1.00236
1.00244
1.00252
1.00261
1.0027
1.00279
1.00289
1.00299
1.00309
1.00319
1.0033
1.00341
1.00352
1.00364
1.00376
1.00388
1.004
1.00412
1.00425
1.00438
1.00452
1.00465
1.00479
1.00493
1.00507
1.00522
1.00536
1.00551
1.00566
1.00581
1.00596
1.00612
1.00628
1.00643
1.00659
1.00675
1.00692
1.00708
1.00724
1.00741
1.00758
1.00775
1.00792
1.00809
1.00826
1.00844
1.00861
1.00879
1.00897
1.00915
1.00934
1.00953
1.00972
1.00991
1.01011
1.01037
1.00072
1.00074
1.00076
1.00079
1.00081
1.00084
1.00086
1.00089
1.00092
1.00095
1.00098
1.00101
1.00105
1.00108
1.00112
1.00116
1.0012
1.00124
1.00128
1.00132
1.00137
1.00142
1.00146
1.00152
1.00157
1.00162
1.00168
1.00174
1.0018
1.00187
1.00193
1.002
1.00207
1.00214
1.00222
1.0023
1.00238
1.00246
1.00255
1.00263
1.00273
1.00282
1.00292
1.00302
1.00312
1.00322
1.00333
1.00344
1.00356
1.00367
1.00379
1.00391
1.00404
1.00416
1.00429
1.00442
1.00456
1.00469
1.00483
1.00497
1.00511
1.00526
1.00541
1.00555
1.00571
1.00586
1.00601
1.00617
1.00633
1.00649
1.00665
1.00681
1.00697
1.00714
1.00731
1.00747
1.00764
1.00782
1.00799
1.00817
1.00834
1.00852
1.0087
1.00889
1.00908
1.00927
1.00946
1.00966
1.00985
1.01012
1.00068
1.0007
1.00072
1.00074
1.00076
1.00079
1.00081
1.00084
1.00086
1.00089
1.00092
1.00095
1.00098
1.00102
1.00105
1.00109
1.00112
1.00116
1.0012
1.00124
1.00129
1.00133
1.00138
1.00142
1.00147
1.00153
1.00158
1.00164
1.00169
1.00175
1.00182
1.00188
1.00195
1.00202
1.00209
1.00216
1.00224
1.00232
1.0024
1.00249
1.00257
1.00266
1.00275
1.00285
1.00295
1.00305
1.00315
1.00326
1.00337
1.00348
1.00359
1.00371
1.00383
1.00395
1.00408
1.0042
1.00433
1.00447
1.0046
1.00474
1.00488
1.00502
1.00516
1.00531
1.00546
1.00561
1.00576
1.00592
1.00607
1.00623
1.00639
1.00655
1.00671
1.00688
1.00705
1.00721
1.00738
1.00756
1.00773
1.00791
1.00809
1.00827
1.00845
1.00863
1.00882
1.00901
1.00921
1.00941
1.00961
1.00988
1.00063
1.00065
1.00067
1.00069
1.00072
1.00074
1.00076
1.00079
1.00081
1.00084
1.00087
1.00089
1.00092
1.00095
1.00099
1.00102
1.00105
1.00109
1.00113
1.00117
1.00121
1.00125
1.00129
1.00134
1.00139
1.00144
1.00149
1.00154
1.00159
1.00165
1.00171
1.00177
1.00184
1.0019
1.00197
1.00204
1.00211
1.00219
1.00227
1.00235
1.00243
1.00251
1.0026
1.00269
1.00279
1.00288
1.00298
1.00308
1.00319
1.0033
1.00341
1.00352
1.00364
1.00375
1.00387
1.004
1.00412
1.00425
1.00439
1.00452
1.00466
1.00479
1.00494
1.00508
1.00522
1.00537
1.00552
1.00567
1.00583
1.00599
1.00614
1.0063
1.00647
1.00663
1.0068
1.00696
1.00714
1.00731
1.00748
1.00766
1.00784
1.00802
1.0082
1.00839
1.00858
1.00877
1.00897
1.00917
1.00937
1.00964
1.0006
1.00061
1.00063
1.00065
1.00067
1.00069
1.00072
1.00074
1.00076
1.00079
1.00081
1.00084
1.00087
1.0009
1.00093
1.00096
1.00099
1.00103
1.00106
1.0011
1.00114
1.00118
1.00122
1.00126
1.0013
1.00135
1.0014
1.00145
1.0015
1.00156
1.00161
1.00167
1.00173
1.00179
1.00186
1.00192
1.00199
1.00206
1.00214
1.00222
1.00229
1.00238
1.00246
1.00255
1.00264
1.00273
1.00282
1.00292
1.00302
1.00313
1.00323
1.00334
1.00345
1.00357
1.00369
1.00381
1.00393
1.00405
1.00418
1.00431
1.00444
1.00458
1.00472
1.00486
1.005
1.00515
1.0053
1.00545
1.0056
1.00575
1.00591
1.00607
1.00623
1.00639
1.00656
1.00673
1.0069
1.00707
1.00724
1.00742
1.0076
1.00778
1.00797
1.00816
1.00835
1.00854
1.00874
1.00894
1.00915
1.00942
1.00056
1.00058
1.00059
1.00061
1.00063
1.00065
1.00067
1.00069
1.00072
1.00074
1.00076
1.00079
1.00082
1.00084
1.00087
1.0009
1.00093
1.00096
1.001
1.00103
1.00107
1.00111
1.00115
1.00119
1.00123
1.00127
1.00132
1.00137
1.00142
1.00147
1.00152
1.00157
1.00163
1.00169
1.00175
1.00182
1.00188
1.00195
1.00202
1.00209
1.00217
1.00225
1.00233
1.00241
1.0025
1.00259
1.00268
1.00277
1.00287
1.00297
1.00307
1.00317
1.00328
1.00339
1.00351
1.00362
1.00374
1.00386
1.00399
1.00412
1.00425
1.00438
1.00451
1.00465
1.00479
1.00494
1.00508
1.00523
1.00538
1.00553
1.00569
1.00585
1.00601
1.00617
1.00633
1.0065
1.00667
1.00684
1.00702
1.0072
1.00738
1.00756
1.00774
1.00793
1.00813
1.00832
1.00852
1.00873
1.00893
1.00921
1.00053
1.00054
1.00056
1.00058
1.00059
1.00061
1.00063
1.00065
1.00067
1.0007
1.00072
1.00074
1.00077
1.00079
1.00082
1.00085
1.00088
1.00091
1.00094
1.00097
1.00101
1.00104
1.00108
1.00112
1.00116
1.0012
1.00124
1.00129
1.00133
1.00138
1.00143
1.00149
1.00154
1.0016
1.00166
1.00172
1.00178
1.00184
1.00191
1.00198
1.00205
1.00213
1.0022
1.00228
1.00237
1.00245
1.00254
1.00263
1.00272
1.00282
1.00292
1.00302
1.00312
1.00323
1.00334
1.00345
1.00357
1.00369
1.00381
1.00393
1.00406
1.00419
1.00432
1.00446
1.0046
1.00474
1.00488
1.00503
1.00517
1.00533
1.00548
1.00564
1.00579
1.00596
1.00612
1.00629
1.00646
1.00663
1.0068
1.00698
1.00716
1.00734
1.00753
1.00772
1.00791
1.00811
1.00831
1.00852
1.00872
1.009
1.0005
1.00051
1.00053
1.00054
1.00056
1.00058
1.0006
1.00061
1.00063
1.00066
1.00068
1.0007
1.00072
1.00075
1.00077
1.0008
1.00083
1.00086
1.00089
1.00092
1.00095
1.00098
1.00102
1.00106
1.00109
1.00113
1.00117
1.00122
1.00126
1.00131
1.00135
1.0014
1.00146
1.00151
1.00157
1.00162
1.00168
1.00174
1.00181
1.00188
1.00194
1.00202
1.00209
1.00217
1.00225
1.00233
1.00241
1.0025
1.00259
1.00268
1.00278
1.00287
1.00297
1.00308
1.00318
1.00329
1.00341
1.00352
1.00364
1.00376
1.00389
1.00401
1.00414
1.00427
1.00441
1.00455
1.00469
1.00483
1.00498
1.00513
1.00528
1.00544
1.00559
1.00576
1.00592
1.00608
1.00625
1.00642
1.0066
1.00678
1.00696
1.00714
1.00733
1.00752
1.00771
1.00791
1.00811
1.00832
1.00853
1.00881
1.00047
1.00048
1.0005
1.00051
1.00053
1.00054
1.00056
1.00058
1.0006
1.00062
1.00064
1.00066
1.00068
1.00071
1.00073
1.00076
1.00078
1.00081
1.00084
1.00087
1.0009
1.00093
1.00096
1.001
1.00103
1.00107
1.00111
1.00115
1.00119
1.00124
1.00128
1.00133
1.00138
1.00143
1.00148
1.00154
1.00159
1.00165
1.00172
1.00178
1.00185
1.00191
1.00198
1.00206
1.00213
1.00221
1.00229
1.00238
1.00246
1.00255
1.00264
1.00274
1.00284
1.00294
1.00304
1.00315
1.00326
1.00337
1.00348
1.0036
1.00372
1.00385
1.00397
1.0041
1.00424
1.00437
1.00451
1.00465
1.0048
1.00495
1.0051
1.00525
1.00541
1.00557
1.00573
1.00589
1.00606
1.00623
1.00641
1.00659
1.00677
1.00695
1.00714
1.00733
1.00752
1.00772
1.00793
1.00814
1.00834
1.00863
1.00044
1.00045
1.00047
1.00048
1.0005
1.00051
1.00053
1.00055
1.00057
1.00058
1.0006
1.00062
1.00065
1.00067
1.00069
1.00071
1.00074
1.00076
1.00079
1.00082
1.00085
1.00088
1.00091
1.00094
1.00098
1.00101
1.00105
1.00109
1.00113
1.00117
1.00122
1.00126
1.00131
1.00136
1.00141
1.00146
1.00151
1.00157
1.00163
1.00169
1.00175
1.00182
1.00189
1.00196
1.00203
1.00211
1.00218
1.00226
1.00235
1.00243
1.00252
1.00261
1.00271
1.00281
1.00291
1.00301
1.00312
1.00323
1.00334
1.00345
1.00357
1.00369
1.00382
1.00395
1.00408
1.00421
1.00435
1.00449
1.00463
1.00478
1.00492
1.00508
1.00523
1.00539
1.00555
1.00572
1.00588
1.00605
1.00623
1.00641
1.00659
1.00677
1.00696
1.00715
1.00735
1.00755
1.00775
1.00796
1.00817
1.00845
1.00042
1.00043
1.00044
1.00046
1.00047
1.00049
1.0005
1.00052
1.00054
1.00055
1.00057
1.00059
1.00061
1.00063
1.00065
1.00068
1.0007
1.00072
1.00075
1.00078
1.00081
1.00083
1.00086
1.0009
1.00093
1.00096
1.001
1.00103
1.00107
1.00111
1.00115
1.0012
1.00124
1.00129
1.00134
1.00139
1.00144
1.00149
1.00155
1.00161
1.00167
1.00173
1.0018
1.00187
1.00194
1.00201
1.00208
1.00216
1.00224
1.00233
1.00241
1.0025
1.00259
1.00269
1.00278
1.00289
1.00299
1.0031
1.0032
1.00332
1.00343
1.00355
1.00367
1.0038
1.00393
1.00406
1.00419
1.00433
1.00447
1.00462
1.00476
1.00491
1.00507
1.00523
1.00539
1.00555
1.00572
1.00589
1.00606
1.00624
1.00642
1.0066
1.00679
1.00698
1.00718
1.00738
1.00759
1.0078
1.00801
1.00829
1.0004
1.00041
1.00042
1.00043
1.00045
1.00046
1.00048
1.00049
1.00051
1.00053
1.00054
1.00056
1.00058
1.0006
1.00062
1.00064
1.00067
1.00069
1.00071
1.00074
1.00077
1.00079
1.00082
1.00085
1.00088
1.00092
1.00095
1.00098
1.00102
1.00106
1.0011
1.00114
1.00118
1.00123
1.00127
1.00132
1.00137
1.00143
1.00148
1.00154
1.00159
1.00166
1.00172
1.00178
1.00185
1.00192
1.00199
1.00207
1.00215
1.00223
1.00231
1.0024
1.00249
1.00258
1.00267
1.00277
1.00287
1.00298
1.00308
1.00319
1.00331
1.00342
1.00354
1.00366
1.00379
1.00392
1.00405
1.00419
1.00433
1.00447
1.00462
1.00477
1.00492
1.00507
1.00523
1.0054
1.00556
1.00573
1.00591
1.00608
1.00626
1.00645
1.00664
1.00683
1.00703
1.00723
1.00743
1.00765
1.00786
1.00814
1.00038
1.00039
1.0004
1.00041
1.00043
1.00044
1.00045
1.00047
1.00048
1.0005
1.00052
1.00054
1.00055
1.00057
1.00059
1.00061
1.00063
1.00066
1.00068
1.0007
1.00073
1.00076
1.00078
1.00081
1.00084
1.00087
1.00091
1.00094
1.00097
1.00101
1.00105
1.00109
1.00113
1.00117
1.00122
1.00126
1.00131
1.00136
1.00142
1.00147
1.00153
1.00158
1.00165
1.00171
1.00177
1.00184
1.00191
1.00198
1.00206
1.00214
1.00222
1.0023
1.00239
1.00248
1.00257
1.00267
1.00276
1.00287
1.00297
1.00308
1.00319
1.0033
1.00342
1.00354
1.00367
1.00379
1.00392
1.00406
1.0042
1.00434
1.00448
1.00463
1.00478
1.00494
1.00509
1.00526
1.00542
1.00559
1.00576
1.00594
1.00612
1.00631
1.0065
1.00669
1.00689
1.00709
1.00729
1.00751
1.00772
1.008
1.00036
1.00037
1.00038
1.00039
1.00041
1.00042
1.00043
1.00045
1.00046
1.00048
1.00049
1.00051
1.00053
1.00055
1.00057
1.00059
1.00061
1.00063
1.00065
1.00067
1.0007
1.00072
1.00075
1.00078
1.00081
1.00084
1.00087
1.0009
1.00093
1.00097
1.00101
1.00104
1.00108
1.00112
1.00117
1.00121
1.00126
1.00131
1.00136
1.00141
1.00146
1.00152
1.00158
1.00164
1.0017
1.00177
1.00184
1.00191
1.00198
1.00206
1.00214
1.00222
1.0023
1.00239
1.00248
1.00257
1.00267
1.00277
1.00287
1.00298
1.00309
1.0032
1.00331
1.00343
1.00355
1.00368
1.00381
1.00394
1.00408
1.00422
1.00436
1.00451
1.00466
1.00481
1.00497
1.00513
1.00529
1.00546
1.00564
1.00581
1.00599
1.00618
1.00637
1.00656
1.00676
1.00696
1.00717
1.00738
1.00759
1.00788
1.00035
1.00036
1.00037
1.00038
1.00039
1.0004
1.00042
1.00043
1.00044
1.00046
1.00047
1.00049
1.00051
1.00052
1.00054
1.00056
1.00058
1.0006
1.00062
1.00065
1.00067
1.00069
1.00072
1.00075
1.00077
1.0008
1.00083
1.00086
1.0009
1.00093
1.00097
1.001
1.00104
1.00108
1.00112
1.00117
1.00121
1.00126
1.00131
1.00136
1.00141
1.00147
1.00152
1.00158
1.00164
1.00171
1.00177
1.00184
1.00191
1.00199
1.00206
1.00214
1.00223
1.00231
1.0024
1.00249
1.00258
1.00268
1.00278
1.00289
1.00299
1.0031
1.00322
1.00333
1.00345
1.00358
1.00371
1.00384
1.00397
1.00411
1.00425
1.0044
1.00455
1.0047
1.00485
1.00502
1.00518
1.00535
1.00552
1.0057
1.00588
1.00606
1.00625
1.00644
1.00664
1.00684
1.00705
1.00726
1.00748
1.00777
1.00033
1.00034
1.00035
1.00036
1.00038
1.00039
1.0004
1.00041
1.00043
1.00044
1.00046
1.00047
1.00049
1.00051
1.00052
1.00054
1.00056
1.00058
1.0006
1.00062
1.00065
1.00067
1.00069
1.00072
1.00075
1.00077
1.0008
1.00083
1.00087
1.0009
1.00093
1.00097
1.00101
1.00104
1.00108
1.00113
1.00117
1.00122
1.00126
1.00131
1.00136
1.00142
1.00147
1.00153
1.00159
1.00165
1.00172
1.00178
1.00185
1.00193
1.002
1.00208
1.00216
1.00224
1.00233
1.00242
1.00251
1.00261
1.00271
1.00281
1.00291
1.00302
1.00313
1.00325
1.00337
1.00349
1.00362
1.00374
1.00388
1.00401
1.00416
1.0043
1.00445
1.0046
1.00476
1.00492
1.00508
1.00525
1.00542
1.00559
1.00577
1.00596
1.00615
1.00634
1.00654
1.00674
1.00695
1.00716
1.00738
1.00767
1.00032
1.00033
1.00034
1.00035
1.00036
1.00038
1.00039
1.0004
1.00041
1.00043
1.00044
1.00046
1.00047
1.00049
1.00051
1.00052
1.00054
1.00056
1.00058
1.0006
1.00063
1.00065
1.00067
1.0007
1.00072
1.00075
1.00078
1.00081
1.00084
1.00087
1.0009
1.00094
1.00098
1.00101
1.00105
1.00109
1.00114
1.00118
1.00123
1.00127
1.00132
1.00138
1.00143
1.00149
1.00155
1.00161
1.00167
1.00174
1.0018
1.00187
1.00195
1.00202
1.0021
1.00219
1.00227
1.00236
1.00245
1.00254
1.00264
1.00274
1.00284
1.00295
1.00306
1.00318
1.00329
1.00341
1.00354
1.00367
1.0038
1.00393
1.00407
1.00422
1.00436
1.00452
1.00467
1.00483
1.00499
1.00516
1.00533
1.00551
1.00569
1.00587
1.00606
1.00625
1.00645
1.00666
1.00686
1.00708
1.00729
1.00758
1.00031
1.00032
1.00033
1.00034
1.00035
1.00037
1.00038
1.00039
1.0004
1.00042
1.00043
1.00044
1.00046
1.00048
1.00049
1.00051
1.00053
1.00055
1.00057
1.00059
1.00061
1.00063
1.00065
1.00068
1.0007
1.00073
1.00076
1.00079
1.00082
1.00085
1.00088
1.00091
1.00095
1.00099
1.00103
1.00107
1.00111
1.00115
1.0012
1.00124
1.00129
1.00134
1.0014
1.00145
1.00151
1.00157
1.00163
1.0017
1.00176
1.00183
1.0019
1.00198
1.00206
1.00214
1.00222
1.00231
1.0024
1.00249
1.00259
1.00268
1.00279
1.00289
1.003
1.00312
1.00323
1.00335
1.00348
1.0036
1.00373
1.00387
1.00401
1.00415
1.0043
1.00445
1.0046
1.00476
1.00492
1.00509
1.00526
1.00544
1.00562
1.0058
1.00599
1.00618
1.00638
1.00658
1.00679
1.00701
1.00722
1.00751
1.00031
1.00032
1.00033
1.00034
1.00035
1.00036
1.00037
1.00038
1.00039
1.00041
1.00042
1.00044
1.00045
1.00047
1.00048
1.0005
1.00052
1.00054
1.00055
1.00058
1.0006
1.00062
1.00064
1.00066
1.00069
1.00072
1.00074
1.00077
1.0008
1.00083
1.00086
1.0009
1.00093
1.00097
1.00101
1.00104
1.00109
1.00113
1.00117
1.00122
1.00127
1.00132
1.00137
1.00142
1.00148
1.00154
1.0016
1.00167
1.00173
1.0018
1.00187
1.00194
1.00202
1.0021
1.00218
1.00227
1.00236
1.00245
1.00254
1.00264
1.00274
1.00285
1.00296
1.00307
1.00318
1.0033
1.00343
1.00355
1.00368
1.00382
1.00396
1.0041
1.00424
1.00439
1.00455
1.00471
1.00487
1.00503
1.0052
1.00538
1.00556
1.00574
1.00593
1.00613
1.00632
1.00653
1.00674
1.00695
1.00716
1.00745
1.0003
1.00031
1.00032
1.00033
1.00034
1.00035
1.00036
1.00038
1.00039
1.0004
1.00041
1.00043
1.00044
1.00046
1.00048
1.00049
1.00051
1.00053
1.00055
1.00057
1.00059
1.00061
1.00063
1.00066
1.00068
1.00071
1.00073
1.00076
1.00079
1.00082
1.00085
1.00088
1.00092
1.00095
1.00099
1.00103
1.00107
1.00111
1.00116
1.0012
1.00125
1.0013
1.00135
1.00141
1.00146
1.00152
1.00158
1.00164
1.00171
1.00178
1.00185
1.00192
1.002
1.00208
1.00216
1.00224
1.00233
1.00242
1.00252
1.00261
1.00271
1.00282
1.00293
1.00304
1.00315
1.00327
1.00339
1.00352
1.00365
1.00378
1.00392
1.00406
1.00421
1.00436
1.00451
1.00467
1.00483
1.005
1.00517
1.00534
1.00552
1.00571
1.00589
1.00609
1.00629
1.00649
1.0067
1.00691
1.00713
1.00742
1.0003
1.00031
1.00032
1.00033
1.00034
1.00035
1.00036
1.00037
1.00039
1.0004
1.00041
1.00043
1.00044
1.00046
1.00047
1.00049
1.00051
1.00052
1.00054
1.00056
1.00058
1.0006
1.00063
1.00065
1.00067
1.0007
1.00073
1.00075
1.00078
1.00081
1.00084
1.00088
1.00091
1.00095
1.00098
1.00102
1.00106
1.00111
1.00115
1.00119
1.00124
1.00129
1.00134
1.0014
1.00145
1.00151
1.00157
1.00163
1.0017
1.00177
1.00184
1.00191
1.00198
1.00206
1.00214
1.00223
1.00232
1.00241
1.0025
1.0026
1.0027
1.0028
1.00291
1.00302
1.00314
1.00325
1.00338
1.0035
1.00363
1.00376
1.0039
1.00404
1.00419
1.00434
1.00449
1.00465
1.00481
1.00498
1.00515
1.00532
1.0055
1.00569
1.00587
1.00607
1.00627
1.00647
1.00668
1.00689
1.00711
1.0074
)
;

boundaryField
{
    inlet
    {
        type            calculated;
        value           uniform 1;
    }
    outlet
    {
        type            calculated;
        value           nonuniform List<scalar> 
80
(
0.077618
0.23634
0.395247
0.546512
0.681379
0.792869
0.877972
0.937916
0.976869
1.00019
1.01301
1.01946
1.02239
1.02357
1.02395
1.024
1.02391
1.02377
1.0236
1.02341
1.0232
1.02298
1.02274
1.02249
1.02222
1.02194
1.02165
1.02134
1.02102
1.0207
1.02036
1.02001
1.01965
1.01929
1.01892
1.01855
1.01817
1.0178
1.01742
1.01703
1.01665
1.01627
1.0159
1.01552
1.01515
1.01479
1.01443
1.01407
1.01372
1.01338
1.01304
1.01271
1.01239
1.01207
1.01177
1.01147
1.01118
1.0109
1.01063
1.01037
1.01012
1.00988
1.00964
1.00942
1.00921
1.009
1.00881
1.00863
1.00845
1.00829
1.00814
1.008
1.00788
1.00777
1.00767
1.00758
1.00751
1.00745
1.00742
1.0074
)
;
    }
    topWall
    {
        type            calculated;
        value           nonuniform List<scalar> 
105
(
1.00001
1.00002
1.00005
1.00008
1.00011
1.00014
1.00016
1.00019
1.00021
1.00023
1.00024
1.00026
1.00027
1.00028
1.00029
1.0003
1.00031
1.00032
1.00033
1.00034
1.00035
1.00036
1.00037
1.00039
1.0004
1.00041
1.00043
1.00044
1.00046
1.00047
1.00049
1.00051
1.00052
1.00054
1.00056
1.00058
1.0006
1.00063
1.00065
1.00067
1.0007
1.00073
1.00075
1.00078
1.00081
1.00084
1.00088
1.00091
1.00095
1.00098
1.00102
1.00106
1.00111
1.00115
1.00119
1.00124
1.00129
1.00134
1.0014
1.00145
1.00151
1.00157
1.00163
1.0017
1.00177
1.00184
1.00191
1.00198
1.00206
1.00214
1.00223
1.00232
1.00241
1.0025
1.0026
1.0027
1.0028
1.00291
1.00302
1.00314
1.00325
1.00338
1.0035
1.00363
1.00376
1.0039
1.00404
1.00419
1.00434
1.00449
1.00465
1.00481
1.00498
1.00515
1.00532
1.0055
1.00569
1.00587
1.00607
1.00627
1.00647
1.00668
1.00689
1.00711
1.0074
)
;
    }
    symmetry
    {
        type            calculated;
        value           nonuniform List<scalar> 
15
(
0.999806
0.999218
0.998279
0.997091
0.995693
0.994088
0.992266
0.990206
0.987869
0.985187
0.982047
0.978258
0.973546
0.967073
0.962415
)
;
    }
    bottomWall
    {
        type            calculated;
        value           uniform 0;
    }
    frontAndBack
    {
        type            empty;
    }
}


// ************************************************************************* //
