/*--------------------------------*- C++ -*----------------------------------*\
| =========                 |                                                 |
| \\      /  F ield         | OpenFOAM: The Open Source CFD Toolbox           |
|  \\    /   O peration     | Version:  2312                                  |
|   \\  /    A nd           | Website:  www.openfoam.com                      |
|    \\/     M anipulation  |                                                 |
\*---------------------------------------------------------------------------*/
FoamFile
{
    version     2.0;
    format      ascii;
    arch        "LSB;label=32;scalar=64";
    class       volScalarField;
    location    "170";
    object      Uy;
}
// * * * * * * * * * * * * * * * * * * * * * * * * * * * * * * * * * * * * * //

dimensions      [0 1 -1 0 0 0 0];

internalField   nonuniform List<scalar> 
8400
(
2.85593e-05
5.54132e-05
8.63695e-05
0.000123297
0.000169031
0.000227326
0.000303402
0.000405261
0.0005461
0.000749158
0.00105778
0.00155493
0.00240181
0.00396923
0.0138276
8.49287e-05
0.000166237
0.000259287
0.000370386
0.000507859
0.000682615
0.000909738
0.00121181
0.00162459
0.00220728
0.0030605
0.00435498
0.00637432
0.00951996
0.0147616
0.000141777
0.000279287
0.000435436
0.000621856
0.000851993
0.00114315
0.00151874
0.0020122
0.0026727
0.00357273
0.00481584
0.00653815
0.00889417
0.0119996
0.015994
0.000200545
0.000395645
0.000615928
0.000878353
0.00120093
0.00160617
0.0021233
0.00279126
0.00366158
0.00479882
0.00627417
0.00814546
0.0104206
0.0130074
0.0157041
0.000260362
0.000513775
0.000798572
0.00113666
0.0015498
0.00206411
0.00271149
0.00353065
0.00456587
0.00586086
0.00744486
0.00931125
0.0113964
0.0135724
0.0156745
0.000321019
0.000633335
0.000982709
0.00139544
0.00189607
0.00251242
0.00327584
0.00421977
0.00537495
0.0067597
0.00836608
0.010147
0.0120134
0.0138488
0.0155416
0.000382287
0.000753788
0.00116727
0.00165278
0.00223648
0.00294595
0.00380908
0.00485041
0.0060843
0.00750527
0.00907894
0.0107396
0.0123997
0.0139696
0.0153814
0.000443899
0.000874531
0.00135115
0.00190678
0.002568
0.00336033
0.00430587
0.00541822
0.00669549
0.00811326
0.00962181
0.0111517
0.0126277
0.013986
0.0151877
0.000505562
0.000994917
0.00153317
0.0021555
0.00288774
0.00375177
0.00476233
0.00592158
0.00721345
0.00860053
0.0100268
0.0114277
0.0127436
0.0139314
0.0149712
0.000566959
0.00111426
0.00171213
0.00239708
0.00319309
0.0041172
0.00517604
0.00636104
0.00764508
0.00898338
0.0103202
0.0115996
0.012777
0.013825
0.0147356
0.000627755
0.00123184
0.00188683
0.00262972
0.00348171
0.00445425
0.00554587
0.00673872
0.00799811
0.00927659
0.0105226
0.0116904
0.0127481
0.0136797
0.0144848
0.000687597
0.00134693
0.00205606
0.00285172
0.00375164
0.00476129
0.00587169
0.00705775
0.00828043
0.00949311
0.0106506
0.0117171
0.0126709
0.0135043
0.0142215
0.000746121
0.00145879
0.00221868
0.00306157
0.00400126
0.00503732
0.00615426
0.00732188
0.00849963
0.00964408
0.0107172
0.0116922
0.0125555
0.0133051
0.0139479
0.000802957
0.00156667
0.00237358
0.00325792
0.00422933
0.00528191
0.00639493
0.00753517
0.00866278
0.00973898
0.010733
0.0116256
0.0124096
0.0130868
0.0136659
0.000857736
0.00166987
0.00251973
0.0034396
0.00443498
0.00549514
0.00659553
0.00770176
0.00877632
0.00978582
0.0107062
0.0115248
0.0122388
0.012853
0.0133771
0.000910095
0.00176769
0.00265621
0.00360568
0.00461768
0.00567749
0.00675817
0.00782572
0.00884607
0.0097914
0.0106438
0.0113956
0.0120478
0.0126068
0.0130827
0.000959681
0.0018595
0.00278221
0.00375542
0.0047772
0.0058298
0.00688518
0.00791097
0.0088772
0.0097615
0.0105512
0.0112429
0.0118401
0.0123503
0.0127841
0.00100616
0.00194469
0.00289703
0.0038883
0.00491361
0.00595316
0.00697896
0.00796119
0.00887431
0.009701
0.0104332
0.0110706
0.0116186
0.0120857
0.0124821
0.00104923
0.00202276
0.00300011
0.00400401
0.00502722
0.00604885
0.00704194
0.00797984
0.00884147
0.00961411
0.0102934
0.0108818
0.0113858
0.0118144
0.0121777
0.00108861
0.00209325
0.00309101
0.00410243
0.00511857
0.00611831
0.00707653
0.00797011
0.0087823
0.00950443
0.0101353
0.0106792
0.0111437
0.0115379
0.0118716
0.00112406
0.00215579
0.00316945
0.00418362
0.00518834
0.00616307
0.00708508
0.00793495
0.00869999
0.00937507
0.00996152
0.0104651
0.010894
0.0112573
0.0115646
0.00115538
0.0022101
0.00323527
0.00424781
0.0052374
0.00618471
0.00706983
0.00787705
0.00859738
0.00922873
0.00977446
0.0102414
0.0106382
0.0109737
0.0112572
0.0011824
0.00225596
0.00328843
0.00429538
0.0052667
0.00618486
0.00703295
0.00779888
0.008477
0.00906778
0.00957617
0.0100098
0.0103775
0.010688
0.0109501
0.00120501
0.00229329
0.00332903
0.00432684
0.00527732
0.0061651
0.00697647
0.0077027
0.00834111
0.00889428
0.00936843
0.00977173
0.010113
0.0104009
0.0106437
0.00122315
0.00232204
0.00335729
0.00434279
0.00527035
0.00612706
0.00690232
0.00759059
0.00819173
0.00871007
0.0091528
0.00952844
0.00984577
0.0101132
0.0103385
0.0012368
0.00234229
0.00337351
0.00434396
0.00524697
0.00607227
0.00681233
0.00746443
0.00803066
0.00851678
0.00893066
0.00928104
0.00957659
0.00982536
0.0100349
0.00124597
0.00235419
0.00337811
0.00433112
0.00520838
0.00600227
0.00670818
0.00732596
0.00785956
0.00831585
0.00870323
0.00903053
0.00930623
0.00953809
0.00973323
0.00125075
0.00235794
0.00337157
0.00430515
0.00515576
0.00591851
0.00659148
0.00717676
0.00767988
0.00810857
0.00847161
0.00877778
0.00903538
0.00925183
0.00943392
0.00125125
0.00235385
0.00335448
0.00426691
0.00509032
0.0058224
0.00646371
0.0070183
0.00749296
0.00789613
0.00823676
0.00852358
0.00876464
0.00896705
0.00913725
0.00124761
0.00234226
0.00332745
0.00421736
0.00501325
0.00571529
0.00632628
0.00685191
0.00730004
0.00767957
0.00799957
0.00826865
0.00849457
0.00868415
0.0088435
0.00124002
0.00232357
0.00329115
0.00415742
0.0049257
0.00559847
0.00618047
0.00667883
0.0071022
0.00745984
0.00776084
0.00801361
0.00822566
0.00840352
0.00855296
0.00122869
0.00229824
0.00324629
0.00408805
0.00482881
0.00547314
0.00602751
0.00650018
0.00690046
0.00723782
0.00752128
0.00775906
0.00795839
0.00812549
0.00826586
0.00121388
0.00226674
0.0031936
0.0040102
0.00472367
0.00534047
0.00586851
0.00631702
0.00669575
0.00701429
0.00728155
0.00750553
0.00769317
0.0078504
0.00798245
0.00119583
0.00222959
0.00313382
0.00392481
0.00461134
0.00520154
0.00570454
0.00613031
0.00648892
0.00678998
0.00704227
0.00725351
0.00743038
0.00757854
0.00770295
0.00117483
0.00218731
0.00306771
0.00383279
0.00449283
0.00505737
0.00553657
0.00594093
0.00628074
0.00656556
0.00680396
0.00700344
0.00717038
0.00731019
0.00742756
0.00115117
0.00214044
0.00299602
0.00373504
0.00436911
0.00490894
0.0053655
0.0057497
0.00607192
0.00634162
0.00656715
0.00675573
0.0069135
0.00704559
0.00715648
0.00112512
0.00208952
0.00291947
0.00363242
0.00424107
0.00475713
0.00519217
0.00555738
0.00586313
0.00611872
0.00633229
0.00651077
0.00666004
0.006785
0.0068899
0.001097
0.00203508
0.00283877
0.00352574
0.00410959
0.00460279
0.00501737
0.00536466
0.00565496
0.00589738
0.0060998
0.0062689
0.00641028
0.00652863
0.00662797
0.00106708
0.00197764
0.00275463
0.00341579
0.00397546
0.00444669
0.00484181
0.00517217
0.00544796
0.00567806
0.00587008
0.00603043
0.00616448
0.00627668
0.00637087
0.00103565
0.00191773
0.00266768
0.00330331
0.00383944
0.00428956
0.00466614
0.0049805
0.00524263
0.00546118
0.00564347
0.00579566
0.00592287
0.00602935
0.00611873
0.00100299
0.0018558
0.00257856
0.00318897
0.00370222
0.00413204
0.00449097
0.00479017
0.00503944
0.00524713
0.0054203
0.00556486
0.00568568
0.00578681
0.00587171
0.000969348
0.00179234
0.00248785
0.00307342
0.00356444
0.00397476
0.00431684
0.00460168
0.00483879
0.00503626
0.00520087
0.00533826
0.00545309
0.00554922
0.00562992
0.000934982
0.00172776
0.00239609
0.00295726
0.0034267
0.00381827
0.00414426
0.00441545
0.00464106
0.00482888
0.00498543
0.00511608
0.00522529
0.00531671
0.00539348
0.000900118
0.00166248
0.00230379
0.00284102
0.00328953
0.00366305
0.00397367
0.00423188
0.00444658
0.00462529
0.00477422
0.00489852
0.00500243
0.00508942
0.00516249
0.000864969
0.00159685
0.0022114
0.00272518
0.0031534
0.00350956
0.00380547
0.00405131
0.00425566
0.00442572
0.00456745
0.00468574
0.00478464
0.00486746
0.00493703
0.000829729
0.00153122
0.00211933
0.00261021
0.00301875
0.00335819
0.00364002
0.00387405
0.00406855
0.0042304
0.00436529
0.00447789
0.00457205
0.00465092
0.00471718
0.000794573
0.00146588
0.00202796
0.00249647
0.00288596
0.0032093
0.00347762
0.00370037
0.00388547
0.00403951
0.0041679
0.0042751
0.00436476
0.00443987
0.00450299
0.000759657
0.0014011
0.00193762
0.00238433
0.00275535
0.00306318
0.00331854
0.00353049
0.00370663
0.00385321
0.00397541
0.00407746
0.00416284
0.00423437
0.0042945
0.00072512
0.00133712
0.00184859
0.00227407
0.00262723
0.00292011
0.00316301
0.00336462
0.00353216
0.00367163
0.00378792
0.00388506
0.00396634
0.00403447
0.00409175
0.000691081
0.00127415
0.00176112
0.00216596
0.00250182
0.00278029
0.00301121
0.00320289
0.00336222
0.00349486
0.0036055
0.00369794
0.00377531
0.00384018
0.00389474
0.000657643
0.00121235
0.00167542
0.00206021
0.00237934
0.0026439
0.00286331
0.00304545
0.00319688
0.00332299
0.0034282
0.00351614
0.00358977
0.00365152
0.00370346
0.000624892
0.00115187
0.00159165
0.00195699
0.00225994
0.00251109
0.0027194
0.00289237
0.00303621
0.00315605
0.00325606
0.00333968
0.00340971
0.00346846
0.00351789
0.000592897
0.00109284
0.00150997
0.00185644
0.00214375
0.00238196
0.00257958
0.00274372
0.00288027
0.00299406
0.00308907
0.00316853
0.00323511
0.00329097
0.00333799
0.000561715
0.00103533
0.00143047
0.00175868
0.00203086
0.00225658
0.00244389
0.00259953
0.00272905
0.00283703
0.00292722
0.00300268
0.00306592
0.00311901
0.0031637
0.000531388
0.00097943
0.00135324
0.00166376
0.00192133
0.00213499
0.00231237
0.0024598
0.00258255
0.00268493
0.00277047
0.00284207
0.00290209
0.0029525
0.00299494
0.000501946
0.000925178
0.00127833
0.00157174
0.0018152
0.00201722
0.002185
0.00232452
0.00244073
0.0025377
0.00261876
0.00268663
0.00274355
0.00279136
0.00283163
0.000473408
0.000872605
0.00120576
0.00148264
0.00171245
0.00190324
0.00206175
0.00219364
0.00230354
0.00239529
0.00247201
0.00253627
0.00259019
0.00263549
0.00267366
0.000445782
0.000821722
0.00113554
0.00139644
0.00161308
0.00179301
0.00194258
0.00206709
0.00217089
0.00225759
0.00233011
0.00239089
0.0024419
0.00248477
0.0025209
0.000419068
0.000772525
0.00106766
0.00131312
0.00151704
0.00168648
0.00182742
0.00194479
0.00204269
0.0021245
0.00219296
0.00225036
0.00229855
0.00233906
0.00237322
0.000393258
0.000724995
0.00100209
0.00123263
0.00142426
0.00158358
0.00171615
0.00182663
0.00191882
0.00199589
0.00206042
0.00211454
0.00216
0.00219822
0.00223046
0.000368337
0.000679101
0.000938765
0.00115492
0.00133467
0.00148419
0.00160869
0.00171248
0.00179915
0.00187163
0.00193235
0.00198329
0.00202608
0.00206208
0.00209245
0.000344281
0.000634801
0.00087764
0.00107988
0.00124816
0.00138822
0.00150489
0.00160222
0.00168353
0.00175156
0.00180857
0.00185642
0.00189663
0.00193047
0.00195903
0.000321065
0.000592042
0.000818634
0.00100744
0.00116462
0.00129552
0.00140463
0.00149569
0.00157179
0.0016355
0.00168892
0.00173376
0.00177146
0.0018032
0.00182998
0.000298654
0.000550765
0.000761663
0.000937482
0.00108393
0.00120596
0.00130773
0.00139271
0.00146377
0.00152328
0.00157319
0.00161512
0.00165037
0.00168005
0.00170511
0.000277013
0.0005109
0.000706631
0.000869887
0.00100595
0.00111938
0.00121403
0.00129311
0.00135927
0.00141469
0.0014612
0.00150027
0.00153314
0.00156083
0.0015842
0.000256101
0.000472372
0.000653432
0.000804527
0.00093052
0.00103562
0.00112336
0.0011967
0.00125808
0.00130953
0.00135272
0.00138901
0.00141955
0.00144528
0.00146702
0.000235874
0.000435099
0.000601954
0.000741263
0.000857489
0.000954488
0.00103551
0.00110327
0.00116
0.00120757
0.00124752
0.0012811
0.00130937
0.00133319
0.00135331
0.000216283
0.000398995
0.000552076
0.000679947
0.000786682
0.000875806
0.000950287
0.0010126
0.0010648
0.00110859
0.00114537
0.0011763
0.00120234
0.00122429
0.00124283
0.000197278
0.000363964
0.00050367
0.00062042
0.00071792
0.000799372
0.000867472
0.000924472
0.00097224
0.00101232
0.001046
0.00107433
0.00109819
0.00111831
0.00113531
0.000178806
0.00032991
0.000456598
0.000562516
0.000651011
0.000724973
0.000786838
0.00083864
0.000882069
0.000918524
0.000949162
0.000974943
0.000996659
0.00101497
0.00103045
0.00016081
0.000296726
0.000410718
0.00050606
0.000585753
0.000652387
0.000708145
0.000754851
0.000794021
0.000826912
0.000854563
0.000877835
0.000897443
0.00091398
0.000927961
0.000143228
0.000264302
0.000365876
0.000450865
0.000521932
0.000581377
0.000631138
0.000672836
0.000707816
0.000737198
0.000761905
0.000782705
0.000800233
0.000815019
0.000827521
0.000125997
0.00023252
0.000321911
0.000396732
0.00045932
0.000511691
0.000555546
0.000592306
0.000623154
0.000649071
0.00067087
0.000689225
0.000704697
0.000717749
0.000728788
0.000109049
0.000201253
0.000278649
0.00034345
0.000397673
0.000443061
0.000481079
0.000512957
0.000539714
0.000562199
0.000581116
0.000597048
0.000610478
0.000621811
0.000631396
9.23087e-05
0.000170367
0.000235904
0.00029079
0.000336731
0.000375197
0.000407426
0.000434456
0.00045715
0.000476225
0.000492275
0.000505795
0.000517194
0.000526814
0.000534951
7.56974e-05
0.000139715
0.000193473
0.000238505
0.000276208
0.000307783
0.000334246
0.000356444
0.000375085
0.000390757
0.000403946
0.000415056
0.000424426
0.000432333
0.000439023
5.91273e-05
0.000109135
0.000151135
0.000186325
0.000215793
0.000240477
0.000261168
0.000278528
0.000293108
0.000305368
0.000315687
0.000324381
0.000331713
0.000337901
0.000343137
4.25009e-05
7.84478e-05
0.000108642
0.000133944
0.000155136
0.000172891
0.000187776
0.000200266
0.000210758
0.00021958
0.000227007
0.000233265
0.000238543
0.000242998
0.000246768
2.57158e-05
4.74616e-05
6.57275e-05
8.10357e-05
9.38584e-05
0.000104602
0.000113611
0.00012117
0.000127521
0.000132862
0.000137358
0.000141147
0.000144343
0.00014704
0.000149323
8.63557e-06
1.59354e-05
2.20667e-05
2.72053e-05
3.15097e-05
3.51164e-05
3.81406e-05
4.06787e-05
4.28109e-05
4.46041e-05
4.61138e-05
4.7386e-05
4.84591e-05
4.93649e-05
5.01314e-05
0.0236516
0.0243637
0.0241323
0.0234936
0.0226739
0.0217432
0.0207454
0.0197166
0.0186801
0.0176488
0.0166301
0.015628
0.0146451
0.0136824
0.0127408
0.0118205
0.010922
0.010046
0.00919345
0.00836584
0.00756502
0.00679333
0.00605351
0.00534858
0.00468178
0.0040563
0.00347519
0.00294107
0.00245596
0.00202113
0.00163692
0.00130271
0.0010169
0.000776958
0.000579573
0.000420793
0.00029624
0.00020132
0.00013142
8.20925e-05
4.91995e-05
2.90175e-05
1.8305e-05
1.4331e-05
1.48703e-05
1.81742e-05
2.29226e-05
2.81653e-05
3.32588e-05
3.78036e-05
4.15859e-05
4.45262e-05
4.66361e-05
4.79835e-05
4.8667e-05
4.87964e-05
4.84802e-05
4.7818e-05
4.68964e-05
4.57878e-05
4.45508e-05
4.32314e-05
4.18648e-05
4.04775e-05
3.9089e-05
3.77134e-05
3.63607e-05
3.50377e-05
3.37492e-05
3.24982e-05
3.12866e-05
3.01154e-05
2.89852e-05
2.7896e-05
2.68475e-05
2.58393e-05
2.48708e-05
2.39411e-05
2.30492e-05
2.21939e-05
2.13736e-05
2.0586e-05
1.98282e-05
1.90959e-05
1.83831e-05
1.76759e-05
1.6859e-05
1.88442e-05
-1.1692e-05
0.00018041
0.0207524
0.0245159
0.0265798
0.0278771
0.0287748
0.02937
0.0297253
0.0298963
0.0299199
0.0298168
0.0295998
0.0292778
0.0288573
0.0283433
0.0277403
0.0270524
0.0262839
0.0254396
0.0245246
0.023545
0.0225076
0.0214202
0.0202914
0.0191309
0.0179491
0.0167572
0.0155667
0.0143893
0.0132366
0.0121197
0.0110487
0.0100324
0.00907819
0.00819162
0.0073763
0.00663392
0.00596429
0.00536552
0.00483428
0.00436605
0.00395555
0.00359696
0.00328433
0.00301175
0.00277363
0.00256483
0.00238075
0.0022174
0.00207138
0.00193985
0.00182051
0.00171148
0.00161129
0.00151878
0.00143301
0.00135326
0.00127895
0.00120958
0.00114475
0.0010841
0.00102731
0.000974114
0.000924236
0.000877436
0.000833491
0.000792194
0.000753351
0.000716787
0.000682337
0.000649854
0.000619201
0.000590255
0.000562902
0.000537039
0.000512573
0.000489416
0.000467492
0.000446725
0.00042705
0.000408401
0.000390718
0.000373941
0.000358006
0.000342846
0.000328387
0.000314375
0.000302692
0.000280547
0.00027368
0.000694145
0.0203564
0.0235536
0.0257143
0.0273512
0.0286853
0.029763
0.0306151
0.0312791
0.0317837
0.0321461
0.0323774
0.0324848
0.0324736
0.0323472
0.0321084
0.0317594
0.0313026
0.0307409
0.0300779
0.0293184
0.0284683
0.027535
0.0265272
0.0254553
0.0243309
0.0231666
0.0219762
0.0207737
0.019573
0.0183879
0.0172309
0.0161133
0.0150447
0.0140324
0.0130818
0.0121959
0.0113759
0.0106209
0.0099286
0.00929545
0.0087171
0.0081887
0.00770523
0.00726178
0.00685366
0.00647664
0.00612693
0.00580126
0.00549688
0.00521146
0.00494312
0.00469028
0.00445169
0.00422629
0.00401321
0.0038117
0.00362111
0.00344083
0.00327034
0.00310911
0.00295665
0.00281249
0.00267618
0.00254728
0.00242537
0.00231005
0.00220094
0.00209767
0.0019999
0.0019073
0.00181957
0.00173644
0.00165762
0.00158289
0.001512
0.00144474
0.00138091
0.00132032
0.0012628
0.00120818
0.0011563
0.001107
0.00106012
0.00101549
0.000972909
0.000932095
0.000894633
0.000843846
0.000861752
0.00132551
0.018578
0.0211131
0.0231771
0.0248891
0.0263472
0.0275884
0.0286379
0.0295235
0.0302693
0.0308912
0.0313988
0.031798
0.0320917
0.0322808
0.0323649
0.0323429
0.0322135
0.0319759
0.03163
0.0311769
0.0306189
0.0299601
0.0292065
0.0283659
0.0274478
0.0264635
0.0254258
0.0243485
0.0232461
0.022133
0.0210237
0.0199312
0.0188677
0.0178431
0.0168657
0.0159413
0.0150737
0.0142645
0.0135137
0.0128194
0.0121786
0.0115876
0.0110419
0.0105368
0.0100679
0.00963068
0.00922119
0.00883586
0.0084716
0.00812584
0.00779643
0.00748168
0.00718021
0.00689096
0.0066131
0.00634597
0.00608908
0.00584198
0.00560433
0.00537582
0.00515615
0.00494506
0.00474228
0.00454755
0.00436063
0.00418124
0.00400915
0.0038441
0.00368584
0.00353415
0.00338877
0.00324949
0.00311608
0.00298832
0.00286601
0.00274893
0.0026369
0.00252972
0.00242721
0.00232917
0.00223542
0.00214579
0.00206004
0.00197797
0.00189929
0.00182373
0.00175193
0.00167104
0.00170226
0.00204838
0.0179068
0.0200413
0.0219304
0.0235659
0.0249874
0.0262229
0.0272909
0.0282094
0.0289957
0.0296632
0.0302213
0.0306765
0.031033
0.0312931
0.0314578
0.0315272
0.0315007
0.0313778
0.031158
0.0308418
0.0304302
0.0299257
0.0293322
0.0286552
0.0279018
0.027081
0.0262029
0.0252793
0.0243226
0.0233457
0.0223618
0.0213833
0.0204217
0.0194871
0.018588
0.0177309
0.0169204
0.016159
0.0154475
0.0147853
0.0141702
0.0135992
0.0130688
0.012575
0.0121136
0.0116809
0.011273
0.0108868
0.0105193
0.0101682
0.00983132
0.00950713
0.00919431
0.00889185
0.00859898
0.00831509
0.00803971
0.00777248
0.0075131
0.00726131
0.00701691
0.00677968
0.00654946
0.00632606
0.00610931
0.00589907
0.00569517
0.00549747
0.00530583
0.00512011
0.00494018
0.00476592
0.00459721
0.00443394
0.004276
0.00412328
0.00397567
0.00383307
0.00369538
0.00356249
0.00343427
0.00331059
0.00319129
0.00307617
0.00296494
0.00285737
0.00275348
0.00264761
0.0026678
0.00279534
0.017311
0.0190495
0.0206676
0.0221341
0.0234528
0.0246322
0.0256789
0.0266007
0.0274063
0.0281042
0.0287009
0.0292012
0.0296085
0.0299251
0.030152
0.0302896
0.0303377
0.030296
0.0301644
0.0299431
0.0296332
0.0292365
0.0287563
0.0281968
0.0275641
0.0268655
0.0261097
0.0253066
0.0244669
0.0236022
0.0227241
0.0218439
0.0209725
0.0201195
0.0192932
0.0185005
0.0177464
0.0170342
0.0163656
0.0157407
0.0151585
0.0146167
0.0141127
0.0136431
0.0132043
0.0127929
0.0124054
0.0120387
0.01169
0.0113569
0.0110372
0.0107293
0.0104318
0.0101434
0.00986351
0.00959124
0.0093261
0.00906768
0.00881562
0.00856965
0.00832955
0.00809511
0.00786615
0.00764253
0.00742409
0.00721071
0.00700227
0.00679865
0.00659977
0.00640552
0.00621584
0.00603065
0.00584989
0.0056735
0.00550145
0.00533368
0.00517016
0.00501085
0.00485572
0.00470473
0.00455782
0.00441493
0.00427595
0.00414071
0.00400898
0.0038805
0.0037552
0.003633
0.0036243
0.00350548
0.0168477
0.0183139
0.0197262
0.0210512
0.0222751
0.0233932
0.0244041
0.025309
0.0261112
0.0268146
0.0274232
0.0279401
0.0283679
0.0287082
0.0289623
0.0291306
0.0292135
0.0292112
0.029124
0.0289524
0.0286977
0.0283619
0.0279479
0.0274598
0.0269028
0.0262834
0.0256093
0.0248892
0.0241327
0.0233499
0.0225514
0.0217473
0.0209477
0.0201615
0.0193968
0.0186601
0.0179565
0.0172897
0.0166617
0.0160733
0.0155239
0.015012
0.0145354
0.0140914
0.0136768
0.0132885
0.0129234
0.0125785
0.0122513
0.0119393
0.0116405
0.0113533
0.0110761
0.0108078
0.0105475
0.0102945
0.010048
0.00980774
0.00957318
0.00934403
0.00912001
0.00890086
0.00868638
0.00847635
0.00827062
0.008069
0.00787136
0.00767756
0.00748749
0.00730104
0.00711812
0.00693866
0.00676259
0.00658987
0.00642044
0.00625429
0.00609139
0.00593172
0.00577526
0.00562202
0.00547196
0.00532503
0.00518116
0.00504019
0.00490188
0.00476594
0.00463237
0.00450324
0.00445974
0.00412704
0.0164297
0.0176813
0.0189088
0.0200856
0.0211948
0.022227
0.0231767
0.0240409
0.024819
0.0255115
0.0261194
0.0266441
0.0270865
0.0274473
0.0277271
0.027926
0.0280443
0.0280818
0.028039
0.0279163
0.027715
0.0274368
0.0270843
0.0266612
0.0261721
0.0256228
0.0250201
0.0243718
0.0236864
0.0229732
0.0222416
0.021501
0.0207606
0.0200288
0.0193133
0.0186205
0.0179557
0.0173227
0.0167239
0.0161606
0.015633
0.01514
0.0146801
0.0142511
0.0138505
0.0134755
0.0131234
0.0127915
0.0124774
0.0121789
0.011894
0.011621
0.0113584
0.0111052
0.0108603
0.0106229
0.0103923
0.0101681
0.0099496
0.00973658
0.00952866
0.00932553
0.00912692
0.00893259
0.00874231
0.00855587
0.0083731
0.0081938
0.00801783
0.00784505
0.00767533
0.00750855
0.00734463
0.00718347
0.00702503
0.00686923
0.00671604
0.00656542
0.00641735
0.00627179
0.00612871
0.00598805
0.00584972
0.00571355
0.00557926
0.00544648
0.0053151
0.00518656
0.00511187
0.00463249
0.0160426
0.0171275
0.0182041
0.0192525
0.0202575
0.0212077
0.0220955
0.0229153
0.0236636
0.0243384
0.0249385
0.0254634
0.0259127
0.0262863
0.026584
0.0268055
0.0269508
0.0270197
0.0270124
0.0269296
0.0267721
0.0265416
0.0262405
0.025872
0.0254403
0.0249506
0.0244089
0.0238221
0.023198
0.0225448
0.021871
0.0211854
0.0204963
0.0198118
0.019139
0.0184843
0.0178527
0.0172484
0.0166741
0.0161314
0.015621
0.0151424
0.0146947
0.014276
0.0138844
0.0135175
0.013173
0.0128485
0.0125417
0.0122506
0.0119734
0.0117084
0.0114543
0.0112099
0.0109742
0.0107464
0.0105258
0.0103119
0.0101041
0.00990209
0.00970542
0.00951381
0.00932695
0.00914458
0.00896644
0.0087923
0.00862194
0.00845517
0.00829178
0.00813162
0.00797452
0.00782035
0.00766896
0.00752026
0.00737414
0.00723052
0.00708932
0.00695047
0.00681393
0.00667963
0.0065475
0.00641747
0.00628941
0.0061631
0.00603823
0.00591429
0.0057909
0.00566736
0.0055698
0.00501927
0.0156717
0.0166221
0.0175718
0.0185064
0.019413
0.0202809
0.0211018
0.0218692
0.0225783
0.0232254
0.023808
0.0243242
0.0247726
0.0251521
0.0254618
0.0257011
0.0258693
0.0259661
0.0259916
0.0259459
0.0258299
0.0256449
0.025393
0.0250769
0.0247003
0.0242678
0.0237846
0.0232569
0.0226915
0.022096
0.0214779
0.0208452
0.0202057
0.0195667
0.0189351
0.0183169
0.0177173
0.0171404
0.0165891
0.0160655
0.0155707
0.0151046
0.0146668
0.0142559
0.0138706
0.0135087
0.0131684
0.0128475
0.0125441
0.0122563
0.0119825
0.011721
0.0114707
0.0112303
0.010999
0.0107758
0.0105603
0.0103517
0.0101495
0.00995345
0.00976306
0.00957803
0.00939806
0.00922286
0.00905218
0.00888579
0.00872346
0.00856497
0.00841014
0.00825877
0.0081107
0.00796578
0.00782385
0.00768479
0.00754849
0.00741484
0.00728374
0.00715511
0.00702887
0.00690494
0.00678323
0.00666364
0.00654601
0.0064301
0.00631551
0.00620164
0.0060877
0.0059706
0.00585891
0.00530182
0.0153109
0.0161509
0.0169943
0.0178303
0.0186486
0.0194399
0.0201963
0.020911
0.0215787
0.0221949
0.0227559
0.023259
0.0237019
0.0240828
0.0244
0.0246525
0.0248392
0.0249595
0.0250131
0.0250001
0.0249209
0.0247767
0.0245691
0.0243005
0.0239742
0.023594
0.0231646
0.0226915
0.0221807
0.0216389
0.021073
0.0204902
0.0198977
0.0193022
0.0187102
0.0181275
0.017559
0.0170091
0.0164807
0.0159762
0.015497
0.0150435
0.0146156
0.0142126
0.0138332
0.013476
0.0131393
0.0128213
0.0125203
0.0122346
0.0119627
0.0117031
0.0114547
0.0112163
0.0109871
0.0107662
0.0105531
0.010347
0.0101477
0.00995453
0.00976727
0.00958556
0.00940911
0.00923764
0.0090709
0.00890867
0.00875072
0.00859685
0.00844688
0.00830062
0.0081579
0.00801858
0.00788251
0.00774956
0.00761962
0.00749257
0.00736833
0.0072468
0.00712789
0.00701153
0.00689761
0.00678601
0.00667657
0.00656903
0.00646295
0.00635763
0.00625185
0.00614057
0.0060216
0.00550241
0.0149562
0.0157039
0.0164571
0.0172073
0.0179466
0.0186671
0.0193616
0.0200238
0.0206482
0.0212301
0.0217653
0.0222505
0.0226829
0.0230599
0.0233798
0.0236406
0.0238413
0.0239808
0.0240585
0.0240741
0.024028
0.0239208
0.023754
0.0235296
0.0232501
0.022919
0.0225404
0.022119
0.0216602
0.0211699
0.0206543
0.0201198
0.0195731
0.0190203
0.0184675
0.0179203
0.0173833
0.0168609
0.0163561
0.0158716
0.0154089
0.0149689
0.0145519
0.0141574
0.0137848
0.0134327
0.0131
0.012785
0.0124864
0.0122026
0.0119322
0.011674
0.0114269
0.0111897
0.0109617
0.0107421
0.0105302
0.0103255
0.0101276
0.00993593
0.00975023
0.00957016
0.00939545
0.00922581
0.00906103
0.00890086
0.00874511
0.00859358
0.00844609
0.00830247
0.00816257
0.00802623
0.00789334
0.00776377
0.00763741
0.00751415
0.00739392
0.00727663
0.00716219
0.00705054
0.00694157
0.00683517
0.00673118
0.00662932
0.00652917
0.00642991
0.00633
0.00622314
0.00610144
0.00564384
0.0146056
0.0152751
0.0159509
0.0166266
0.0172957
0.0179518
0.0185887
0.0192006
0.0197823
0.0203291
0.0208367
0.0213015
0.0217203
0.0220903
0.0224092
0.0226749
0.0228859
0.0230408
0.0231388
0.0231794
0.0231625
0.0230887
0.0229588
0.0227745
0.0225381
0.0222524
0.0219208
0.0215477
0.0211376
0.0206957
0.0202277
0.0197393
0.0192365
0.018725
0.0182104
0.017698
0.0171923
0.0166974
0.0162167
0.0157527
0.0153073
0.0148817
0.0144763
0.0140913
0.0137262
0.0133801
0.013052
0.0127407
0.012445
0.0121635
0.011895
0.0116384
0.0113926
0.0111567
0.0109298
0.0107113
0.0105005
0.0102969
0.0100999
0.00990929
0.00972462
0.00954559
0.00937192
0.00920336
0.00903968
0.00888065
0.00872609
0.0085758
0.00842961
0.00828737
0.00814893
0.00801415
0.00788292
0.00775512
0.00763065
0.00750942
0.00739136
0.00727639
0.00716445
0.00705546
0.00694934
0.006846
0.00674526
0.00664688
0.00655041
0.006455
0.00635887
0.00625513
0.00613365
0.00574509
0.0142577
0.0148603
0.0154693
0.0160798
0.0166867
0.0172846
0.0178683
0.0184327
0.0189729
0.0194846
0.0199635
0.020406
0.0208088
0.0211687
0.0214834
0.0217505
0.0219682
0.0221349
0.0222495
0.0223112
0.0223199
0.0222755
0.0221789
0.0220312
0.0218342
0.0215903
0.0213025
0.0209744
0.0206101
0.0202141
0.0197913
0.019347
0.0188865
0.0184151
0.017938
0.01746
0.0169855
0.0165185
0.0160622
0.0156195
0.0151923
0.014782
0.0143894
0.0140149
0.0136582
0.013319
0.0129964
0.0126895
0.0123973
0.0121187
0.0118526
0.011598
0.0113539
0.0111195
0.010894
0.0106767
0.010467
0.0102644
0.0100685
0.00987881
0.00969505
0.00951691
0.00934411
0.00917639
0.00901353
0.00885533
0.00870158
0.00855211
0.00840676
0.00826537
0.00812782
0.00799396
0.00786368
0.00773689
0.00761349
0.0074934
0.00737656
0.00726289
0.00715234
0.00704486
0.00694037
0.00683878
0.00673994
0.00664363
0.00654938
0.00645633
0.00636257
0.00626122
0.00614199
0.00581969
0.013912
0.0144566
0.0150075
0.0155609
0.0161125
0.0166581
0.0171931
0.0177132
0.0182141
0.0186916
0.0191418
0.0195612
0.0199464
0.0202944
0.0206024
0.0208682
0.0210896
0.021265
0.021393
0.0214727
0.0215034
0.0214851
0.0214182
0.0213035
0.0211424
0.0209369
0.0206896
0.0204033
0.0200817
0.0197287
0.0193487
0.0189464
0.0185264
0.0180936
0.0176528
0.0172084
0.0167648
0.0163255
0.015894
0.015473
0.0150645
0.0146703
0.0142913
0.0139281
0.0135808
0.0132493
0.0129331
0.0126313
0.0123434
0.0120682
0.011805
0.0115529
0.0113109
0.0110783
0.0108544
0.0106385
0.0104302
0.0102288
0.0100341
0.00984545
0.00966271
0.00948551
0.0093136
0.00914674
0.00898469
0.00882726
0.00867426
0.00852553
0.00838089
0.00824021
0.00810335
0.00797019
0.00784063
0.00771457
0.00759192
0.0074726
0.00735657
0.00724376
0.00713411
0.00702759
0.00692414
0.00682367
0.00672605
0.00663105
0.00653826
0.00644678
0.0063547
0.00625554
0.00614013
0.0058763
0.0135681
0.0140622
0.0145622
0.0150652
0.0155678
0.0160663
0.0165571
0.0170362
0.0175001
0.0179448
0.0183669
0.018763
0.0191297
0.0194642
0.0197638
0.020026
0.0202486
0.0204298
0.0205682
0.0206625
0.0207121
0.0207165
0.0206759
0.0205908
0.0204622
0.0202918
0.0200815
0.019834
0.0195522
0.0192395
0.0188998
0.0185372
0.0181559
0.0177603
0.0173547
0.0169433
0.01653
0.0161185
0.0157119
0.0153129
0.0149238
0.0145463
0.0141817
0.0138307
0.0134937
0.0131708
0.0128616
0.0125658
0.0122828
0.0120118
0.011752
0.0115028
0.0112634
0.011033
0.010811
0.010597
0.0103902
0.0101903
0.00999685
0.00980948
0.00962788
0.00945176
0.00928085
0.00911492
0.00895375
0.00879716
0.00864496
0.00849697
0.00835306
0.00821309
0.00807691
0.00794442
0.00781552
0.00769012
0.00756813
0.00744948
0.00733413
0.00722202
0.00711311
0.00700735
0.00690471
0.0068051
0.00670841
0.00661444
0.00652276
0.00643255
0.00634192
0.00624512
0.00613471
0.00592008
0.013226
0.0136756
0.0141309
0.0145894
0.0150483
0.0155045
0.0159551
0.0163967
0.016826
0.0172398
0.0176348
0.0180078
0.0183558
0.018676
0.0189657
0.0192225
0.0194442
0.0196289
0.019775
0.0198813
0.0199467
0.0199707
0.0199533
0.0198946
0.0197953
0.0196567
0.0194805
0.0192686
0.0190236
0.0187486
0.0184468
0.0181217
0.0177772
0.0174172
0.0170456
0.0166662
0.0162827
0.0158985
0.0155168
0.0151401
0.0147707
0.0144106
0.014061
0.0137229
0.0133969
0.0130833
0.0127821
0.0124929
0.0122155
0.0119492
0.0116934
0.0114477
0.0112112
0.0109834
0.0107638
0.0105518
0.0103469
0.0101486
0.00995673
0.00977079
0.0095905
0.0094156
0.00924582
0.00908095
0.00892077
0.00876511
0.00861379
0.00846664
0.00832352
0.0081843
0.00804885
0.00791707
0.00778886
0.00766413
0.00754281
0.00742483
0.00731015
0.00719872
0.0070905
0.00698547
0.00688357
0.00678476
0.00668893
0.00659588
0.00650524
0.00641622
0.0063271
0.00623296
0.00612842
0.00595404
0.0128856
0.0132961
0.0137118
0.0141307
0.0145506
0.0149689
0.0153831
0.0157903
0.0161877
0.0165725
0.0169416
0.0172922
0.0176215
0.0179269
0.0182058
0.0184559
0.018675
0.0188612
0.0190127
0.0191283
0.0192069
0.0192478
0.0192505
0.0192151
0.0191421
0.0190322
0.0188869
0.0187077
0.0184969
0.0182568
0.0179903
0.0177006
0.017391
0.0170649
0.016726
0.0163776
0.0160232
0.015666
0.015309
0.0149547
0.0146054
0.014263
0.013929
0.0136045
0.0132902
0.0129867
0.0126941
0.0124122
0.012141
0.0118801
0.011629
0.0113871
0.0111541
0.0109294
0.0107124
0.0105027
0.0103
0.0101037
0.00991358
0.00972926
0.00955046
0.00937694
0.00920844
0.00904476
0.0088857
0.00873108
0.00858073
0.0084345
0.00829226
0.00815387
0.00801922
0.00788821
0.00776074
0.00763673
0.00751612
0.00739885
0.00728487
0.00717415
0.00706665
0.00696235
0.00686122
0.00676321
0.00666823
0.00657612
0.00648654
0.00639877
0.0063113
0.00622016
0.00612199
0.00598008
0.0125471
0.0129228
0.0133034
0.0136871
0.0140721
0.0144564
0.0148376
0.0152134
0.0155814
0.0159391
0.0162838
0.0166129
0.016924
0.0172145
0.0174821
0.0177245
0.0179396
0.0181255
0.0182806
0.0184033
0.0184927
0.0185477
0.0185678
0.018553
0.0185033
0.0184193
0.018302
0.0181527
0.0179732
0.0177654
0.017532
0.0172754
0.0169987
0.0167049
0.0163972
0.0160788
0.0157527
0.0154219
0.0150893
0.0147574
0.0144283
0.014104
0.0137861
0.0134757
0.0131738
0.012881
0.0125976
0.0123238
0.0120595
0.0118045
0.0115584
0.0113211
0.0110919
0.0108706
0.0106567
0.0104497
0.0102494
0.0100554
0.00986723
0.00968474
0.00950763
0.00933566
0.0091686
0.00900625
0.00884843
0.00869496
0.0085457
0.00840049
0.00825921
0.00812174
0.00798796
0.00785779
0.00773113
0.00760791
0.00748807
0.00737155
0.00725832
0.00714835
0.00704161
0.00693808
0.00683775
0.00674058
0.00664651
0.00655538
0.00646691
0.00638049
0.00629484
0.00620698
0.0061154
0.00599946
0.0122107
0.0125555
0.0129047
0.013257
0.0136108
0.0139643
0.0143157
0.014663
0.015004
0.0153365
0.0156583
0.0159671
0.0162605
0.0165363
0.0167922
0.0170262
0.0172363
0.0174207
0.0175776
0.0177056
0.0178034
0.0178703
0.0179054
0.0179084
0.0178793
0.0178184
0.0177264
0.0176043
0.0174534
0.0172756
0.0170727
0.0168472
0.0166014
0.0163382
0.0160603
0.0157706
0.0154719
0.015167
0.0148584
0.0145486
0.0142398
0.0139339
0.0136323
0.0133365
0.0130475
0.012766
0.0124925
0.0122273
0.0119705
0.011722
0.0114816
0.0112492
0.0110244
0.010807
0.0105964
0.0103926
0.010195
0.0100034
0.00981751
0.00963708
0.00946185
0.00929161
0.00912615
0.00896529
0.00880884
0.00865666
0.0085086
0.00836452
0.0082243
0.00808783
0.00795501
0.00782575
0.00769997
0.0075776
0.00745859
0.00734289
0.00723046
0.00712129
0.00701536
0.00691265
0.00681317
0.00671689
0.00662376
0.00653367
0.00644639
0.00636142
0.00627778
0.00619338
0.00610838
0.00601315
0.0118766
0.0121937
0.0125149
0.012839
0.0131647
0.0134906
0.013815
0.0141363
0.0144525
0.0147619
0.0150623
0.0153518
0.0156283
0.0158897
0.0161341
0.0163593
0.0165637
0.0167453
0.0169026
0.0170342
0.0171388
0.0172153
0.0172631
0.0172816
0.0172706
0.0172303
0.017161
0.0170634
0.0169387
0.0167883
0.0166137
0.016417
0.0162003
0.0159659
0.0157163
0.0154541
0.0151818
0.014902
0.014617
0.0143291
0.0140405
0.013753
0.0134681
0.0131873
0.0129116
0.0126419
0.0123789
0.0121228
0.011874
0.0116326
0.0113984
0.0111714
0.0109515
0.0107382
0.0105315
0.010331
0.0101365
0.00994764
0.00976427
0.00958613
0.009413
0.00924468
0.009081
0.00892177
0.00876684
0.00861608
0.00846933
0.00832649
0.00818744
0.00805207
0.00792029
0.00779202
0.00766719
0.00754575
0.00742763
0.0073128
0.00720123
0.00709292
0.00698784
0.00688601
0.00678743
0.00669209
0.00659996
0.00651098
0.00642497
0.00634155
0.00626006
0.00617925
0.00610062
0.00602187
0.0115449
0.0118372
0.0121333
0.0124321
0.0127326
0.0130335
0.0133335
0.0136311
0.0139247
0.0142127
0.0144934
0.0147648
0.0150252
0.0152727
0.0155056
0.0157219
0.0159199
0.016098
0.0162547
0.0163884
0.016498
0.0165825
0.0166409
0.0166727
0.0166775
0.0166553
0.0166062
0.0165308
0.0164299
0.0163045
0.016156
0.015986
0.0157964
0.0155891
0.0153664
0.0151303
0.0148834
0.0146278
0.0143658
0.0140995
0.0138308
0.0135617
0.0132937
0.0130281
0.0127661
0.0125087
0.0122565
0.0120102
0.0117699
0.011536
0.0113086
0.0110875
0.0108728
0.0106642
0.0104617
0.0102649
0.0100737
0.00988796
0.00970736
0.00953174
0.00936092
0.00919472
0.00903299
0.00887556
0.00872231
0.00857309
0.0084278
0.00828631
0.00814852
0.00801435
0.00788371
0.00775652
0.00763273
0.00751227
0.00739511
0.00728122
0.00717058
0.00706318
0.00695902
0.00685812
0.00676048
0.00666613
0.00657507
0.00648725
0.00640258
0.00632083
0.0062416
0.00616443
0.00609187
0.00602623
0.0112159
0.0114859
0.0117594
0.0120355
0.0123132
0.0125916
0.0128695
0.0131456
0.0134185
0.0136869
0.0139491
0.0142037
0.0144489
0.0146831
0.0149047
0.0151121
0.0153035
0.0154774
0.0156324
0.0157672
0.0158804
0.0159711
0.0160383
0.0160814
0.0160999
0.0160937
0.0160626
0.0160071
0.0159276
0.0158251
0.0157005
0.0155552
0.0153908
0.0152089
0.0150114
0.0148003
0.0145775
0.0143453
0.0141056
0.0138603
0.0136114
0.0133606
0.0131094
0.0128593
0.0126113
0.0123665
0.0121256
0.0118894
0.0116582
0.0114323
0.011212
0.0109973
0.0107883
0.0105848
0.0103868
0.0101941
0.0100066
0.00982418
0.00964661
0.00947376
0.00930547
0.0091416
0.008982
0.00882655
0.00867512
0.0085276
0.00838388
0.00824387
0.00810747
0.0079746
0.00784519
0.00771917
0.00759649
0.0074771
0.00736098
0.00724809
0.00713843
0.00703201
0.00692882
0.0068289
0.00673227
0.00663897
0.00654903
0.00646244
0.00637919
0.00629918
0.00622231
0.00614876
0.00608188
0.0060267
0.0108898
0.0111397
0.0113928
0.0116484
0.0119056
0.0121636
0.0124214
0.0126779
0.012932
0.0131823
0.0134276
0.0136664
0.0138974
0.014119
0.0143298
0.0145282
0.0147128
0.0148821
0.0150348
0.0151695
0.0152852
0.0153807
0.0154551
0.0155078
0.0155381
0.0155457
0.0155306
0.0154927
0.0154326
0.0153508
0.0152481
0.0151256
0.0149845
0.0148262
0.0146524
0.0144648
0.0142652
0.0140553
0.0138371
0.0136124
0.0133829
0.0131502
0.0129158
0.0126811
0.0124473
0.0122154
0.0119862
0.0117605
0.0115388
0.0113214
0.0111087
0.0109008
0.0106978
0.0104998
0.0103067
0.0101184
0.00993496
0.00975615
0.00958188
0.00941204
0.00924651
0.00908517
0.0089279
0.0087746
0.00862516
0.00847949
0.00833749
0.00819908
0.00806418
0.00793272
0.00780464
0.00767988
0.0075584
0.00744016
0.00732515
0.00721334
0.00710473
0.00699934
0.00689719
0.00679831
0.00670274
0.00661055
0.00652178
0.00643649
0.00635472
0.00627653
0.00620209
0.00613211
0.00607048
0.00602365
0.0105668
0.0107986
0.0110333
0.0112703
0.011509
0.0117486
0.0119882
0.0122268
0.0124636
0.0126974
0.012927
0.0131513
0.0133689
0.0135785
0.0137789
0.0139686
0.0141463
0.0143107
0.0144605
0.0145945
0.0147115
0.0148106
0.0148908
0.0149514
0.0149918
0.0150115
0.0150103
0.0149883
0.0149455
0.0148824
0.0147996
0.0146979
0.0145783
0.014442
0.0142904
0.014125
0.0139472
0.0137588
0.0135613
0.0133564
0.0131458
0.0129309
0.0127132
0.012494
0.0122745
0.0120557
0.0118385
0.0116236
0.0114117
0.0112032
0.0109984
0.0107977
0.0106012
0.0104091
0.0102212
0.0100378
0.0098586
0.00968371
0.00951302
0.00934645
0.00918391
0.00902532
0.00887058
0.00871961
0.00857232
0.00842865
0.00828851
0.00815183
0.00801855
0.00788861
0.00776197
0.00763857
0.00751838
0.00740138
0.00728755
0.00717689
0.0070694
0.00696512
0.00686406
0.00676628
0.00667183
0.0065808
0.00649327
0.00640934
0.00632912
0.00625282
0.00618083
0.00611433
0.00605751
0.00601738
0.0102471
0.0104624
0.0106805
0.0109008
0.0111227
0.0113455
0.0115685
0.011791
0.012012
0.0122306
0.0124458
0.0126565
0.0128617
0.01306
0.0132504
0.0134317
0.0136025
0.0137618
0.0139083
0.0140409
0.0141585
0.0142602
0.014345
0.0144121
0.014461
0.0144911
0.0145022
0.014494
0.0144667
0.0144204
0.0143556
0.0142729
0.0141732
0.0140573
0.0139264
0.0137817
0.0136246
0.0134565
0.0132789
0.0130932
0.0129009
0.0127035
0.0125022
0.0122984
0.0120932
0.0118876
0.0116825
0.0114788
0.011277
0.0110777
0.0108813
0.0106882
0.0104985
0.0103125
0.0101303
0.00995193
0.00977741
0.00960674
0.0094399
0.00927684
0.00911753
0.0089619
0.00880988
0.00866143
0.00851648
0.00837496
0.00823683
0.00810202
0.00797049
0.00784219
0.00771709
0.00759515
0.00747635
0.00736067
0.00724811
0.00713867
0.00703238
0.00692926
0.00682936
0.00673274
0.00663948
0.00654968
0.00646344
0.00638092
0.00630232
0.00622795
0.00615843
0.00609528
0.00604285
0.00600813
0.00993083
0.0101313
0.0103343
0.0105394
0.010746
0.0109537
0.0111617
0.0113694
0.011576
0.0117807
0.0119826
0.0121808
0.0123743
0.012562
0.012743
0.0129161
0.0130802
0.0132343
0.0133772
0.0135078
0.0136253
0.0137286
0.0138169
0.0138894
0.0139454
0.0139844
0.0140061
0.0140102
0.0139966
0.0139654
0.0139169
0.0138515
0.0137699
0.0136728
0.013561
0.0134358
0.0132981
0.0131493
0.0129906
0.0128233
0.0126488
0.0124684
0.0122833
0.0120947
0.0119037
0.0117114
0.0115186
0.0113262
0.0111348
0.010945
0.0107572
0.010572
0.0103895
0.0102101
0.0100338
0.00986085
0.00969126
0.00952509
0.00936237
0.00920309
0.00904724
0.00889479
0.00874571
0.00859996
0.00845751
0.00831832
0.00818234
0.00804954
0.00791989
0.00779336
0.00766991
0.00754953
0.00743221
0.00731795
0.00720674
0.00709861
0.00699359
0.00689171
0.00679304
0.00669764
0.00660563
0.0065171
0.00643222
0.00635118
0.00627424
0.00620184
0.0061348
0.00607486
0.0060264
0.00599606
0.00961824
0.00980522
0.00999455
0.0101858
0.0103786
0.0105724
0.0107668
0.0109609
0.0111544
0.0113463
0.011536
0.0117226
0.0119053
0.0120831
0.0122552
0.0124205
0.012578
0.0127268
0.0128659
0.0129943
0.013111
0.0132152
0.0133061
0.0133828
0.0134448
0.0134914
0.0135222
0.013537
0.0135355
0.0135178
0.0134839
0.0134342
0.0133692
0.0132893
0.0131953
0.0130881
0.0129687
0.0128381
0.0126973
0.0125477
0.0123903
0.0122264
0.012057
0.0118834
0.0117066
0.0115275
0.011347
0.011166
0.0109852
0.0108051
0.0106263
0.0104493
0.0102743
0.0101017
0.00993166
0.00976441
0.00960005
0.00943866
0.00928032
0.00912506
0.00897291
0.00882386
0.00867792
0.00853507
0.00839531
0.0082586
0.00812494
0.0079943
0.00786666
0.00774201
0.00762034
0.00750163
0.0073859
0.00727314
0.00716338
0.00705663
0.00695295
0.00685239
0.00675501
0.00666091
0.00657019
0.00648301
0.00639954
0.00632003
0.0062448
0.00617441
0.00610981
0.00605293
0.00600805
0.00598129
0.00930948
0.00948418
0.00966107
0.0098398
0.01002
0.0102012
0.0103831
0.010565
0.0107463
0.0109266
0.011105
0.0112809
0.0114535
0.0116221
0.0117857
0.0119436
0.0120947
0.0122383
0.0123735
0.0124993
0.0126148
0.0127193
0.0128119
0.012892
0.0129588
0.0130118
0.0130505
0.0130746
0.0130838
0.013078
0.0130572
0.0130217
0.0129716
0.0129075
0.0128299
0.0127395
0.0126371
0.0125236
0.0123999
0.012267
0.012126
0.011978
0.011824
0.011665
0.0115021
0.0113361
0.011168
0.0109985
0.0108284
0.0106582
0.0104886
0.01032
0.0101528
0.00998727
0.00982379
0.00966254
0.00950368
0.00934735
0.00919365
0.00904266
0.00889443
0.008749
0.00860641
0.00846665
0.00832975
0.0081957
0.00806451
0.00793617
0.00781069
0.00768805
0.00756827
0.00745135
0.0073373
0.00722615
0.00711792
0.00701265
0.00691039
0.00681122
0.0067152
0.00662246
0.00653311
0.00644734
0.00636534
0.0062874
0.00621393
0.00614556
0.00608337
0.00602939
0.00598774
0.00596393
0.00900472
0.00916823
0.00933378
0.00950109
0.00966981
0.00983959
0.01001
0.0101807
0.010351
0.0105205
0.0106886
0.0108546
0.0110179
0.0111777
0.0113334
0.0114842
0.0116292
0.0117677
0.0118989
0.0120218
0.0121358
0.0122401
0.0123338
0.0124164
0.0124871
0.0125454
0.0125908
0.0126229
0.0126415
0.0126462
0.0126372
0.0126143
0.0125779
0.0125282
0.0124656
0.0123907
0.0123041
0.0122066
0.0120989
0.0119819
0.0118566
0.0117239
0.0115847
0.01144
0.0112907
0.0111377
0.0109819
0.0108239
0.0106646
0.0105045
0.0103442
0.0101842
0.010025
0.00986686
0.00971017
0.00955518
0.00940208
0.00925105
0.00910224
0.00895576
0.00881169
0.0086701
0.00853105
0.00839458
0.00826073
0.00812951
0.00800095
0.00787507
0.00775187
0.00763138
0.00751362
0.0073986
0.00728635
0.0071769
0.00707029
0.00696658
0.00686583
0.00676812
0.00667354
0.00658223
0.00649431
0.00641
0.00632953
0.00625322
0.00618154
0.00611519
0.00605536
0.00600413
0.00596538
0.00594402
0.00870412
0.00885741
0.00901262
0.0091695
0.00932775
0.00948707
0.00964709
0.00980743
0.00996764
0.0101273
0.0102858
0.0104427
0.0105973
0.0107491
0.0108973
0.0110414
0.0111805
0.011314
0.0114411
0.0115611
0.0116733
0.0117768
0.0118711
0.0119555
0.0120293
0.012092
0.0121431
0.0121821
0.0122088
0.0122228
0.0122241
0.0122127
0.0121885
0.0121519
0.012103
0.0120424
0.0119705
0.0118878
0.0117952
0.0116932
0.0115828
0.0114647
0.0113398
0.011209
0.011073
0.0109328
0.010789
0.0106425
0.010494
0.010344
0.0101932
0.010042
0.00989097
0.00974044
0.00959079
0.00944228
0.00929519
0.00914971
0.00900602
0.00886427
0.00872458
0.00858705
0.00845175
0.00831876
0.00818814
0.00805992
0.00793415
0.00781087
0.00769011
0.0075719
0.00745628
0.00734327
0.00723293
0.00712529
0.00702041
0.00691835
0.00681919
0.00672302
0.00662995
0.00654013
0.00645372
0.00637093
0.00629203
0.00621739
0.00614753
0.00608322
0.00602569
0.00597704
0.00594091
0.0059216
0.00840783
0.00855177
0.00869754
0.00884489
0.00899357
0.00914331
0.0092938
0.00944471
0.00959564
0.00974619
0.00989592
0.0100443
0.0101909
0.0103351
0.0104764
0.0106141
0.0107476
0.0108762
0.0109993
0.0111163
0.0112263
0.0113289
0.0114233
0.0115088
0.011585
0.0116512
0.011707
0.011752
0.0117857
0.0118079
0.0118184
0.011817
0.0118039
0.0117791
0.0117428
0.0116952
0.0116368
0.011568
0.0114894
0.0114016
0.0113053
0.0112012
0.01109
0.0109725
0.0108495
0.0107217
0.0105899
0.0104547
0.0103169
0.0101771
0.0100358
0.00989354
0.00975084
0.00960808
0.00946564
0.00932385
0.00918298
0.00904327
0.00890493
0.00876813
0.00863303
0.00849975
0.00836841
0.00823909
0.00811187
0.00798682
0.00786401
0.00774349
0.00762531
0.00750951
0.00739616
0.00728529
0.00717696
0.00707123
0.00696817
0.00686785
0.00677037
0.00667582
0.00658435
0.00649609
0.00641124
0.00633003
0.00625277
0.00617984
0.00611182
0.00604953
0.00599425
0.00594803
0.00591425
0.00589668
0.00811599
0.00825138
0.00838849
0.00852712
0.00866703
0.00880801
0.00894977
0.00909201
0.00923441
0.00937661
0.00951822
0.00965881
0.00979792
0.00993508
0.0100698
0.0102014
0.0103295
0.0104535
0.0105727
0.0106865
0.0107943
0.0108956
0.0109896
0.0110759
0.0111538
0.0112229
0.0112826
0.0113325
0.0113722
0.0114015
0.0114201
0.0114277
0.0114245
0.0114103
0.0113853
0.0113497
0.0113037
0.0112478
0.0111823
0.0111077
0.0110247
0.0109338
0.0108357
0.0107311
0.0106206
0.0105049
0.0103848
0.0102608
0.0101336
0.0100039
0.00987218
0.00973894
0.00960468
0.00946984
0.00933479
0.00919988
0.00906543
0.00893169
0.0087989
0.00866726
0.00853695
0.00840813
0.00828092
0.00815546
0.00803182
0.00791012
0.00779043
0.00767281
0.00755736
0.00744411
0.00733315
0.00722454
0.00711834
0.00701464
0.00691349
0.00681501
0.00671929
0.00662646
0.00653664
0.00645002
0.0063668
0.00628723
0.00621164
0.00614047
0.00607431
0.00601403
0.00596092
0.00591698
0.00588534
0.00586925
0.00782875
0.00795629
0.00808547
0.00821609
0.00834796
0.00848089
0.00861463
0.00874891
0.00888347
0.00901797
0.00915207
0.00928541
0.00941758
0.00954815
0.00967667
0.00980266
0.00992563
0.010045
0.0101604
0.010271
0.0103765
0.0104762
0.0105696
0.0106561
0.0107353
0.0108065
0.0108694
0.0109235
0.0109684
0.0110038
0.0110294
0.0110451
0.0110506
0.011046
0.0110312
0.0110065
0.0109719
0.0109278
0.0108744
0.0108123
0.0107417
0.0106633
0.0105777
0.0104853
0.0103868
0.0102829
0.0101742
0.0100611
0.00994451
0.00982482
0.00970261
0.00957839
0.00945265
0.00932581
0.00919828
0.00907042
0.00894254
0.00881495
0.0086879
0.00856161
0.00843628
0.0083121
0.00818922
0.00806778
0.00794791
0.00782972
0.0077133
0.00759875
0.00748616
0.0073756
0.00726717
0.00716094
0.00705699
0.0069554
0.00685629
0.00675973
0.00666587
0.00657482
0.00648675
0.00640183
0.0063203
0.00624243
0.00616857
0.00609919
0.0060349
0.00597661
0.00592561
0.00588382
0.00585411
0.00583929
0.00754624
0.00766657
0.00778845
0.00791171
0.0080362
0.00816172
0.00828808
0.00841504
0.00854236
0.00866975
0.00879691
0.00892352
0.00904923
0.00917365
0.00929639
0.00941701
0.00953508
0.00965013
0.00976167
0.00986921
0.00997223
0.0100702
0.0101627
0.0102491
0.010329
0.0104019
0.0104673
0.0105249
0.0105741
0.0106148
0.0106465
0.0106692
0.0106825
0.0106864
0.0106809
0.010666
0.0106419
0.0106086
0.0105664
0.0105158
0.0104569
0.0103903
0.0103164
0.0102357
0.0101488
0.0100562
0.00995848
0.00985618
0.00974986
0.00964006
0.00952731
0.00941209
0.00929489
0.00917612
0.00905621
0.00893551
0.00881436
0.00869307
0.00857191
0.00845114
0.00833097
0.00821161
0.00809323
0.00797599
0.00786005
0.00774552
0.00763253
0.0075212
0.00741161
0.00730389
0.00719811
0.00709438
0.00699279
0.00689344
0.00679645
0.00670192
0.00661
0.00652083
0.00643457
0.00635143
0.00627166
0.00619554
0.00612346
0.00605589
0.00599349
0.00593717
0.0058882
0.00584843
0.00582047
0.00580677
0.0072686
0.00738228
0.00749744
0.00761393
0.00773161
0.00785031
0.00796987
0.00809007
0.0082107
0.00833151
0.00845224
0.0085726
0.00869229
0.00881096
0.00892827
0.00904382
0.00915724
0.00926809
0.00937596
0.00948038
0.0095809
0.00967705
0.00976837
0.00985439
0.00993464
0.0100087
0.0100761
0.0101364
0.0101893
0.0102345
0.0102715
0.0103003
0.0103205
0.010332
0.0103348
0.0103288
0.010314
0.0102907
0.0102589
0.0102188
0.0101708
0.0101153
0.0100525
0.00998292
0.00990703
0.00982529
0.00973821
0.00964629
0.00955005
0.00944997
0.00934656
0.00924028
0.0091316
0.00902093
0.00890869
0.00879523
0.00868092
0.00856606
0.00845094
0.00833584
0.00822098
0.0081066
0.00799288
0.00788001
0.00776815
0.00765745
0.00754804
0.00744007
0.00733363
0.00722887
0.00712587
0.00702476
0.00692565
0.00682865
0.00673388
0.00664149
0.0065516
0.00646438
0.00638002
0.00629873
0.00622078
0.00614647
0.0060762
0.00601048
0.00594997
0.00589559
0.00584859
0.00581072
0.00578437
0.00577164
0.00699595
0.00710349
0.00721244
0.00732268
0.00743407
0.00754648
0.00765975
0.0077737
0.00788814
0.00800286
0.00811762
0.00823217
0.00834624
0.00845953
0.00857172
0.00868249
0.00879148
0.00889831
0.00900259
0.00910394
0.00920192
0.00929612
0.0093861
0.00947145
0.00955172
0.0096265
0.00969537
0.00975795
0.00981388
0.00986279
0.00990441
0.00993844
0.00996467
0.00998293
0.00999309
0.00999509
0.0099889
0.00997458
0.00995222
0.009922
0.00988412
0.00983884
0.00978649
0.00972741
0.00966198
0.00959063
0.00951379
0.00943192
0.00934546
0.00925489
0.00916066
0.00906322
0.008963
0.00886041
0.00875585
0.0086497
0.00854229
0.00843396
0.00832501
0.0082157
0.0081063
0.00799704
0.00788814
0.00777978
0.00767215
0.00756542
0.00745975
0.00735527
0.00725213
0.00715045
0.00705036
0.006952
0.00685548
0.00676093
0.0066685
0.00657832
0.00649056
0.00640538
0.00632299
0.00624363
0.00616755
0.00609511
0.0060267
0.00596284
0.00590423
0.00585176
0.00580666
0.00577059
0.00574571
0.00573385
0.00672841
0.00683027
0.00693348
0.00703793
0.00714351
0.00725009
0.00735754
0.0074657
0.0075744
0.00768345
0.00779266
0.00790179
0.00801061
0.00811885
0.00822623
0.00833247
0.00843724
0.0085402
0.00864103
0.00873934
0.00883477
0.00892693
0.00901543
0.00909988
0.00917987
0.00925503
0.00932495
0.00938927
0.00944764
0.00949972
0.00954519
0.0095838
0.00961529
0.00963948
0.00965619
0.00966534
0.00966685
0.00966072
0.00964701
0.0096258
0.00959725
0.00956155
0.00951895
0.00946972
0.0094142
0.00935273
0.00928569
0.00921348
0.0091365
0.00905518
0.00896993
0.00888117
0.00878931
0.00869475
0.00859787
0.00849903
0.00839859
0.00829686
0.00819415
0.00809075
0.00798692
0.00788292
0.00777895
0.00767525
0.00757199
0.00746938
0.00736757
0.00726673
0.007167
0.00706854
0.00697149
0.00687599
0.00678218
0.00669019
0.00660019
0.00651233
0.00642678
0.00634373
0.00626339
0.00618602
0.00611189
0.00604135
0.00597484
0.00591288
0.00585616
0.00580558
0.00576232
0.00572794
0.00570441
0.00569333
0.0064661
0.00656269
0.00666057
0.00675965
0.00685984
0.00696101
0.00706305
0.00716583
0.00726919
0.00737298
0.007477
0.00758107
0.00768497
0.00778847
0.00789132
0.00799326
0.00809401
0.00819327
0.00829073
0.00838607
0.00847895
0.00856901
0.00865591
0.00873927
0.00881874
0.00889396
0.00896455
0.00903017
0.00909048
0.00914515
0.00919388
0.0092364
0.00927244
0.00930181
0.00932431
0.00933982
0.00934824
0.00934952
0.00934366
0.00933069
0.00931073
0.00928389
0.00925037
0.00921038
0.00916418
0.00911208
0.00905437
0.00899141
0.00892357
0.0088512
0.0087747
0.00869444
0.00861081
0.00852418
0.00843492
0.00834339
0.00824991
0.00815483
0.00805843
0.00796102
0.00786286
0.00776421
0.00766531
0.00756638
0.00746763
0.00736925
0.00727144
0.00717436
0.00707818
0.00698307
0.00688917
0.00679664
0.00670565
0.00661633
0.00652887
0.00644342
0.00636017
0.00627933
0.00620112
0.0061258
0.00605367
0.0059851
0.00592052
0.00586047
0.00580564
0.00575692
0.00571544
0.00568266
0.00566039
0.00565
0.00620912
0.00630081
0.00639373
0.00648782
0.00658299
0.00667913
0.00677614
0.00687391
0.0069723
0.00707116
0.00717035
0.00726967
0.00736896
0.00746799
0.00756656
0.00766443
0.00776134
0.00785704
0.00795125
0.00804367
0.008134
0.00822192
0.00830711
0.00838924
0.00846798
0.00854298
0.00861391
0.00868044
0.00874224
0.008799
0.00885043
0.00889625
0.00893621
0.00897008
0.00899767
0.00901882
0.0090334
0.00904133
0.00904257
0.00903711
0.00902501
0.00900635
0.00898124
0.00894987
0.00891242
0.00886914
0.00882029
0.00876616
0.00870707
0.00864333
0.00857531
0.00850333
0.00842776
0.00834894
0.00826721
0.00818293
0.00809641
0.00800798
0.00791793
0.00782656
0.00773414
0.00764094
0.0075472
0.00745315
0.00735901
0.007265
0.0071713
0.0070781
0.00698559
0.00689393
0.0068033
0.00671387
0.0066258
0.00653926
0.00645442
0.00637148
0.00629062
0.00621207
0.00613606
0.00606286
0.0059928
0.00592623
0.00586362
0.0058055
0.00575256
0.00570567
0.00566592
0.00563466
0.00561355
0.00560381
0.00595758
0.00604469
0.00613299
0.00622243
0.00631291
0.00640436
0.00649667
0.00658976
0.0066835
0.00677776
0.00687241
0.00696728
0.00706222
0.00715705
0.00725156
0.00734555
0.00743881
0.00753109
0.00762214
0.0077117
0.0077995
0.00788525
0.00796866
0.00804943
0.00812724
0.00820179
0.00827277
0.00833986
0.00840276
0.00846116
0.0085148
0.00856338
0.00860667
0.00864442
0.00867644
0.00870255
0.00872259
0.00873647
0.00874411
0.00874546
0.00874053
0.00872936
0.00871203
0.00868865
0.00865937
0.00862438
0.00858389
0.00853815
0.00848741
0.00843197
0.00837212
0.00830817
0.00824045
0.00816927
0.00809496
0.00801785
0.00793823
0.00785643
0.00777274
0.00768745
0.00760082
0.00751313
0.00742463
0.00733555
0.00724612
0.00715657
0.00706709
0.00697789
0.00688915
0.00680107
0.00671382
0.00662758
0.00654253
0.00645886
0.00637676
0.00629641
0.00621803
0.00614184
0.00606811
0.0059971
0.00592915
0.00586464
0.00580402
0.00574785
0.0056968
0.00565171
0.00561363
0.00558383
0.00556381
0.00555464
0.00571156
0.00579439
0.00587837
0.00596345
0.00604955
0.00613661
0.00622453
0.00631324
0.00640261
0.00649256
0.00658294
0.00667362
0.00676447
0.00685531
0.00694597
0.00703628
0.00712603
0.00721501
0.00730301
0.00738977
0.00747506
0.00755862
0.00764019
0.00771948
0.00779622
0.00787012
0.00794088
0.00800823
0.00807187
0.00813152
0.00818691
0.00823776
0.00828384
0.00832491
0.00836076
0.00839121
0.00841608
0.00843525
0.00844861
0.0084561
0.00845768
0.00845336
0.00844317
0.00842718
0.0084055
0.00837826
0.00834563
0.0083078
0.00826501
0.00821748
0.00816548
0.00810929
0.00804918
0.00798546
0.00791841
0.00784835
0.00777556
0.00770035
0.00762299
0.00754377
0.00746296
0.00738083
0.00729762
0.00721358
0.00712895
0.00704395
0.00695878
0.00687367
0.00678881
0.0067044
0.00662063
0.00653769
0.00645577
0.00637507
0.00629578
0.00621811
0.00614229
0.00606855
0.00599716
0.0059284
0.00586262
0.00580021
0.00574162
0.0056874
0.00563823
0.00559492
0.00555847
0.00553005
0.00551105
0.00550243
0.00547115
0.00554996
0.00562989
0.00571089
0.00579288
0.00587582
0.00595962
0.0060442
0.00612948
0.00621536
0.00630172
0.00638845
0.00647542
0.00656248
0.00664949
0.00673628
0.00682267
0.00690847
0.0069935
0.00707752
0.00716033
0.00724169
0.00732136
0.00739908
0.00747461
0.00754767
0.00761801
0.00768535
0.00774941
0.00780995
0.00786668
0.00791937
0.00796776
0.00801163
0.00805076
0.00808496
0.00811406
0.0081379
0.00815636
0.00816936
0.00817683
0.00817873
0.00817507
0.00816588
0.00815122
0.00813119
0.00810592
0.00807555
0.00804026
0.00800026
0.00795577
0.00790702
0.00785427
0.00779778
0.00773782
0.00767466
0.00760859
0.00753988
0.0074688
0.00739564
0.00732064
0.00724408
0.00716621
0.00708727
0.00700749
0.00692711
0.00684634
0.00676541
0.00668451
0.00660386
0.00652367
0.00644411
0.00636541
0.00628777
0.00621139
0.00613649
0.0060633
0.00599208
0.0059231
0.00585665
0.00579309
0.00573281
0.00567628
0.00562403
0.00557674
0.00553518
0.00550031
0.00547322
0.00545519
0.00544706
0.00523642
0.00531145
0.00538757
0.00546473
0.00554286
0.00562191
0.00570183
0.00578253
0.00586394
0.00594598
0.00602855
0.00611153
0.00619483
0.0062783
0.00636182
0.00644524
0.0065284
0.00661114
0.00669328
0.00677462
0.00685497
0.00693412
0.00701185
0.00708793
0.00716213
0.00723421
0.00730392
0.007371
0.00743522
0.00749631
0.00755404
0.00760816
0.00765842
0.00770462
0.00774653
0.00778395
0.00781672
0.00784466
0.00786764
0.00788554
0.00789829
0.00790582
0.0079081
0.00790514
0.00789695
0.0078836
0.00786518
0.00784179
0.00781357
0.0077807
0.00774335
0.00770172
0.00765603
0.00760653
0.00755343
0.00749701
0.00743751
0.0073752
0.00731033
0.00724317
0.00717397
0.00710298
0.00703045
0.00695663
0.00688175
0.00680605
0.00672974
0.00665306
0.00657621
0.00649941
0.00642286
0.00634679
0.00627139
0.00619688
0.00612349
0.00605143
0.00598096
0.00591233
0.00584581
0.00578174
0.00572044
0.00566234
0.00560788
0.00555762
0.00551219
0.00547236
0.00543903
0.00541322
0.0053961
0.00538845
0.00500743
0.00507891
0.00515143
0.00522495
0.00529944
0.00537483
0.00545108
0.00552811
0.00560587
0.00568428
0.00576324
0.00584267
0.00592247
0.00600252
0.0060827
0.0061629
0.00624295
0.00632272
0.00640205
0.00648076
0.00655868
0.00663562
0.00671138
0.00678575
0.00685852
0.00692947
0.00699838
0.00706501
0.00712912
0.00719049
0.00724888
0.00730407
0.00735581
0.0074039
0.00744813
0.00748829
0.00752421
0.00755571
0.00758266
0.00760491
0.00762238
0.00763497
0.00764263
0.00764533
0.00764307
0.00763587
0.0076238
0.00760691
0.00758533
0.00755916
0.00752857
0.00749372
0.0074548
0.007412
0.00736554
0.00731566
0.00726257
0.00720652
0.00714775
0.00708652
0.00702305
0.0069576
0.00689041
0.00682173
0.00675177
0.00668078
0.00660898
0.0065366
0.00646386
0.00639097
0.00631816
0.00624563
0.00617361
0.00610232
0.00603199
0.00596285
0.00589516
0.00582918
0.0057652
0.00570354
0.00564456
0.00558865
0.0055363
0.00548802
0.00544446
0.00540634
0.00537451
0.00534993
0.00533369
0.00532648
0.00478424
0.00485234
0.00492146
0.00499156
0.00506259
0.00513451
0.00520728
0.00528084
0.00535513
0.00543009
0.00550563
0.00558167
0.00565814
0.00573491
0.0058119
0.00588899
0.00596605
0.00604294
0.00611953
0.00619566
0.00627118
0.0063459
0.00641966
0.00649227
0.00656353
0.00663324
0.00670119
0.00676717
0.00683096
0.00689235
0.00695111
0.00700704
0.0070599
0.00710949
0.00715561
0.00719806
0.00723666
0.00727124
0.00730163
0.00732771
0.00734935
0.00736646
0.00737895
0.00738679
0.00738993
0.00738838
0.00738216
0.0073713
0.0073559
0.00733602
0.0073118
0.00728337
0.00725088
0.0072145
0.00717443
0.00713085
0.00708398
0.00703403
0.00698124
0.00692582
0.00686802
0.00680806
0.00674618
0.00668261
0.00661758
0.00655132
0.00648406
0.00641603
0.00634744
0.00627853
0.0062095
0.00614059
0.00607201
0.00600401
0.0059368
0.00587065
0.0058058
0.00574253
0.00568113
0.00562194
0.00556531
0.00551164
0.00546141
0.00541513
0.00537342
0.00533698
0.00530662
0.00528324
0.00526784
0.00526104
0.00456689
0.00463179
0.00469768
0.00476451
0.00483227
0.0049009
0.00497037
0.00504062
0.00511161
0.00518328
0.00525556
0.00532837
0.00540164
0.00547528
0.0055492
0.00562329
0.00569745
0.00577155
0.00584546
0.00591906
0.00599219
0.00606471
0.00613645
0.00620724
0.00627691
0.00634527
0.00641213
0.0064773
0.00654057
0.00660175
0.00666062
0.00671699
0.00677064
0.00682138
0.00686901
0.00691334
0.00695418
0.00699136
0.00702473
0.00705414
0.00707945
0.00710057
0.00711739
0.00712984
0.00713788
0.00714147
0.00714061
0.00713532
0.00712564
0.00711164
0.00709339
0.00707101
0.00704461
0.00701435
0.00698037
0.00694286
0.00690199
0.00685796
0.00681098
0.00676126
0.00670902
0.00665447
0.00659784
0.00653935
0.00647923
0.0064177
0.006355
0.00629133
0.00622694
0.00616203
0.00609684
0.0060316
0.00596653
0.00590186
0.00583785
0.00577473
0.00571278
0.00565227
0.00559351
0.00553683
0.00548258
0.00543118
0.00538308
0.0053388
0.00529894
0.00526416
0.00523525
0.00521303
0.00519843
0.00519203
0.00435539
0.00441725
0.00448006
0.0045438
0.00460843
0.00467393
0.00474025
0.00480735
0.00487519
0.00494372
0.00501287
0.00508259
0.0051528
0.00522342
0.00529438
0.00536558
0.00543692
0.0055083
0.00557961
0.00565071
0.00572149
0.0057918
0.0058615
0.00593044
0.00599845
0.00606537
0.00613102
0.00619523
0.0062578
0.00631856
0.0063773
0.00643385
0.006488
0.00653956
0.00658834
0.00663416
0.00667684
0.00671621
0.00675211
0.00678438
0.0068129
0.00683754
0.00685819
0.00687477
0.00688721
0.00689546
0.00689949
0.00689931
0.00689491
0.00688635
0.00687367
0.00685696
0.00683631
0.00681183
0.00678366
0.00675194
0.00671684
0.00667853
0.00663719
0.00659301
0.0065462
0.00649696
0.0064455
0.00639204
0.00633679
0.00627997
0.00622181
0.00616252
0.00610233
0.00604147
0.00598015
0.00591861
0.00585709
0.00579581
0.00573503
0.00567501
0.005616
0.0055583
0.00550222
0.00544808
0.00539625
0.00534713
0.00530119
0.00525891
0.00522089
0.00518776
0.00516026
0.00513917
0.00512535
0.00511933
0.00414976
0.00420872
0.0042686
0.00432937
0.00439103
0.00445353
0.00451684
0.00458093
0.00464576
0.00471128
0.00477744
0.00484418
0.00491144
0.00497916
0.00504726
0.00511566
0.00518427
0.005253
0.00532174
0.00539039
0.00545884
0.00552695
0.00559459
0.00566163
0.00572793
0.00579332
0.00585766
0.00592077
0.00598249
0.00604264
0.00610104
0.00615753
0.0062119
0.00626398
0.0063136
0.00636057
0.00640472
0.00644588
0.00648389
0.0065186
0.00654987
0.00657758
0.0066016
0.00662183
0.00663821
0.00665065
0.00665912
0.00666358
0.00666403
0.00666049
0.00665298
0.00664155
0.00662628
0.00660726
0.00658458
0.00655838
0.0065288
0.00649597
0.00646007
0.00642126
0.00637973
0.00633568
0.00628929
0.00624077
0.00619033
0.00613818
0.00608454
0.00602962
0.00597363
0.00591682
0.00585939
0.00580159
0.00574364
0.00568579
0.00562829
0.00557139
0.00551537
0.00546053
0.00540715
0.00535559
0.0053062
0.00525939
0.0052156
0.00517533
0.00513913
0.00510764
0.00508152
0.00506153
0.00504847
0.00504281
0.00395
0.00400618
0.00406325
0.0041212
0.00418
0.00423963
0.00430006
0.00436126
0.0044232
0.00448583
0.00454911
0.00461298
0.00467741
0.00474232
0.00480765
0.00487333
0.00493928
0.00500541
0.00507165
0.00513788
0.00520401
0.00526992
0.0053355
0.00540062
0.00546514
0.00552894
0.00559186
0.00565376
0.00571448
0.00577386
0.00583173
0.00588793
0.00594228
0.00599462
0.00604477
0.00609257
0.00613785
0.00618044
0.00622018
0.00625693
0.00629054
0.00632088
0.00634783
0.00637128
0.00639113
0.00640732
0.00641977
0.00642844
0.00643331
0.00643436
0.00643161
0.00642509
0.00641484
0.00640092
0.00638343
0.00636245
0.0063381
0.00631051
0.00627983
0.0062462
0.00620979
0.00617077
0.00612933
0.00608566
0.00603995
0.00599241
0.00594323
0.00589264
0.00584085
0.00578808
0.00573455
0.00568049
0.00562614
0.00557174
0.00551754
0.00546381
0.00541081
0.00535884
0.0053082
0.00525924
0.00521231
0.00516782
0.00512619
0.00508793
0.00505355
0.00502366
0.00499891
0.00498
0.00496766
0.00496236
0.00375609
0.0038096
0.00386398
0.00391922
0.00397528
0.00403216
0.00408982
0.00414825
0.0042074
0.00426724
0.00432775
0.00438886
0.00445054
0.00451273
0.00457537
0.0046384
0.00470176
0.00476536
0.00482912
0.00489297
0.0049568
0.00502052
0.00508402
0.00514718
0.0052099
0.00527203
0.00533346
0.00539403
0.00545362
0.00551207
0.00556924
0.00562495
0.00567907
0.00573141
0.00578184
0.00583017
0.00587626
0.00591994
0.00596106
0.00599947
0.00603503
0.0060676
0.00609707
0.00612331
0.00614622
0.00616571
0.00618172
0.00619417
0.00620303
0.00620827
0.00620989
0.00620788
0.00620227
0.00619312
0.00618047
0.0061644
0.00614501
0.0061224
0.0060967
0.00606803
0.00603655
0.00600241
0.00596578
0.00592683
0.00588574
0.00584272
0.00579795
0.00575164
0.00570401
0.00565525
0.00560561
0.00555529
0.00550455
0.00545361
0.00540273
0.00535217
0.00530221
0.00525314
0.00520526
0.00515892
0.00511447
0.0050723
0.00503284
0.00499657
0.00496401
0.00493571
0.0049123
0.00489444
0.00488281
0.00487785
0.00356799
0.00361894
0.00367074
0.00372336
0.0037768
0.00383102
0.00388602
0.00394177
0.00399824
0.0040554
0.00411322
0.00417165
0.00423067
0.00429022
0.00435025
0.0044107
0.00447152
0.00453263
0.00459397
0.00465546
0.00471701
0.00477854
0.00483995
0.00490114
0.00496199
0.00502241
0.00508226
0.00514142
0.00519976
0.00525715
0.00531345
0.0053685
0.00542217
0.0054743
0.00552475
0.00557335
0.00561996
0.00566442
0.00570659
0.00574631
0.00578346
0.00581789
0.00584948
0.00587811
0.00590367
0.00592606
0.0059452
0.00596103
0.00597347
0.00598249
0.00598807
0.0059902
0.00598887
0.00598412
0.00597598
0.00596451
0.00594978
0.00593188
0.0059109
0.00588697
0.00586021
0.00583075
0.00579876
0.00576439
0.00572781
0.00568921
0.00564876
0.00560667
0.00556313
0.00551836
0.00547257
0.00542598
0.00537882
0.00533134
0.00528379
0.00523641
0.0051895
0.00514334
0.00509824
0.00505452
0.00501255
0.00497271
0.00493542
0.00490114
0.00487037
0.00484365
0.00482156
0.00480472
0.00479379
0.00478915
0.00338566
0.00343415
0.00348345
0.00353356
0.00358446
0.00363613
0.00368855
0.00374172
0.00379559
0.00385015
0.00390537
0.00396122
0.00401765
0.00407463
0.00413211
0.00419004
0.00424838
0.00430705
0.004366
0.00442516
0.00448445
0.00454379
0.0046031
0.00466228
0.00472125
0.00477989
0.00483809
0.00489575
0.00495275
0.00500895
0.00506423
0.00511846
0.0051715
0.00522322
0.00527346
0.00532208
0.00536894
0.0054139
0.00545681
0.00549753
0.00553592
0.00557186
0.0056052
0.00563584
0.00566366
0.00568856
0.00571045
0.00572924
0.00574487
0.00575728
0.00576643
0.00577231
0.00577489
0.00577419
0.00577022
0.00576302
0.00575265
0.00573916
0.00572265
0.00570321
0.00568094
0.00565598
0.00562844
0.00559849
0.00556628
0.00553197
0.00549574
0.00545777
0.00541826
0.00537741
0.00533543
0.00529253
0.00524894
0.0052049
0.00516066
0.00511647
0.00507261
0.00502936
0.00498703
0.00494594
0.00490645
0.00486894
0.00483381
0.00480151
0.00477251
0.00474734
0.00472655
0.00471073
0.00470047
0.00469615
0.00320902
0.00325513
0.00330204
0.00334972
0.00339816
0.00344737
0.00349731
0.00354797
0.00359933
0.00365138
0.00370407
0.0037574
0.00381131
0.00386579
0.00392078
0.00397625
0.00403215
0.00408842
0.00414502
0.00420187
0.00425891
0.00431607
0.00437327
0.00443044
0.00448747
0.00454429
0.00460079
0.00465687
0.00471242
0.00476732
0.00482146
0.00487472
0.00492697
0.00497807
0.0050279
0.00507632
0.00512319
0.00516838
0.00521175
0.00525316
0.00529249
0.00532959
0.00536435
0.00539665
0.00542636
0.00545339
0.00547764
0.00549901
0.00551744
0.00553286
0.00554522
0.00555447
0.0055606
0.00556359
0.00556344
0.00556019
0.00555386
0.0055445
0.00553217
0.00551696
0.00549895
0.00547825
0.00545498
0.00542927
0.00540126
0.00537111
0.00533897
0.00530503
0.00526945
0.00523245
0.00519421
0.00515495
0.00511489
0.00507426
0.00503331
0.00499228
0.00495146
0.00491111
0.00487154
0.00483308
0.00479606
0.00476087
0.00472788
0.00469754
0.00467031
0.00464667
0.00462716
0.00461232
0.00460273
0.00459872
0.003038
0.00308182
0.0031264
0.00317173
0.00321781
0.00326462
0.00331215
0.00336039
0.00340932
0.00345892
0.00350916
0.00356003
0.0036115
0.00366353
0.00371609
0.00376915
0.00382265
0.00387657
0.00393083
0.0039854
0.0040402
0.00409519
0.00415028
0.0042054
0.00426049
0.00431544
0.00437018
0.0044246
0.00447862
0.00453212
0.004585
0.00463715
0.00468845
0.00473877
0.004788
0.004836
0.00488266
0.00492784
0.00497141
0.00501324
0.0050532
0.00509117
0.00512702
0.00516063
0.0051919
0.0052207
0.00524695
0.00527054
0.0052914
0.00530945
0.00532463
0.0053369
0.00534621
0.00535254
0.00535588
0.00535624
0.00535364
0.00534809
0.00533967
0.00532842
0.00531441
0.00529775
0.00527853
0.00525687
0.00523289
0.00520673
0.00517854
0.00514849
0.00511675
0.0050835
0.00504892
0.00501324
0.00497665
0.00493939
0.00490169
0.00486379
0.00482598
0.00478851
0.00475169
0.00471583
0.00468128
0.00464838
0.00461752
0.00458913
0.00456363
0.00454151
0.00452325
0.00450938
0.00450043
0.00449672
0.00287249
0.00291409
0.00295643
0.00299949
0.00304327
0.00308777
0.00313296
0.00317885
0.00322541
0.00327263
0.00332049
0.00336897
0.00341804
0.00346768
0.00351786
0.00356855
0.0036197
0.00367129
0.00372325
0.00377555
0.00382814
0.00388095
0.00393392
0.00398699
0.00404009
0.00409314
0.00414607
0.00419878
0.00425119
0.0043032
0.00435471
0.00440562
0.00445583
0.00450522
0.00455367
0.00460108
0.00464731
0.00469225
0.00473578
0.00477776
0.00481809
0.00485663
0.00489327
0.00492789
0.00496038
0.00499062
0.00501852
0.00504398
0.00506691
0.00508724
0.00510489
0.00511981
0.00513195
0.00514128
0.00514776
0.0051514
0.0051522
0.00515017
0.00514535
0.00513778
0.00512753
0.00511466
0.00509926
0.00508143
0.00506128
0.00503895
0.00501456
0.00498826
0.00496022
0.00493061
0.00489961
0.00486741
0.00483422
0.00480026
0.00476576
0.00473095
0.00469611
0.00466149
0.00462739
0.00459412
0.00456199
0.00453137
0.00450262
0.00447614
0.00445236
0.00443173
0.0044147
0.00440178
0.00439346
0.00439004
0.0027124
0.00275185
0.002792
0.00283286
0.00287442
0.00291666
0.00295959
0.00300318
0.00304744
0.00309234
0.00313788
0.00318402
0.00323076
0.00327806
0.00332591
0.00337427
0.00342311
0.00347239
0.00352209
0.00357214
0.00362252
0.00367316
0.00372401
0.00377501
0.00382611
0.00387722
0.00392829
0.00397922
0.00402995
0.00408038
0.00413043
0.00418
0.00422899
0.0042773
0.00432482
0.00437144
0.00441706
0.00446156
0.00450482
0.00454673
0.00458716
0.00462601
0.00466316
0.00469848
0.00473188
0.00476325
0.00479247
0.00481946
0.00484413
0.00486639
0.00488616
0.00490339
0.00491801
0.00492999
0.00493928
0.00494587
0.00494976
0.00495093
0.00494942
0.00494525
0.00493847
0.00492913
0.00491731
0.00490309
0.00488658
0.00486787
0.0048471
0.0048244
0.00479993
0.00477383
0.00474628
0.00471747
0.0046876
0.00465686
0.00462549
0.00459372
0.0045618
0.00452998
0.00449856
0.00446783
0.00443811
0.00440973
0.00438306
0.00435847
0.00433638
0.0043172
0.00430139
0.00428939
0.00428168
0.00427855
0.00255758
0.00259494
0.00263298
0.0026717
0.00271109
0.00275115
0.00279187
0.00283324
0.00287525
0.00291789
0.00296116
0.00300502
0.00304947
0.00309448
0.00314003
0.00318611
0.00323267
0.00327969
0.00332713
0.00337496
0.00342314
0.00347161
0.00352034
0.00356926
0.00361833
0.00366748
0.00371664
0.00376575
0.00381474
0.00386352
0.00391201
0.00396013
0.00400779
0.00405488
0.00410133
0.00414702
0.00419184
0.00423571
0.00427849
0.0043201
0.00436041
0.00439931
0.0044367
0.00447245
0.00450648
0.00453866
0.00456891
0.00459711
0.00462318
0.00464704
0.0046686
0.0046878
0.00470457
0.00471886
0.00473063
0.00473984
0.00474649
0.00475056
0.00475205
0.00475099
0.0047474
0.00474133
0.00473284
0.004722
0.0047089
0.00469362
0.00467628
0.00465701
0.00463593
0.00461321
0.00458899
0.00456346
0.00453679
0.00450919
0.00448087
0.00445206
0.00442299
0.00439393
0.00436514
0.0043369
0.00430954
0.00428337
0.00425874
0.00423601
0.00421556
0.00419782
0.00418318
0.00417209
0.00416498
0.00416212
0.0024079
0.00244323
0.00247922
0.00251586
0.00255315
0.00259108
0.00262964
0.00266884
0.00270867
0.0027491
0.00279014
0.00283177
0.00287398
0.00291675
0.00296005
0.00300387
0.00304819
0.00309297
0.00313819
0.00318381
0.00322979
0.00327611
0.00332271
0.00336954
0.00341656
0.00346372
0.00351095
0.00355818
0.00360537
0.00365242
0.00369928
0.00374586
0.00379207
0.00383784
0.00388308
0.00392768
0.00397155
0.0040146
0.00405673
0.00409783
0.00413779
0.00417651
0.00421389
0.00424982
0.0042842
0.00431692
0.00434789
0.004377
0.00440417
0.00442931
0.00445234
0.00447318
0.00449177
0.00450804
0.00452196
0.00453348
0.00454257
0.00454922
0.00455341
0.00455516
0.00455449
0.00455142
0.004546
0.0045383
0.00452837
0.0045163
0.00450219
0.00448616
0.00446832
0.0044488
0.00442777
0.00440538
0.0043818
0.00435723
0.00433187
0.00430593
0.00427965
0.00425326
0.00422704
0.00420125
0.00417619
0.00415218
0.00412954
0.00410863
0.00408981
0.00407345
0.00405997
0.00404976
0.00404323
0.00404063
0.0022632
0.00229656
0.00233056
0.00236517
0.00240041
0.00243626
0.00247273
0.00250981
0.0025475
0.00258578
0.00262465
0.00266409
0.0027041
0.00274466
0.00278575
0.00282735
0.00286945
0.00291202
0.00295504
0.00299846
0.00304227
0.00308643
0.0031309
0.00317564
0.0032206
0.00326573
0.00331099
0.00335631
0.00340164
0.00344692
0.00349206
0.00353701
0.00358169
0.00362602
0.00366992
0.0037133
0.00375608
0.00379815
0.00383944
0.00387984
0.00391925
0.00395758
0.00399472
0.00403058
0.00406506
0.00409805
0.00412946
0.00415919
0.00418717
0.00421328
0.00423747
0.00425964
0.00427973
0.00429767
0.00431342
0.00432693
0.00433815
0.00434707
0.00435366
0.00435793
0.00435988
0.00435954
0.00435693
0.0043521
0.00434511
0.00433602
0.00432493
0.00431194
0.00429714
0.00428067
0.00426266
0.00424327
0.00422265
0.00420099
0.00417848
0.00415532
0.00413172
0.00410794
0.00408421
0.00406079
0.00403798
0.00401608
0.00399538
0.00397624
0.00395899
0.003944
0.00393164
0.00392228
0.00391632
0.00391397
0.00212331
0.00215476
0.0021868
0.00221945
0.00225269
0.00228652
0.00232094
0.00235595
0.00239155
0.00242772
0.00246446
0.00250176
0.00253961
0.002578
0.00261691
0.00265634
0.00269625
0.00273663
0.00277746
0.00281871
0.00286036
0.00290237
0.00294471
0.00298734
0.00303022
0.00307332
0.00311657
0.00315994
0.00320337
0.0032468
0.00329017
0.00333342
0.00337647
0.00341926
0.00346171
0.00350375
0.00354528
0.00358624
0.00362652
0.00366605
0.00370472
0.00374245
0.00377914
0.0038147
0.00384903
0.00388205
0.00391364
0.00394373
0.00397222
0.00399903
0.00402407
0.00404727
0.00406856
0.00408786
0.00410513
0.00412031
0.00413336
0.00414424
0.00415293
0.00415943
0.00416372
0.00416581
0.00416574
0.00416353
0.00415922
0.00415289
0.00414459
0.00413442
0.00412247
0.00410886
0.00409371
0.00407716
0.00405936
0.00404047
0.00402068
0.00400018
0.00397918
0.0039579
0.00393658
0.00391547
0.00389483
0.00387497
0.00385616
0.00383874
0.00382302
0.00380934
0.00379807
0.00378954
0.00378412
0.00378202
0.00198804
0.00201762
0.00204778
0.0020785
0.00210979
0.00214164
0.00217407
0.00220706
0.00224061
0.00227471
0.00230937
0.00234456
0.0023803
0.00241655
0.00245332
0.00249059
0.00252834
0.00256656
0.00260523
0.00264432
0.00268381
0.00272368
0.00276389
0.00280441
0.0028452
0.00288624
0.00292747
0.00296885
0.00301033
0.00305187
0.0030934
0.00313487
0.00317622
0.00321738
0.00325828
0.00329886
0.00333903
0.00337872
0.00341785
0.00345634
0.0034941
0.00353104
0.00356708
0.00360213
0.0036361
0.00366889
0.00370042
0.00373061
0.00375935
0.00378657
0.0038122
0.00383614
0.00385833
0.00387869
0.00389718
0.00391373
0.0039283
0.00394085
0.00395134
0.00395976
0.0039661
0.00397036
0.00397255
0.00397269
0.00397082
0.00396699
0.00396125
0.00395369
0.00394438
0.00393343
0.00392095
0.00390707
0.00389192
0.00387566
0.00385846
0.0038405
0.00382198
0.0038031
0.00378409
0.0037652
0.00374666
0.00372877
0.00371178
0.00369602
0.00368178
0.00366938
0.00365915
0.00365142
0.00364652
0.00364466
0.00185721
0.00188497
0.00191327
0.00194212
0.0019715
0.00200143
0.0020319
0.00206291
0.00209446
0.00212654
0.00215914
0.00219228
0.00222593
0.00226008
0.00229474
0.00232989
0.0023655
0.00240158
0.0024381
0.00247505
0.0025124
0.00255012
0.0025882
0.00262661
0.00266531
0.00270426
0.00274344
0.00278281
0.00282231
0.0028619
0.00290154
0.00294118
0.00298074
0.00302019
0.00305945
0.00309846
0.00313715
0.00317545
0.00321329
0.00325059
0.00328727
0.00332325
0.00335846
0.00339279
0.00342618
0.00345854
0.00348978
0.00351981
0.00354856
0.00357593
0.00360186
0.00362627
0.00364908
0.00367022
0.00368964
0.00370727
0.00372306
0.00373697
0.00374898
0.00375904
0.00376714
0.00377327
0.00377745
0.00377968
0.00377998
0.0037784
0.00377499
0.0037698
0.00376292
0.00375442
0.00374442
0.00373302
0.00372036
0.00370657
0.00369182
0.00367626
0.00366009
0.0036435
0.0036267
0.00360992
0.0035934
0.00357739
0.00356216
0.00354799
0.00353517
0.003524
0.00351478
0.00350781
0.00350342
0.00350178
0.00173059
0.00175658
0.00178307
0.00181009
0.00183761
0.00186565
0.00189421
0.00192328
0.00195286
0.00198296
0.00201356
0.00204466
0.00207626
0.00210835
0.00214092
0.00217397
0.00220748
0.00224144
0.00227583
0.00231065
0.00234586
0.00238146
0.00241741
0.00245369
0.00249028
0.00252715
0.00256426
0.00260157
0.00263906
0.00267667
0.00271437
0.0027521
0.00278982
0.00282747
0.002865
0.00290235
0.00293945
0.00297624
0.00301266
0.00304863
0.00308409
0.00311895
0.00315314
0.00318658
0.0032192
0.00325091
0.00328163
0.00331129
0.0033398
0.00336708
0.00339306
0.00341767
0.00344083
0.00346247
0.00348253
0.00350096
0.00351769
0.00353269
0.0035459
0.00355732
0.0035669
0.00357463
0.00358052
0.00358456
0.00358678
0.0035872
0.00358586
0.00358282
0.00357813
0.00357188
0.00356415
0.00355505
0.00354469
0.0035332
0.00352074
0.00350744
0.00349348
0.00347905
0.00346435
0.00344958
0.00343498
0.00342077
0.00340721
0.00339457
0.0033831
0.0033731
0.00336485
0.00335862
0.0033547
0.00335327
0.00160797
0.00163222
0.00165696
0.00168218
0.00170788
0.00173407
0.00176076
0.00178792
0.00181558
0.00184372
0.00187235
0.00190146
0.00193104
0.00196109
0.00199161
0.00202259
0.00205401
0.00208587
0.00211815
0.00215085
0.00218394
0.00221741
0.00225124
0.0022854
0.00231987
0.00235464
0.00238965
0.0024249
0.00246033
0.00249592
0.00253163
0.00256741
0.00260321
0.002639
0.00267472
0.00271032
0.00274574
0.00278091
0.00281579
0.00285031
0.00288439
0.00291798
0.00295099
0.00298337
0.00301503
0.0030459
0.0030759
0.00310496
0.00313301
0.00315997
0.00318576
0.00321032
0.00323356
0.00325544
0.00327588
0.00329482
0.00331222
0.00332801
0.00334217
0.00335465
0.00336543
0.00337448
0.00338181
0.0033874
0.00339126
0.00339343
0.00339392
0.00339277
0.00339005
0.00338582
0.00338016
0.00337315
0.00336491
0.00335555
0.0033452
0.003334
0.00332212
0.00330972
0.00329698
0.00328411
0.00327132
0.00325882
0.00324685
0.00323565
0.00322548
0.0032166
0.00320926
0.00320373
0.00320026
0.00319903
0.00148912
0.00151167
0.00153468
0.00155814
0.00158207
0.00160645
0.00163129
0.00165659
0.00168236
0.00170858
0.00173527
0.00176241
0.00179
0.00181805
0.00184654
0.00187546
0.00190482
0.0019346
0.00196479
0.00199538
0.00202636
0.00205771
0.00208941
0.00212145
0.0021538
0.00218644
0.00221935
0.0022525
0.00228586
0.00231939
0.00235306
0.00238684
0.00242068
0.00245454
0.00248837
0.00252214
0.00255578
0.00258924
0.00262246
0.0026554
0.00268799
0.00272016
0.00275185
0.00278299
0.00281352
0.00284337
0.00287246
0.00290073
0.0029281
0.00295451
0.00297988
0.00300415
0.00302724
0.0030491
0.00306965
0.00308885
0.00310663
0.00312296
0.00313778
0.00315105
0.00316275
0.00317286
0.00318135
0.00318822
0.00319347
0.00319712
0.00319918
0.0031997
0.00319871
0.00319627
0.00319245
0.00318734
0.00318101
0.00317359
0.00316518
0.00315592
0.00314596
0.00313544
0.00312455
0.00311346
0.00310236
0.00309147
0.00308099
0.00307116
0.00306221
0.00305438
0.00304791
0.00304304
0.00304
0.00303896
0.00137378
0.00139467
0.00141599
0.00143773
0.00145991
0.00148251
0.00150555
0.00152902
0.00155292
0.00157726
0.00160204
0.00162724
0.00165287
0.00167893
0.00170542
0.00173232
0.00175963
0.00178734
0.00181545
0.00184395
0.00187282
0.00190206
0.00193164
0.00196155
0.00199177
0.00202228
0.00205307
0.0020841
0.00211535
0.00214679
0.00217839
0.00221012
0.00224194
0.00227381
0.00230569
0.00233755
0.00236932
0.00240097
0.00243245
0.00246369
0.00249466
0.00252528
0.0025555
0.00258527
0.00261451
0.00264316
0.00267116
0.00269845
0.00272494
0.00275059
0.00277532
0.00279907
0.00282177
0.00284337
0.00286379
0.00288299
0.00290091
0.0029175
0.00293271
0.00294652
0.00295887
0.00296975
0.00297914
0.00298703
0.0029934
0.00299828
0.00300167
0.0030036
0.0030041
0.00300323
0.00300103
0.00299759
0.00299299
0.00298731
0.00298066
0.00297317
0.00296496
0.00295618
0.00294699
0.00293754
0.00292803
0.00291863
0.00290956
0.00290101
0.00289321
0.00288636
0.00288071
0.00287645
0.00287382
0.00287295
0.0012617
0.00128096
0.00130062
0.00132068
0.00134113
0.00136199
0.00138325
0.00140492
0.00142699
0.00144947
0.00147236
0.00149565
0.00151935
0.00154345
0.00156795
0.00159284
0.00161812
0.00164379
0.00166984
0.00169625
0.00172303
0.00175015
0.00177761
0.00180539
0.00183347
0.00186185
0.00189049
0.00191939
0.00194851
0.00197783
0.00200732
0.00203695
0.0020667
0.00209653
0.00212639
0.00215626
0.0021861
0.00221585
0.00224548
0.00227493
0.00230416
0.00233311
0.00236174
0.00238998
0.00241778
0.00244508
0.00247182
0.00249793
0.00252337
0.00254806
0.00257195
0.00259496
0.00261705
0.00263815
0.00265821
0.00267716
0.00269497
0.00271157
0.00272692
0.00274099
0.00275374
0.00276514
0.00277517
0.00278381
0.00279105
0.0027969
0.00280136
0.00280446
0.00280621
0.00280667
0.00280588
0.0028039
0.00280081
0.00279668
0.00279161
0.0027857
0.00277909
0.00277189
0.00276424
0.00275631
0.00274825
0.00274024
0.00273247
0.00272511
0.00271837
0.00271245
0.00270756
0.00270388
0.00270162
0.0027009
0.0011526
0.00117027
0.00118829
0.00120669
0.00122546
0.0012446
0.00126411
0.001284
0.00130427
0.00132492
0.00134594
0.00136735
0.00138913
0.00141129
0.00143382
0.00145672
0.00147999
0.00150363
0.00152762
0.00155196
0.00157664
0.00160165
0.00162699
0.00165264
0.00167858
0.00170481
0.0017313
0.00175803
0.001785
0.00181216
0.00183951
0.00186702
0.00189465
0.00192237
0.00195016
0.00197799
0.0020058
0.00203358
0.00206126
0.00208882
0.00211621
0.00214338
0.00217029
0.00219687
0.00222309
0.00224889
0.0022742
0.00229899
0.00232318
0.00234673
0.00236957
0.00239165
0.00241292
0.00243331
0.00245277
0.00247125
0.0024887
0.00250507
0.00252032
0.0025344
0.00254729
0.00255895
0.00256936
0.0025785
0.00258635
0.00259292
0.00259821
0.00260224
0.00260501
0.00260657
0.00260696
0.00260622
0.00260443
0.00260164
0.00259796
0.00259346
0.00258826
0.00258248
0.00257624
0.00256968
0.00256296
0.00255622
0.00254963
0.00254337
0.00253762
0.00253255
0.00252836
0.00252521
0.00252329
0.00252272
0.0010462
0.00106229
0.00107871
0.00109547
0.00111258
0.00113002
0.00114781
0.00116595
0.00118444
0.00120327
0.00122246
0.001242
0.00126188
0.00128212
0.0013027
0.00132363
0.0013449
0.00136651
0.00138845
0.00141073
0.00143332
0.00145623
0.00147944
0.00150295
0.00152674
0.00155081
0.00157513
0.00159969
0.00162447
0.00164946
0.00167463
0.00169996
0.00172543
0.00175101
0.00177667
0.00180238
0.00182811
0.00185382
0.00187949
0.00190507
0.00193052
0.0019558
0.00198086
0.00200567
0.00203017
0.00205432
0.00207806
0.00210136
0.00212414
0.00214637
0.00216799
0.00218894
0.00220918
0.00222865
0.0022473
0.00226508
0.00228195
0.00229786
0.00231276
0.00232663
0.00233941
0.00235109
0.00236163
0.00237102
0.00237924
0.00238629
0.00239216
0.00239687
0.00240043
0.00240286
0.0024042
0.00240449
0.00240378
0.00240215
0.00239965
0.00239639
0.00239244
0.00238791
0.00238292
0.00237759
0.00237206
0.00236647
0.00236097
0.00235571
0.00235086
0.00234657
0.00234302
0.00234037
0.00233876
0.00233831
0.000942193
0.000956727
0.000971568
0.000986717
0.00100218
0.00101795
0.00103404
0.00105044
0.00106716
0.00108421
0.00110157
0.00111926
0.00113726
0.00115559
0.00117423
0.0011932
0.00121248
0.00123208
0.00125198
0.00127219
0.0012927
0.0013135
0.00133459
0.00135595
0.00137758
0.00139947
0.0014216
0.00144397
0.00146655
0.00148933
0.00151229
0.00153541
0.00155867
0.00158206
0.00160553
0.00162907
0.00165265
0.00167624
0.0016998
0.00172331
0.00174672
0.00177001
0.00179313
0.00181604
0.0018387
0.00186107
0.0018831
0.00190475
0.00192597
0.00194671
0.00196693
0.00198657
0.00200559
0.00202395
0.00204159
0.00205846
0.00207453
0.00208976
0.00210409
0.0021175
0.00212994
0.0021414
0.00215184
0.00216124
0.00216959
0.00217687
0.00218309
0.00218825
0.00219236
0.00219544
0.00219751
0.00219861
0.00219879
0.0021981
0.00219661
0.00219438
0.0021915
0.00218807
0.00218418
0.00217994
0.00217548
0.00217091
0.00216638
0.00216202
0.00215798
0.00215441
0.00215144
0.00214923
0.0021479
0.00214756
0.000840249
0.00085325
0.000866526
0.00088008
0.000893915
0.000908031
0.000922433
0.00093712
0.000952096
0.00096736
0.000982915
0.000998761
0.0010149
0.00103133
0.00104805
0.00106506
0.00108236
0.00109994
0.00111781
0.00113595
0.00115438
0.00117307
0.00119202
0.00121124
0.0012307
0.0012504
0.00127033
0.00129047
0.00131083
0.00133137
0.00135209
0.00137296
0.00139398
0.00141511
0.00143635
0.00145766
0.00147902
0.00150041
0.0015218
0.00154315
0.00156445
0.00158564
0.00160671
0.00162762
0.00164832
0.00166878
0.00168897
0.00170883
0.00172834
0.00174744
0.00176609
0.00178425
0.00180188
0.00181894
0.00183537
0.00185114
0.00186621
0.00188053
0.00189408
0.00190681
0.0019187
0.00192971
0.00193981
0.001949
0.00195724
0.00196454
0.00197088
0.00197626
0.00198069
0.0019842
0.00198679
0.00198849
0.00198935
0.00198941
0.00198873
0.00198736
0.00198539
0.00198288
0.00197993
0.00197664
0.00197311
0.00196945
0.00196579
0.00196223
0.00195892
0.00195598
0.00195354
0.00195172
0.00195064
0.0019504
0.000740027
0.000751508
0.000763234
0.000775208
0.00078743
0.000799904
0.000812631
0.000825613
0.000838852
0.000852349
0.000866106
0.000880122
0.000894399
0.000908937
0.000923735
0.000938794
0.000954112
0.000969687
0.000985517
0.0010016
0.00101793
0.00103451
0.00105132
0.00106837
0.00108565
0.00110314
0.00112085
0.00113876
0.00115685
0.00117513
0.00119357
0.00121216
0.00123089
0.00124973
0.00126868
0.00128771
0.00130679
0.00132591
0.00134505
0.00136417
0.00138326
0.00140227
0.00142119
0.00143999
0.00145862
0.00147706
0.00149527
0.00151322
0.00153087
0.00154818
0.00156511
0.00158163
0.0015977
0.00161327
0.00162832
0.0016428
0.00165667
0.0016699
0.00168246
0.00169431
0.00170542
0.00171576
0.00172532
0.00173407
0.00174199
0.00174907
0.00175531
0.0017607
0.00176524
0.00176896
0.00177186
0.00177396
0.0017753
0.00177592
0.00177586
0.00177518
0.00177394
0.0017722
0.00177005
0.00176756
0.00176483
0.00176196
0.00175904
0.0017562
0.00175353
0.00175115
0.00174917
0.0017477
0.00174684
0.00174668
0.000641157
0.000651129
0.000661314
0.000671716
0.000682336
0.000693175
0.000704236
0.00071552
0.000727029
0.000738764
0.000750726
0.000762917
0.000775337
0.000787986
0.000800864
0.000813972
0.000827308
0.000840871
0.00085466
0.000868672
0.000882905
0.000897355
0.000912018
0.000926889
0.000941964
0.000957235
0.000972696
0.000988338
0.00100415
0.00102013
0.00103626
0.00105253
0.00106892
0.00108543
0.00110204
0.00111872
0.00113547
0.00115226
0.00116907
0.00118589
0.00120268
0.00121943
0.00123611
0.00125269
0.00126915
0.00128545
0.00130157
0.00131748
0.00133314
0.00134852
0.00136359
0.00137831
0.00139266
0.00140659
0.00142008
0.00143309
0.00144558
0.00145753
0.00146891
0.00147968
0.00148981
0.00149929
0.0015081
0.0015162
0.00152359
0.00153025
0.00153618
0.00154137
0.00154582
0.00154955
0.00155256
0.00155487
0.0015565
0.0015575
0.00155789
0.00155772
0.00155705
0.00155593
0.00155442
0.0015526
0.00155055
0.00154835
0.00154608
0.00154385
0.00154174
0.00153985
0.00153828
0.00153712
0.00153646
0.00153636
0.000543238
0.000551706
0.000560355
0.000569189
0.000578209
0.000587417
0.000596814
0.000606402
0.000616182
0.000626156
0.000636325
0.000646689
0.00065725
0.000668007
0.000678961
0.000690112
0.00070146
0.000713004
0.000724741
0.000736672
0.000748793
0.000761103
0.000773597
0.000786272
0.000799124
0.000812148
0.000825337
0.000838686
0.000852187
0.000865831
0.000879611
0.000893515
0.000907534
0.000921655
0.000935866
0.000950153
0.000964501
0.000978894
0.000993316
0.00100775
0.00102217
0.00103657
0.00105091
0.00106519
0.00107937
0.00109343
0.00110734
0.00112108
0.00113463
0.00114795
0.00116102
0.00117381
0.00118628
0.00119842
0.00121019
0.00122156
0.00123251
0.001243
0.00125301
0.00126252
0.0012715
0.00127992
0.00128778
0.00129505
0.00130171
0.00130775
0.00131318
0.00131797
0.00132214
0.00132569
0.00132862
0.00133095
0.0013327
0.00133389
0.00133457
0.00133475
0.00133449
0.00133384
0.00133284
0.00133156
0.00133007
0.00132842
0.00132671
0.001325
0.00132337
0.0013219
0.00132068
0.00131979
0.00131928
0.00131923
0.000445836
0.000452798
0.000459911
0.000467176
0.000474595
0.000482168
0.000489898
0.000497786
0.000505834
0.000514041
0.00052241
0.000530941
0.000539634
0.000548491
0.000557512
0.000566696
0.000576043
0.000585553
0.000595225
0.000605058
0.00061505
0.0006252
0.000635503
0.000645959
0.000656563
0.000667312
0.0006782
0.000689223
0.000700374
0.000711648
0.000723038
0.000734534
0.00074613
0.000757814
0.000769578
0.00078141
0.000793298
0.000805229
0.00081719
0.000829166
0.000841142
0.000853101
0.000865027
0.000876901
0.000888705
0.000900418
0.00091202
0.000923489
0.000934805
0.000945944
0.000956883
0.000967599
0.000978067
0.000988265
0.000998167
0.00100775
0.00101699
0.00102587
0.00103435
0.00104243
0.00105008
0.00105727
0.00106401
0.00107026
0.00107602
0.00108127
0.00108601
0.00109023
0.00109394
0.00109713
0.00109981
0.001102
0.0011037
0.00110494
0.00110574
0.00110613
0.00110615
0.00110583
0.00110522
0.00110436
0.00110331
0.00110213
0.00110087
0.0010996
0.00109839
0.00109729
0.00109637
0.0010957
0.00109533
0.00109532
0.00034847
0.00035392
0.000359488
0.000365176
0.000370985
0.000376915
0.000382969
0.000389146
0.000395449
0.000401878
0.000408434
0.000415118
0.00042193
0.000428871
0.000435941
0.00044314
0.000450468
0.000457924
0.000465509
0.000473221
0.000481059
0.000489022
0.000497108
0.000505314
0.000513639
0.000522078
0.00053063
0.000539289
0.000548051
0.000556912
0.000565865
0.000574906
0.000584027
0.000593222
0.000602481
0.000611797
0.000621161
0.000630563
0.000639992
0.000649438
0.000658887
0.000668329
0.000677748
0.000687132
0.000696465
0.000705733
0.000714919
0.000724007
0.000732979
0.000741818
0.000750506
0.000759025
0.000767356
0.000775479
0.000783377
0.00079103
0.000798419
0.000805526
0.000812334
0.000818825
0.000824984
0.000830794
0.000836242
0.000841315
0.000846003
0.000850298
0.000854192
0.000857681
0.000860765
0.000863443
0.000865722
0.000867608
0.000869112
0.00087025
0.000871039
0.000871502
0.000871666
0.000871559
0.000871215
0.000870672
0.00086997
0.000869153
0.000868268
0.000867363
0.000866488
0.000865694
0.000865032
0.00086455
0.000864292
0.000864304
0.000250608
0.000254532
0.000258542
0.000262637
0.000266821
0.000271092
0.000275452
0.000279901
0.000284442
0.000289073
0.000293797
0.000298612
0.000303521
0.000308523
0.000313618
0.000318807
0.000324089
0.000329465
0.000334934
0.000340495
0.000346148
0.000351892
0.000357725
0.000363646
0.000369653
0.000375745
0.000381918
0.000388169
0.000394497
0.000400897
0.000407366
0.000413899
0.000420491
0.000427138
0.000433834
0.000440573
0.000447348
0.000454153
0.00046098
0.000467821
0.000474667
0.00048151
0.00048834
0.000495147
0.00050192
0.000508649
0.000515322
0.000521928
0.000528453
0.000534886
0.000541213
0.000547421
0.000553497
0.000559426
0.000565196
0.000570793
0.000576202
0.000581412
0.000586408
0.000591178
0.000595711
0.000599995
0.00060402
0.000607777
0.000611257
0.000614455
0.000617364
0.000619983
0.000622309
0.000624342
0.000626087
0.000627547
0.000628731
0.000629648
0.000630312
0.000630737
0.000630944
0.000630951
0.000630784
0.000630469
0.000630035
0.000629513
0.000628936
0.000628339
0.000627758
0.000627228
0.000626787
0.000626468
0.000626304
0.000626327
0.000151648
0.000154024
0.000156452
0.000158933
0.000161466
0.000164053
0.000166694
0.000169389
0.00017214
0.000174945
0.000177807
0.000180724
0.000183698
0.000186729
0.000189817
0.000192961
0.000196163
0.000199421
0.000202736
0.000206107
0.000209534
0.000213017
0.000216553
0.000220144
0.000223787
0.000227482
0.000231226
0.000235019
0.000238859
0.000242743
0.000246668
0.000250634
0.000254636
0.000258672
0.000262739
0.000266832
0.000270948
0.000275083
0.000279232
0.000283391
0.000287554
0.000291716
0.000295871
0.000300014
0.000304137
0.000308234
0.000312299
0.000316324
0.000320302
0.000324225
0.000328085
0.000331874
0.000335585
0.000339208
0.000342736
0.000346159
0.000349471
0.000352662
0.000355726
0.000358653
0.000361438
0.000364072
0.000366551
0.000368867
0.000371017
0.000372995
0.000374799
0.000376427
0.000377877
0.00037915
0.000380248
0.000381172
0.000381929
0.000382522
0.000382961
0.000383255
0.000383414
0.000383451
0.000383381
0.000383219
0.000382982
0.000382691
0.000382363
0.000382021
0.000381685
0.000381379
0.000381123
0.000380939
0.00038085
0.000380852
5.09122e-05
5.17101e-05
5.25255e-05
5.33585e-05
5.42093e-05
5.50781e-05
5.5965e-05
5.68703e-05
5.77941e-05
5.87365e-05
5.96978e-05
6.06779e-05
6.1677e-05
6.26953e-05
6.37326e-05
6.47892e-05
6.5865e-05
6.69599e-05
6.80739e-05
6.92069e-05
7.03587e-05
7.15292e-05
7.27181e-05
7.39251e-05
7.51499e-05
7.6392e-05
7.7651e-05
7.89264e-05
8.02175e-05
8.15237e-05
8.28441e-05
8.4178e-05
8.55244e-05
8.68822e-05
8.82505e-05
8.9628e-05
9.10133e-05
9.24052e-05
9.3802e-05
9.52022e-05
9.66042e-05
9.8006e-05
9.94058e-05
0.000100802
0.000102191
0.000103572
0.000104943
0.0001063
0.000107642
0.000108966
0.000110269
0.000111548
0.000112802
0.000114026
0.000115218
0.000116376
0.000117497
0.000118577
0.000119615
0.000120607
0.000121552
0.000122446
0.000123288
0.000124076
0.000124808
0.000125483
0.000126099
0.000126657
0.000127154
0.000127592
0.000127972
0.000128293
0.000128557
0.000128767
0.000128924
0.000129033
0.000129096
0.000129118
0.000129104
0.000129059
0.000128988
0.000128898
0.000128796
0.000128689
0.000128584
0.000128488
0.000128408
0.000128353
0.000128333
0.000128332
)
;

boundaryField
{
    inlet
    {
        type            calculated;
        value           uniform 0;
    }
    outlet
    {
        type            calculated;
        value           nonuniform List<scalar> 
80
(
0.00018041
0.000694145
0.00132551
0.00204838
0.00279534
0.00350548
0.00412704
0.00463249
0.00501927
0.00530182
0.00550241
0.00564384
0.00574509
0.00581969
0.0058763
0.00592008
0.00595404
0.00598008
0.00599946
0.00601315
0.00602187
0.00602623
0.0060267
0.00602365
0.00601738
0.00600813
0.00599606
0.00598129
0.00596393
0.00594402
0.0059216
0.00589668
0.00586925
0.00583929
0.00580677
0.00577164
0.00573385
0.00569333
0.00565
0.00560381
0.00555464
0.00550243
0.00544706
0.00538845
0.00532648
0.00526104
0.00519203
0.00511933
0.00504281
0.00496236
0.00487785
0.00478915
0.00469615
0.00459872
0.00449672
0.00439004
0.00427855
0.00416212
0.00404063
0.00391397
0.00378202
0.00364466
0.00350178
0.00335327
0.00319903
0.00303896
0.00287295
0.0027009
0.00252272
0.00233831
0.00214756
0.0019504
0.00174668
0.00153636
0.00131923
0.00109532
0.000864304
0.000626327
0.000380852
0.000128332
)
;
    }
    topWall
    {
        type            calculated;
        value           uniform 0;
    }
    symmetry
    {
        type            calculated;
        value           uniform 0;
    }
    bottomWall
    {
        type            calculated;
        value           uniform 0;
    }
    frontAndBack
    {
        type            empty;
    }
}


// ************************************************************************* //
